VEGFB	0.02798005360802502
SERPINF1	0.027544126145724056
RP11-1070N10.3	0.026890664434361524
RP11-117D22.2	0.02673822965336127
STAB1	0.02669679901595949
COPZ2	0.02561583748900895
HOXB-AS1	0.025452382224374046
CALHM2	0.02540491882942224
C9orf139	0.025313661679916603
MS4A4E	0.025220881591423366
HOXC8	0.025149805941097548
AP000476.1	0.02500605253461741
ZCCHC24	0.02477030087931692
KLRG1	0.02469598381797848
AP001257.1	0.024546442683057463
LYL1	0.024536606604483317
PLVAP	0.02446753088613253
CD248	0.024365102039610197
LINC00528	0.024310344787400233
IL10RA	0.024200578995698475
ANGPTL2	0.02411633315305405
MPEG1	0.024022895345005235
CTC-378H22.2	0.02392488471621935
CD200R1	0.023529357495246102
RP11-848P1.3	0.023427496100315262
RP11-644F5.10	0.023274863593011934
RP11-834C11.7	0.023192584995366
RP11-524N5.1	0.02318115117789156
RP11-1094M14.8	0.022774518332127066
RP5-1115A15.1	0.02273628376310136
MIR142	0.022677899170230054
VENTX	0.02264635760000589
RP11-733O18.1	0.022603563685632717
FADS3	0.02255273506737983
FFAR3	0.022515335491629315
RP3-333A15.1	0.022506971269397852
DPT	0.022437503683760723
PLEKHO2	0.022397456049252557
LINC01260	0.022321480898331105
TWIST2	0.02230594939527117
EBI3	0.02216655389279253
TMEM119	0.022140548901495968
RP11-57J16.1	0.022128023355973123
FUT7	0.021995271863791167
MSC-AS1	0.021981843009407892
NRROS	0.021966417191253258
CTC-378H22.1	0.02194385290912131
P2RY8	0.021930911410853605
ADM5	0.02179092574600191
MARCH2	0.021768363286255168
LAT	0.021683471223184096
WAS	0.02167646332512494
RDH5	0.021674194200902983
LIPE	0.021635861091472648
BOK	0.021580049476300683
CFD	0.02153419021782249
AK7	0.021513959728670852
MEIG1	0.021484519778626202
RP11-222K16.2	0.02139216274253655
CILP	0.02137940384168159
TRAC	0.02136403792436217
WISP2	0.021360784504857715
RP11-175K6.2	0.021337061731298675
GZMK	0.021328718951926104
MFAP5	0.02129339315787218
SIT1	0.021267747162984758
EFCAB1	0.02126449855494308
HCLS1	0.021249756031113714
EFCAB10	0.02123570820343491
G0S2	0.021223048432778138
PLIN4	0.021221300734648545
LINC00861	0.02118094888706957
CTD-2313F11.1	0.02114326230053435
LINC00926	0.021127547291420447
RP11-32D16.1	0.021116715173241846
CXorf21	0.02110926514068615
FSTL1	0.020988183916671132
CTD-3247H4.2	0.020984500059717585
OAF	0.020969741696050193
AC002398.12	0.02095536327158495
RP11-26N15.2	0.020886172236965664
TNFRSF4	0.020832043893996954
TRAF1	0.02081891842313522
RP11-268F1.3	0.02064069070814545
SNTN	0.020619872051133
MAFB	0.02055429070898228
SELL	0.02053849411841782
RP11-445F6.2	0.020514522425796607
CXCR3	0.020501091757290986
FABP4	0.020478553473201398
RP11-225H22.4	0.020469067032588027
TNFAIP8	0.020465712504238082
LINC00264	0.02046280754380399
CDC42EP2	0.02040870869493988
RP5-1028K7.2	0.02039412358935632
RP11-756G20.1	0.020393151050657
TUSC5	0.020389651651058754
CTSG	0.02036011300532201
HSD11B1	0.02033559454978841
CEBPA	0.020315729936613642
FAM216B	0.02030515848218083
CYGB	0.02029406228898045
CD164L2	0.02028286952255882
RP11-175K6.1	0.020274189780088114
PCOLCE2	0.02027291118087812
CCR7	0.020258248848620267
RP11-524D16__A.3	0.020220814926760467
RP11-1094M14.5	0.0201892405435061
IRF8	0.020161631608956666
ADORA2BP1	0.020161566425287436
CIDEC	0.020158833539570258
CLECL1	0.020150013958706026
FAM81B	0.0201494996180391
CTD-2263F21.1	0.020127813809599753
XPNPEP2	0.020117604427742374
MIR193BHG	0.02011298907593588
ACSM5	0.020102175371132472
LIMD2	0.02009363650797798
TNFSF8	0.0200598927200405
RP11-3B7.1	0.02005342948354737
TRBC2	0.02004480722740278
FAM183A	0.02004211179459103
RP11-18H21.1	0.019990450771967438
RP11-798K3.2	0.01998325771433595
RP11-696F12.1	0.01998202947114613
C14orf180	0.019978041148067813
SAXO2	0.01997032786577882
OR7E36P	0.019955059782212025
TNFRSF25	0.019943025335432654
TTC25	0.019925325548284113
C11orf97	0.019917929720889477
C10orf95	0.019912920024816913
LIPE-AS1	0.01990682328836584
LDLRAD1	0.019899749818612023
ANKRD66	0.019898703550158898
AC009133.17	0.01988943166725987
LTA	0.01988364133122014
LINC01485	0.019874864712779015
FAM180B	0.019857436521731105
NCF1C	0.019836123469976714
TMEM212	0.0198339212757667
SASH3	0.01980733587439869
PRSS36	0.019775996417133186
TMEM37	0.019768616521938228
CTD-2544H17.1	0.01975764439182047
TMEM140	0.019752458561730368
RP3-477O4.14	0.01974422815864056
MAF	0.019738208531962863
RP11-455F5.5	0.019733676436669775
TUBA4B	0.019724566271373156
FP325317.1	0.019715889782159893
TCTE1	0.01970341498739176
ACKR1	0.019680382116433866
RN7SL475P	0.019676800298588048
KCNRG	0.01965624388550366
RP5-1172A22.1	0.019652071408186433
RP11-651P23.5	0.019614007690795358
LRRC10B	0.019611559884843508
CCDC113	0.019599605712875917
CTD-2033D24.2	0.01959128310518461
RP11-407P15.2	0.019590475451217525
MMD	0.019573596288103522
MS4A8	0.01954508530681056
APOBEC4	0.01952998993366477
RP11-62F24.2	0.01952783611299411
MIR34C	0.019515436197933306
TCF15	0.01950017432121676
RP11-311H10.4	0.019485537877174375
RP1-302G2.5	0.01948322652902543
ZEB2-AS1	0.01947055295944046
RP5-864K19.4	0.019455632832537872
CFAP53	0.019453411403517355
OR51E1	0.019426956414727546
TRBV28	0.019425077862137898
AC010969.1	0.019399375190149858
TRBC1	0.01937770210874549
CD300LB	0.019338706685719523
ZNF831	0.019324877281907182
RP11-407P15.1	0.019324502602374984
CD3E	0.019313981580610387
WDR38	0.019294983250135567
DRC1	0.019255529493694683
LRRN4CL	0.01924939529520005
RP11-81H14.1	0.01924197632893791
C20orf85	0.019239080911965425
RP11-395E19.6	0.019230741704158966
PLA2G16	0.019220589059258292
RP11-553L6.2	0.019210553615239486
HTRA3	0.019204682592618632
PLIN5	0.019201948851814133
RP4-665N4.4	0.01920067868656221
AC022007.5	0.019138086060097988
RP11-568A7.2	0.019133156892095125
MIR155HG	0.019127726672963176
AC002480.5	0.01911633080566977
RP11-356K23.1	0.019108853576054702
RP4-666F24.3	0.019108361140527136
CD27	0.01909667205183081
ADAP2	0.019094672821353034
RP11-179B15.6	0.019091666150037837
RP11-275I14.4	0.019073668600462442
RP3-414A15.10	0.019049227815762952
NXNL1	0.019048618320645277
RP11-193M21.1	0.01903157418954622
CTC-441N14.1	0.019021262590155904
TRBJ2-7	0.019013707342160364
LEP	0.018992760010506583
RP4-539M6.14	0.018982979645245535
RP11-433O3.1	0.018977399021392876
RP11-330O11.3	0.01896769320167255
DTX1	0.018961602080061136
CD5	0.018949215015780327
SRGAP3-AS2	0.018914364892334383
RP11-30O15.1	0.01890516406063955
CXorf65	0.01889028108332738
RP5-965F6.2	0.01888986244006786
SH2B3	0.01888012757880407
MEDAG	0.018879751327009017
SPATA4	0.018875198394271257
AQP7P2	0.018874776715153915
BTG1P1	0.01887032398205676
AC004538.3	0.01886649987321053
PDCD1	0.018859307900314634
PLXNA4	0.01883385515340926
IL10	0.018820421534360927
DCDC2B	0.018817689825133214
GLYAT	0.018816979767885364
SPATA18	0.01881111934931869
CFAP206	0.01879712361501617
RHOG	0.018787767784877382
ERICH5	0.018771925945572344
RP11-1260E13.4	0.018771614470390312
HCST	0.018767540310075617
RP11-101E5.1	0.018767111908569736
CFAP57	0.018764108374152856
RP11-542M13.3	0.018744897373266668
RN7SL138P	0.01873310654349306
TMEM190	0.018731625437694417
FGF16	0.018695856416078946
RP5-862P8.2	0.018692432278181143
CNR2	0.018687794266307015
BTLA	0.018681145409614703
RP11-424M24.5	0.018671634100389366
AC006129.2	0.018667797956308397
LMNTD1	0.018664920393949857
RNU1-36P	0.018643759276360382
RBPMS2	0.01863634062548646
C5orf49	0.018629599968099576
FAM43A	0.018594042496804516
SLC14A2-AS1	0.018590819849427252
AQP7P1	0.01858040948737762
RASGRF2-AS1	0.018578542834877834
CCDC60	0.01856699876320841
RP11-144A16.8	0.018566737411743493
TRBV23-1	0.01856026645916244
ANKUB1	0.01853812932399407
RP5-1096D14.3	0.01852133262055809
APOL6	0.018520051362233877
AQP7P3	0.018511349048073184
RP1-28O10.1	0.01850936279981515
AC062017.1	0.018504080805921766
AC091177.1	0.018502974853820922
FGL2	0.01847552649471062
STX19	0.018473163977058595
TRAV8-2	0.01847256567338287
MILR1	0.01846522873963546
RP11-1101K5.1	0.01845935549729092
AC108142.1	0.018450623671976946
RP11-330H6.6	0.018419132458283503
PFKFB1	0.01841318215508327
KIAA2012	0.018407245072376684
EBF2	0.018394566818714674
CDHR4	0.018392744848531446
RP11-73G16.2	0.018390294384273954
RP11-23J18.1	0.01837662909726556
LRRC18	0.018358067798144983
RP11-326I11.5	0.01833366281818241
CFAP77	0.018323933234212903
RP11-186B7.4	0.018322984560935767
AC005785.2	0.018318201935563095
MSX1	0.018313013142093743
AC004160.4	0.01830303227661213
Y_RNA	0.018300297599619344
RP11-47L3.1	0.01826976084251817
RP11-428G5.5	0.018252389160433306
CORO7	0.01825127662856547
OSR2	0.018247879129214935
RP11-134L10.1	0.018228497527729544
TRBV20-1	0.01822590958625785
SRPX2	0.018219524774409263
LINC01215	0.018218687719738755
GJA4	0.018189382313516817
PIK3R6	0.018179675001879423
TLR10	0.018165119335598744
USP2-AS1	0.01816486978619191
ANKRD45	0.018158592569303345
MIR34B	0.018157456898392696
ATG16L2	0.018150419529512518
ADIPOQ	0.01814687571049322
RP11-736K20.5	0.018142592509606932
GPR42	0.018139321113200223
COL5A3	0.018138301273534677
CD3D	0.018133109201984222
TIFAB	0.018130312976634227
RP1-193H18.3	0.018125736269838093
CYP26B1	0.018123834741857726
OR7E13P	0.018104405358012998
HHEX	0.018100593244534096
RHOQ	0.0180886747863655
ADRA2A	0.018086700799472943
RP11-426C22.8	0.018079102056009502
RSPH1	0.018067587834212345
PLEK	0.01806600239558791
CLDN16	0.018061500687728153
RP11-230L22.4	0.018055311210987343
RP11-50I19.2	0.018046327794259406
RNF166	0.018043423503415482
CCDC187	0.018031426990031286
TRBV2	0.01802808237272994
AC008278.2	0.018027840079130945
C1DP5	0.01801714401816301
TEKT4	0.018014769322121104
RP11-693J15.5	0.0180000693974407
AC009299.3	0.017996013736486315
SPATS1	0.017982299608784967
LINC01140	0.017968665655504146
CLDND2	0.01796701227171938
RP4-547N15.3	0.01796665369114904
CR1	0.01796432280463605
TMEM132C	0.01795254104160508
RP11-667F14.1	0.017948476571657077
HMGB3P10	0.01791976956404014
SOX18	0.017911678333724996
RP13-884E18.4	0.017901777330506612
TRAV8-3	0.017895696621007234
AC013264.2	0.017889919367520567
RPL30P7	0.01787959242654777
RP11-568A7.3	0.01787868207112894
LPAR3	0.01787296051505017
ARHGAP45	0.017849803160498907
RP11-930P14.1	0.017816970236965518
H1FX-AS1	0.01781388256665506
LINC01571	0.017789350905646734
TRBV18	0.01778869181844272
RP11-1072A3.3	0.017779270269980857
RP4-663N10.1	0.017778818581503077
PCED1B-AS1	0.017770023550670276
RP11-161H23.9	0.01775789904500494
HMGN1P7	0.017744716293654702
ACKR3	0.01773597456526508
FAM110D	0.01773588121873218
TSPAN19	0.0177278154290416
RP11-717H13.1	0.017723306076707895
AC195454.1	0.017710438869311024
RP11-169D4.2	0.017697650091857472
C6orf229	0.017690238554384383
VAV1	0.017666709826069923
RP11-1C1.5	0.017656870698649164
CCDC65	0.017652941716754876
LRRC46	0.017643395154978824
RP11-736K20.4	0.01763036868690407
RP11-766N7.4	0.01762346327842148
TSKS	0.01759032765170867
CD2	0.017579415626911205
GPC5-AS1	0.017560521045818577
ZNF474	0.017548232299251242
RP11-356K23.2	0.01754496309943788
GTSF1L	0.017521339761068205
RP11-203J24.9	0.01752050407332712
RP11-564A8.8	0.017514829315972008
CTC-441N14.4	0.01750528683222306
CATIP	0.017493772995479016
CCDC81	0.0174920112209762
RP11-92C4.6	0.01748758506487333
CD163L1	0.017477605928798635
RP11-834C11.8	0.017468668210252468
FAM166B	0.017452579753745954
FAM26E	0.01745101728303531
VWA8-AS1	0.017449971609229002
AC005281.1	0.017439263488811085
C3AR1	0.017430327292647495
LINC00402	0.017422835342722678
TRAV26-2	0.017411083325011706
AP001055.6	0.01740901590060042
HADHAP2	0.017405993669416964
RP11-489M13.3	0.017391925149085524
CFAP54	0.017384235894900693
RP4-568B10.1	0.0173819503662926
AC005306.3	0.017380472688034776
VDAC2P2	0.017360233652244223
TRBV5-1	0.0173556196980872
MSC	0.017347052921677545
MRGPRF	0.01734234143027618
CTD-3148I10.15	0.017324676076771024
RP3-414A15.12	0.017324595404697017
C1orf189	0.017324143291197525
RP11-79C6.2	0.017322235784390752
RP11-941H19.2	0.017299342361110776
GNG2	0.01729346322827931
C10orf107	0.017286396176875
CTD-3092A11.2	0.017276433356993977
C1orf158	0.017275904869040876
CTC-441N14.2	0.017272851925702243
RP11-426C22.1	0.017253257828007584
PIK3CD-AS1	0.017252038283205463
RP11-62I21.1	0.017246653352638735
ICAM3	0.017230747800690123
TRHDE-AS1	0.01722951414274137
KRTAP13-4	0.017221252040528046
AC136289.1	0.017214673249630306
RP11-43N16.4	0.01720018391469325
STAP1	0.01719553772554246
TOMM20P2	0.01719381019226263
RP4-671O14.5	0.017184794334353996
TRAV4	0.017167206677150035
RP11-122M14.1	0.01715828637380082
CTC-479C5.12	0.017153794758493743
RP11-578F21.9	0.01715077097585419
MIR6503	0.01714633426150546
RP11-428C19.4	0.017140986580369194
TRAJ1	0.01713449531213369
TBC1D27	0.017134468359094965
LINC01259	0.01713415571728084
C16orf54	0.017127134764106596
GAPT	0.017125943334496182
BRICD5	0.017118245029984127
RNASE6	0.017116014230573975
RP11-79C6.1	0.017115027377191023
RP4-625H18.2	0.0171136707080441
KCNE1B	0.01711094328180513
AC006369.2	0.017100277682700362
LINC01513	0.017085507365747297
RP11-793H13.10	0.017079249433540535
DTHD1	0.01707775806267487
TRBV21-1	0.01707501088788933
RP11-111H3.3	0.01707096132435651
RP11-354K1.2	0.017064520974295457
RP11-81H14.2	0.0170573147356926
LINC01013	0.01704442335610086
ETV3L	0.017020801710325193
RP11-148O21.2	0.017003856736606565
LINC00426	0.017003031817893897
RP11-613D13.5	0.0169929482942564
CXCR5	0.01697924572446758
MARK2P9	0.016972262442429126
LINC01267	0.016963563322440228
RP11-73M18.8	0.01694615960317338
XK	0.016944005777214947
TRBV27	0.01694158008375899
APOBEC3D	0.016922324662769956
RP11-219E7.1	0.016919531271448122
TRBV19	0.016917507656199652
MIR193A	0.016904614111628347
SAA1	0.01688212343518563
IGFBP6	0.016880884393190417
TIMP4	0.016876865152620532
RP4-673D20.3	0.01687636263634822
RNU6-5P	0.01687477305684266
TRBV4-2	0.01686844822429647
TRAV8-4	0.016867972992617445
NXF2B	0.01686450444749139
RP11-433J8.2	0.016863410640547073
RP11-231C14.7	0.016860741569035467
CTD-2078B5.2	0.016838702086417065
AC027601.1	0.016816077426072655
RP5-1052I5.2	0.016789531617309672
RP11-960L18.1	0.0167859063834506
AL035610.1	0.01677619740103033
LTB	0.01677201257965253
EPCAM	0.01677038345442838
AC005932.1	0.016767772683157416
RP11-867G23.13	0.016763393938281034
CTB-127C13.1	0.016763111428722804
RP11-196G11.2	0.01674746644591921
KRT42P	0.016733408205813486
AC003986.6	0.016728360563771236
AC093642.4	0.016725116219711098
PTOV1-AS2	0.016716647101698463
RNU6-1181P	0.016703454070189163
GAS2L2	0.016697039126203857
RP4-753P9.3	0.016690258264521127
CTD-2553C6.1	0.016664124166057847
CTB-113P19.1	0.016657271489104442
CTB-133G6.1	0.016654847319804118
RP11-164P12.4	0.016648354178872088
LCN6	0.016646614951591063
SAA2-SAA4	0.01663486319525827
RP11-536K7.5	0.016634416860550776
IQUB	0.01662412719209178
EMP3	0.01661101771024595
TNFRSF13C	0.016605078359927222
RP11-148O21.4	0.016592436240045683
NCR3	0.016591780087615075
CTD-2521M24.11	0.01658719478751372
STX17-AS1	0.01658691234172622
RP11-523O18.5	0.016584778519261413
AD000864.6	0.016580525005851336
SCGB1A1	0.01657910949893789
WDR66	0.016576038090345434
ARHGEF40	0.016570682913659814
TCL1A	0.016561066165750832
RP5-978I12.1	0.016543233832961874
FZD4	0.016541376518578486
U62631.5	0.016537315617375075
RP11-217E13.1	0.016521223331413516
PDE3B	0.016518467979192007
TIMD4	0.016513033463106692
CCR4	0.016505736456252192
LRRC25	0.01649723687115469
CMA1	0.016481578263372473
LINC01089	0.01648120331776549
TRBV3-1	0.016478318143625752
ABHD15	0.016450059430639173
BTBD19	0.016449055350841915
EMILIN2	0.016432420196753613
VPREB3	0.016430609983634718
STBD1	0.01642195728843303
RP11-1180F24.1	0.016374364134356247
TNFRSF13B	0.016369646168201808
ABCD2	0.01636950117648176
AOC3	0.01636649032739718
BX842568.2	0.016354082609624662
TWF2	0.016351120664148885
HOXC5	0.016339639633694097
CTD-3195I5.3	0.01633322657209081
CTD-2154I11.2	0.016327048261581163
RP11-203M5.6	0.01631542999023175
CD79A	0.016294096096854067
CACTIN-AS1	0.016283621184158256
CTA-150C2.20	0.016271290047017363
RP11-202G18.1	0.01626027945749409
SLFN12L	0.01624075177146409
SFRP2	0.016205997948823676
RP11-138I18.2	0.016203999145131223
RP11-876N24.3	0.01620334510262001
AC073850.6	0.01619524342180814
ZNF575	0.016194857306881034
TRAV9-2	0.016183280932590815
SLC25A34	0.016174768440578313
TRBV7-9	0.016166763637459478
DHH	0.01616494630739148
AOC2	0.016154226315524874
HNRNPA1P70	0.01614527064284526
RP13-297E16.4	0.016143540198114276
RP11-445O3.1	0.016138832863708607
RP11-122M14.3	0.01613736179784275
LL22NC03-86G7.1	0.01613529529096998
LL21NC02-21A1.1	0.016135089934675818
CRYBB1	0.016133712243643766
CD3G	0.016123105352917503
CTC-457L16.1	0.016120803363434712
CEBPE	0.0160953076805961
BIN2	0.01608782882606124
RP11-61F12.1	0.016087780618146395
TSSC2	0.016067779939343184
LIME1	0.01606185977097068
MIR4539	0.01606180986575798
RP11-290O12.2	0.016061361301744043
FAM196B	0.01606107161694741
RP4-728D4.2	0.016055889677619173
RASSF1-AS1	0.016054114455392697
MIR6746	0.01605236002616108
TRAV12-3	0.01605189666905087
ZNF80	0.016038205855984547
CD48	0.0160219439372251
CTD-2207O23.3	0.016018327539962636
COL15A1	0.016017867331297984
TRAV19	0.016015087592524884
AC109333.10	0.01601398022376737
RP11-550C4.6	0.016011066706857622
PRRT4	0.016005408216163322
ATP13A5	0.015999448242484563
RP5-943J3.1	0.015997682411943256
TNFAIP8L2	0.015995686514248184
TRBJ2-4	0.015990591931093805
CHMP4C	0.015989144754292032
TRAV3	0.015982175379001033
RP11-126O1.6	0.01597206066857406
LYVE1	0.015960943541721215
GRIN3B	0.015954434915171036
ABCC9	0.01594110762751
DBH-AS1	0.01593984499606592
RP11-60L3.6	0.015938347846127247
RP11-419J16.1	0.015934536922287638
TRBV12-3	0.015916413705027315
TNMD	0.015913228436468346
DAW1	0.01590918582829635
SAP25	0.01590743354835939
RP11-57A19.4	0.01590164249832691
RP11-680N20.1	0.015888793531072476
SMC2-AS1	0.015876554236057265
AP002954.3	0.015875294327610978
CTA-363E6.2	0.015873145590046392
PZP	0.01587133277288451
CTD-3080F16.3	0.015865436049114334
RP11-418I22.2	0.01585905971905892
NALT1	0.015857836835673038
KLB	0.015855674461482328
ABI3	0.015850127599829268
HSD52	0.015847322819670395
RP11-428C19.5	0.01584611191429522
RN7SL124P	0.015841947677077934
IGFLR1	0.01582080128777265
AC006994.2	0.015816711535728042
RP11-399H11.2	0.015805841123675553
SIPA1	0.01580548508664609
AC009299.2	0.0158002216458602
RP11-876N24.4	0.015799594985753576
RP11-71L14.4	0.01579902375879029
COX7A1	0.015796868311249376
TRBJ2-2P	0.01578831726264337
TRAV26-1	0.01577626899478843
MIR4537	0.015774432402352483
RP11-129M16.4	0.015773116109487312
AC011899.10	0.015747259547266728
TRBV6-1	0.01574489523969488
ARRDC5	0.015741711375788496
CDS1	0.015738565627768007
RP11-494M8.4	0.015731212126909446
MAN1A1	0.01571522629152704
RP5-881L22.5	0.01571038257623922
TRAV8-6	0.01570327104082454
KLF2	0.01570088641188761
ADIPOQ-AS1	0.01568553346465147
DOC2B	0.015680430629565933
RP11-7C6.1	0.015679294950720197
TRBV12-4	0.015677765509203544
RP11-318G8.2	0.015673310422045738
HOXD-AS2	0.015664866634293884
TRAV6	0.015663772134641533
AC011515.2	0.015662055140224496
RP4-612B15.3	0.015648034457459166
RP11-442O1.4	0.01564788772433487
U91324.1	0.015645011909385966
TRAV12-1	0.015643568366233606
SEMA3G	0.0156291936954088
VEGFC	0.01562736271347897
RP4-742C19.12	0.015617114889992227
ZBED9	0.015614814085792184
RP11-96D1.8	0.01560692744494389
BHMT2	0.015606488577953338
LINC00877	0.015597387849214548
TRBV29-1	0.01559703401585827
CH17-13I23.3	0.015595728540407994
RP11-1151B14.4	0.01559229963366439
RP11-625L16.1	0.01558884743057521
FAM30A	0.015587319884666136
LINC01150	0.015568831153195732
TRAV21	0.015566373525322016
FMO6P	0.015553985345762423
RP11-57H12.3	0.015550654042140436
PTGIS	0.015550357289616444
LINC01330	0.015540909216196995
SIGLEC22P	0.015540786934385726
JUNB	0.015518728238055952
KCNIP2-AS1	0.015505933342159902
TRAV29DV5	0.015505497954328066
CCL15-CCL14	0.015502255114609485
RP11-327F22.1	0.015489617310276635
TMEM231	0.015484245605419594
AC007880.1	0.015483661801920214
FAM201A	0.015477078818371051
RP11-426C22.5	0.015475241667996865
EXOC3L2	0.015472703088933733
FPR3	0.015472133852470784
LINC01537	0.015456246484694578
RP5-887A10.1	0.01545541327736192
WNT9B	0.015455011346406635
CCL8	0.015442911643879818
AC093159.1	0.01543619564948531
OR7E26P	0.015424294307716002
RP11-540K16.1	0.015411455542501762
TRBV7-7	0.015389099829070694
LINC00964	0.015383924843421964
GIMAP4	0.015377051416632292
RP1-153P14.7	0.015371413191050958
CTD-2531D15.4	0.015368644767019591
AC108004.2	0.015365392008943568
RP11-16E12.1	0.015364772125933119
CD247	0.015363852605880012
CCDC13	0.01536248953283066
RP11-687D19.1	0.015353284159546014
ZNF750	0.015351149799267005
RP11-739P1.2	0.015344946650226688
LINC00854	0.015338382119110018
HOXC6	0.015333262417496309
RP11-223A3.1	0.015327446501726525
AC022182.3	0.01531923720097913
TRBV5-6	0.015311781508206699
GZMM	0.015309724502695701
RP11-274B21.3	0.015279734527313269
SNX18P3	0.015271706562918536
RP11-236F9.2	0.015269241828362843
TRG-AS1	0.015266252791807752
LRRC2-AS1	0.015263289080694497
HSPB2	0.015262861714599583
VLDLR-AS1	0.015258583499945615
RP11-20I23.2	0.015257582790105568
RP11-340E6.1	0.01525457729177456
CLEC19A	0.01525214780307116
RP11-164H13.1	0.015251453549765032
MNS1	0.015250837549997035
CTD-2252P21.1	0.015248469975526148
RNU5B-3P	0.01524686056407499
CTB-51J22.1	0.01522814290392235
RP1-41C23.4	0.01522129771398458
CD1D	0.015218573249089413
MYL3	0.015207468629536555
GPSM3	0.015181996966971693
RP11-467I17.1	0.015179613132527659
RP11-554A11.4	0.015174296724073045
EDAR	0.015173715120410205
TRGV3	0.015172368693475595
SIRPG-AS1	0.015169081559391954
SPARC	0.015163260252120699
RP5-1182A14.5	0.015150559395068805
RP11-661A12.5	0.015150448179034019
WDR49	0.015149017134373019
DIO3OS	0.015144098206589168
SDR42E1	0.015139514053549566
PLPP7	0.015139140834115572
LINC01070	0.015129481427894238
RP11-639F1.2	0.015125209381007792
TRAV23DV6	0.015124122931888785
CROCC2	0.01512384091783889
RP11-503N18.4	0.015119963765026175
RP11-182J1.18	0.01511911051299729
ACTR3C	0.01511396416256661
VASH1	0.015112088879537742
HNRNPA1P66	0.01511131499124774
KLHL31	0.015108954588564032
RP11-876N24.1	0.015103494777292906
RP11-264B17.3	0.01510268107131763
RP11-238F2.1	0.015099603676653467
TNXA	0.015094372402326788
RP11-367G6.3	0.015088072038248846
RXRA	0.01508688211299017
RP11-524F11.1	0.015086574094841229
BTBD6P1	0.015079922156614963
MIR4538	0.01507679973682983
GS1-124K5.11	0.015072626282255353
LINC00326	0.015071332571984892
P2RY13	0.015069644496370072
LINC01480	0.015064604375995423
CTD-2626G11.2	0.01506393756661575
RP11-269G24.6	0.015055767741273358
AC006128.2	0.015049700392546743
ITGB2-AS1	0.015047703987965132
CBLN3	0.015044324574074416
PPP1R16B	0.015040592810135102
FASLG	0.01503945113946701
SPA17	0.015037622920410647
RP11-798K3.3	0.01503296519519941
TRBJ2-3	0.015031127206988832
RNF7P1	0.015027301276399488
RP11-405M12.4	0.015022651305152434
POU5F1P3	0.01502222319297622
RP1-8B1.4	0.01502151643879433
HRASLS5	0.015018763716812272
HCG4P11	0.015015162345617616
TRBV9	0.015009982176272325
RP11-394B2.6	0.014995585948920042
DPPA3P2	0.014995527518869452
RP11-370B11.3	0.014993866482938498
LRRC74B	0.014990186125393407
RP11-664D1.1	0.014989768992330841
TCTEX1D4	0.014987467924228955
RP3-508I15.20	0.014987384183481414
RP11-116B13.1	0.014987185902442565
ZNF436-AS1	0.014985701356383515
CCL16	0.014983074092277195
CTD-2547L24.3	0.014976412668521647
NPR1	0.01497569312221487
CTD-2595P9.4	0.01497502269497379
MIR6774	0.014972839560544387
ALDH16A1	0.014966112464138003
AC093911.1	0.01496365397638565
AC010525.4	0.014963118167049996
RP11-508M8.1	0.014960945735681947
RP11-212I21.3	0.014959688887633587
AC006272.2	0.014949772184769483
LINC00484	0.014939285727399516
PSAT1P3	0.014937981527192784
FAM87B	0.014930942994629246
IGHD4-4	0.01492948716113774
TRBV5-4	0.014928474317286678
LINC01230	0.01492826029179914
B4GALT1-AS1	0.014926144104611317
LINC01374	0.01492129190341707
OCLN	0.014895684586508058
TGFB1	0.014889854654221508
RP11-445L6.3	0.014886327466427639
RP1-140K8.1	0.014885977978372702
SNORA69	0.014885525309793386
TRAV41	0.014871779724752279
RP11-413P11.1	0.014868926511954404
APOBEC3G	0.014867980900049907
TNRC6C-AS1	0.014858186154808451
NTAN1	0.014853700848859144
LINC00989	0.014852462225458048
TRBV11-2	0.014850865981527359
CTA-315H11.2	0.01485016561689361
RP11-632L2.2	0.014841919628641004
MIR342	0.014838486581232479
OR7E12P	0.014835646018420849
RP11-686D22.10	0.014830622722019137
SNORD14A	0.014829197178381935
RP11-356O9.2	0.014792049232460237
TRBV6-6	0.014790883336616788
MYL5	0.014786398700695272
CTD-3193K9.11	0.014785198642825768
CTD-2008P7.9	0.014783083179607184
RP11-506B6.6	0.014780156095850547
MDFIC	0.014777436130051091
CTC-497E21.3	0.014776633368270616
ARHGEF15	0.014765485710628622
PHLDA3	0.01475739991442038
TRAV13-1	0.014755997130697637
MSX2P1	0.01475278491525391
TRAV13-2	0.014747241343301569
GPR4	0.014728257030666854
RP11-796E2.4	0.01472672050431094
TIGD2	0.014725357527614018
SNAI3	0.014722110021519387
AP000445.1	0.014715944872832024
RPS3AP34	0.01471586148277901
GFRAL	0.014715664766807671
PALMD	0.014698348588710658
CRHBP	0.014691612396330581
RP11-8L8.2	0.014689236978260783
CLEC4GP1	0.014685911196392922
AC010890.1	0.01468334950674309
SPATA8	0.014679094685049347
C4orf47	0.01467377406581999
PPP1R32	0.01465715240715674
RP11-1391J7.1	0.014656006262663035
ROPN1B	0.014634038637719603
RP11-468E2.5	0.014631903203446242
RP11-403A21.1	0.014618126592079655
GAS1	0.014610482295509063
TRAJ44	0.014597044394308728
RP11-54F2.9	0.014595654463878605
MIR548AO	0.01458478535697252
CTD-2026K11.5	0.014576904438840613
TRAV17	0.014563750583034106
LINC01624	0.014561178879931191
RP11-632K5.2	0.014559717275761967
SLC5A1	0.014556822136422433
CTD-2587M2.1	0.014554064028067299
AC007750.5	0.014547379605221311
ZNF204P	0.014545013164978795
JPH1	0.014538560495128448
GP1BA	0.01453614377265398
CD70	0.01452540931021035
TRAJ3	0.014524334405371974
AC135178.7	0.01452328557488355
CARD8-AS1	0.014522602573902104
GMIP	0.014520471360726282
HSPD1P21	0.014519000473283857
A2MP1	0.014517572644751366
RP11-365N19.2	0.01451525031067547
RP5-1132H15.3	0.014501271069368271
RP4-794I6.4	0.014496229453565964
TCP11X2	0.014475705059646534
TRBV10-3	0.014474718526380138
MATR3	0.014460242706702145
WHAMMP3	0.014459839129661619
RP11-401O9.3	0.014455462721179087
CTA-221G9.12	0.014451122761120882
RP11-218E20.5	0.014448880324001448
CAMK1	0.014444751291074101
RP11-374F3.5	0.014440633053632228
GIMAP1	0.014430703119665884
RNA5SP304	0.01442856180082831
AOC4P	0.014412165628107224
CFAP45	0.01441213293986288
CYP2F1	0.014409144509122934
EGFL8	0.01440254003853694
RP3-455J7.4	0.014398226615415509
RP11-645C24.5	0.014390760444996832
MYL12BP2	0.01439028552804897
RP11-932O9.9	0.014383849776351544
CCL5	0.014367750900229414
TRBV14	0.014365951200627712
DNMBP-AS1	0.014364202989160031
GPR183	0.014363976218745283
RP11-1023P17.2	0.014354414505098664
CTD-2020K17.1	0.014349097030910335
AP002856.4	0.014341103231879702
CD7	0.014339786356012773
AC112715.2	0.014339717748797786
RP5-966M1.6	0.01433839627711696
PRSS12	0.014337207338671946
RP11-455F5.6	0.014327844935042858
CTD-2105E13.15	0.014325106360637286
RP11-488C13.6	0.014315207730621934
RP11-574K11.31	0.014314818336880194
LINC00261	0.01430829510820696
LILRA4	0.014303873113832717
AC079767.4	0.014297257918128756
DEFB132	0.01429606997479097
RP11-506H21.5	0.014289364538246183
AC016768.1	0.014285197276810132
ARL6	0.014280146996768099
CD40LG	0.014279962679430146
IFT57	0.014278227964210917
RP11-1049H7.2	0.014275431544520219
RP11-128M1.1	0.014275218101161717
CTD-2201I18.1	0.014272034578911219
RP11-323C15.2	0.01426235717728527
GSC	0.014262272000256758
ZGLP1	0.014262201010999858
RP11-529H2.1	0.014259622731910301
LTC4S	0.014244568341211638
DPP9-AS1	0.014242019391461217
RP5-907D15.3	0.0142370033247063
IQCD	0.014236248706425167
CTD-2583P5.3	0.014228679281264355
PTGES3P2	0.014226006984548496
RP11-574O7.1	0.014218091132914699
ZNF774	0.014212267207635874
RP11-164P12.5	0.014211356614573654
RP11-292E2.2	0.014210071280488753
CNTFR-AS1	0.014193724225677445
IL13	0.014192536491378348
COTL1	0.014191073587400176
SENCR	0.014183251819683603
PRKCDBP	0.014182252454728471
RP11-91K11.2	0.014178907288055135
CTD-3116E22.8	0.014178720783623868
DNAJB13	0.014169432342380554
IFNG-AS1	0.014166326575123588
RP11-336K24.12	0.014160848416677583
RP11-443B7.1	0.014149265323611123
RP11-103J8.1	0.014149243840085762
RP11-265P11.1	0.01412008946181214
RP11-138I17.1	0.014119515614809165
TRBV6-5	0.01411654684983786
LA16c-390H2.4	0.014108140705273846
CTD-2540B15.12	0.014106131418490918
CTD-2012K14.6	0.014105843806411512
PIH1D2	0.014105805748221664
RP1-278C19.8	0.01410455308314136
AF127936.5	0.014100976525583833
TRBV15	0.01409958359735251
RP11-381O7.3	0.01409596967479936
RP11-1080G15.1	0.014093909134365694
CLEC2B	0.01409340723119816
MYBPC3	0.01409264463328663
TNFSF12	0.014092368729952233
OLFML1	0.014090865610518746
HOXC9	0.014090591318560455
CYP39A1	0.014089683037722116
RP1	0.01408619244642953
LINC00365	0.014072851519909866
SNAI1	0.014064682498227713
RP11-1334A24.6	0.01406193917342723
RP11-70C1.3	0.01406127001235215
OR3A3	0.014059608063810684
RP11-372E1.4	0.014050709023015327
FOXJ1	0.014050708417198491
HOXD8	0.014049124959203857
RP11-8J9.5	0.014048492307073982
SMIM3	0.01403998613492283
TRAV5	0.014026837359313048
LIPH	0.01401787271307262
VWA7	0.014017719238947549
RP11-285J16.1	0.014014517599386392
SMIM6	0.014013729026999447
LINC00639	0.014011893052015074
HSPA7	0.014008223105041476
AD000684.2	0.014001243229202058
TRBV7-4	0.013991565815047189
RPS3AP15	0.013988739121282132
CH17-472G23.4	0.013981193350414107
C11orf52	0.013978101794706434
ANXA8	0.013976700883274316
C1orf210	0.013976094851888941
RP11-114H24.6	0.013972082941745598
RP11-54A9.1	0.013966884301735425
RP11-73O6.3	0.013966799428428035
INAFM1	0.013964939760796985
TRAJ4	0.013964484842176696
RP11-114H23.1	0.013958462957670888
TRAV24	0.013954200159221612
ANGPTL5	0.013953594990957259
RHOQP3	0.01395193543133941
RP11-680A11.5	0.01394258165807452
RP11-6I2.3	0.013939925556376426
LNX2	0.01393896382803436
OGFR-AS1	0.013938937903186784
TMEM30B	0.013928687169367591
LINC01128	0.013925534515937981
SAMHD1	0.013913260595334986
CALML6	0.013910359226252118
URAD	0.013909417504208535
THRSP	0.01390750905694014
AP001062.9	0.0139019253949197
RP11-486A14.2	0.01389952062824796
HHATL-AS1	0.013897192511522828
NT5CP1	0.013890075798261634
SOD3	0.013887684637220232
GPR146	0.013885782351900473
RP11-274B18.4	0.013882309298363253
RP11-35J10.6	0.013878420443290615
RP11-98D18.15	0.013873691157631367
CD4	0.013872940251385947
DDAH2	0.01387240456638334
OMD	0.013864581024889295
GFRA2	0.013857190187214156
RARRES2	0.013855487421073663
NPDC1	0.01383705081120037
CETN4P	0.01383489886961475
PRR15L	0.013827948602215688
PRCD	0.013825710976416135
SMC5-AS1	0.013820238775975437
LINC01176	0.013812078158969647
CTD-2013N17.6	0.013810609139088404
RP11-469H8.6	0.013802703946569095
CHRM3-AS2	0.013799954144554327
DNAH5	0.013798526711474475
TRAV1-2	0.013788021498350674
ARRDC3	0.013786047323459798
RP11-27G24.1	0.013785743155092763
TENM3	0.013783723878225747
RP11-473M20.9	0.013777403829554063
RN7SL32P	0.013776991367424114
RP5-888M10.2	0.013774722688972193
GZMA	0.013770126698860156
ANXA8L1	0.013765437031933515
KLF14	0.013761483621145026
RP11-95O2.1	0.013759684691789882
RP11-554D14.7	0.013751809742394145
RP11-76C10.6	0.013748810140966529
ELF5	0.01374692601035348
RP11-35J10.7	0.01374410269557099
THA1P	0.013736337748334678
NPM1P8	0.013732814169143397
SHANK3	0.013732278279944448
RP11-368I7.4	0.01372975132208059
IRF9	0.013727398191586604
RP11-439L8.2	0.013722992318074907
LMTK2	0.013722310577757276
TMEM213	0.013719731483393047
CTD-2126E3.3	0.013711576635626579
RP11-802O23.3	0.01370395949795234
DRD4	0.013700400056402362
PIK3CG	0.013697001682186575
RP5-1031D4.3	0.013695803894817065
CTD-3032J10.3	0.013684027200606666
GJB7	0.013683024904624945
RP11-750H9.5	0.013680136230595424
RP11-338C15.3	0.013672903625823258
TRBJ2-2	0.013672747129919312
ACADS	0.01366921138580762
RP11-68I3.4	0.013668034874038308
MIR4740	0.01366501932632335
RPL5P29	0.01366167843051825
RNU6-883P	0.013658249847662198
CHRM1	0.013656935502050117
RP11-98D18.7	0.013645635030550985
SFTA2	0.013642849528182016
UTS2B	0.013641498218545644
AC092301.3	0.013639601517204265
RP11-44M6.7	0.01363947984960131
RP11-843A23.1	0.013638368487708837
CTD-2015G9.2	0.013637443734329024
ADAMTS4	0.01363497090444888
DMRT3	0.013624967919265383
AF067845.1	0.01362371384422286
HMGN2P15	0.013620270716385397
SLC25A28	0.013618888782166138
RP11-255A11.4	0.013616957618809735
AC084809.2	0.013613704195640947
RP11-58O3.1	0.013611997201890318
RP11-1267H10.3	0.013606534578051492
LINC00840	0.013605477942737858
CETP	0.013592315538777395
RPL21P108	0.013588981819759554
SNORA31	0.0135865026966674
SELPLG	0.01357980097187669
LINC01123	0.013578699645990877
RNF125	0.01357671871788819
CTD-2012K14.2	0.013573305307838134
RP1-137D17.2	0.013571418706009168
MIR8071-2	0.01357007651311522
AICDA	0.01355907294599979
FOXS1	0.013553955055957233
RP11-355N15.3	0.013548218221894502
TFAP2C	0.013547787297977603
ACTN1-AS1	0.013544085744479361
SLC15A2	0.013537359338725066
WDR86-AS1	0.0135354389367142
CPXM1	0.01353191800096831
RNF144B	0.013529312178862253
TRAV38-1	0.013511514747720613
AC079779.4	0.013508931630120243
RP11-342D11.3	0.013507229946142679
UBE2Q2P2	0.013505021263186241
PATL2	0.013499350119316168
RAD1P2	0.013499145966997798
AC005519.4	0.01349864691095865
PQLC2L	0.01349783426689544
ARHGEF7-AS1	0.013484919897429058
AC105393.1	0.013481602717983241
SPIN2A	0.013469789301920498
HPGDS	0.01346674052262016
LHFP	0.01345805648041441
MIR320E	0.013457614365752279
NAT8L	0.013455055040108587
AC073415.2	0.013449535468613261
RP11-472K17.3	0.013447895224099858
PSMB8-AS1	0.013447362396712507
ASPA	0.013445305613408556
DCUN1D3	0.013443272887540936
RP11-128B16.5	0.013441254734304225
RP11-554A11.7	0.013438414040309831
C8orf89	0.013436755004443489
RP11-15F12.1	0.01343146057454045
RP11-848P1.2	0.01343090553262694
TNFAIP6	0.01342902101545059
RP11-459D22.1	0.013425907640578594
RRN3P1	0.01342550458949251
FCGR2C	0.013424439835141464
EPX	0.013423076618698354
CTC-479C5.10	0.01341561024394462
RP11-68I3.5	0.013413935534374375
EMP1	0.013413634912219695
NUP210P3	0.013412815030110216
MUSTN1	0.013408547298292744
AVPR1A	0.01340844156903066
RCVRN	0.013406691865435423
THCAT158	0.013403598085843212
SHC2	0.01340178031248955
TM4SF19-TCTEX1D2	0.013397919585191433
RP11-749H17.1	0.013394701124927194
RP11-661D19.3	0.013393776339367452
MMP27	0.013392250347700408
RP11-225H22.7	0.013377189079682722
LINC01508	0.013377068465996346
MIR4420	0.013375588733856872
RP11-470P21.2	0.013374957091471216
RP11-205M3.3	0.013373988362537025
RP11-834C11.6	0.013367623621119594
RP11-681L4.2	0.013360135694301261
RP11-610P16.1	0.013356753104394166
ANTXRL	0.013351408350170565
TLCD2	0.013350458647741023
AL022345.7	0.01334842141241364
RP4-673D20.6	0.013344048145003206
CTB-50L17.9	0.013337387526344162
PPARGC1A	0.013336676658808926
HSPB2-C11orf52	0.013335849353028752
TRAV8-1	0.013335683811909747
RP11-347I19.8	0.013331038762420717
AC019097.7	0.013329389346565688
RP11-5O23.2	0.013329317463700929
RP11-832A4.7	0.013328378414993612
RP1-142L7.5	0.013326472626046635
LINC01239	0.013311773321320506
CTD-3105H18.14	0.0133109033631102
RPS18	0.01330929301910769
RP11-845C23.2	0.013302110173531613
RP11-365F18.6	0.013300828714555108
AC016995.3	0.013300450177908785
GPR65	0.0132970241682124
RP13-317D12.3	0.01329198584281132
CTB-50L17.14	0.013287523525428977
RP5-940J5.8	0.013282061927029153
FBXL7	0.0132819484807662
AC008746.12	0.013278553937329256
C9orf135	0.013276742497811163
ADH1A	0.013269318869787826
MYO15B	0.013265570305266934
ZNF580	0.013261661933837115
AC006077.3	0.013260443324357345
SELENOM	0.013254399572314201
RP1-261G23.5	0.013251993552530449
AC025335.1	0.013250558249071656
GNG8	0.013245805182674967
MTMR9LP	0.013245796744096714
GKN2	0.013239700952556256
LINC01366	0.013237306923731934
RP11-175B9.3	0.013236647253872063
RP11-212E4.1	0.01322852988606641
RP11-326C3.7	0.013228517103778262
RP11-326L17.1	0.013223064147343621
RP11-327J17.2	0.013219938977569958
HAUS7	0.013219170250584479
CTD-2015G9.1	0.013217454466044517
LINC01198	0.013215912311039201
ECHS1	0.013215497914831866
AC144831.1	0.013213944142314516
RP3-382I10.3	0.013213067789261764
ZNF277	0.013199264862040446
SCNN1G	0.013193906232755508
CADM3-AS1	0.013182892475655388
SAA2	0.01317106969591474
AC079776.2	0.01316807750535526
CTSLP2	0.013163410091880068
EMX2OS	0.013162457293647484
SLC2A12	0.013160820602102745
AC009404.2	0.013152301567587336
RP11-568A7.4	0.013151042738203842
AC004906.3	0.013147714677954218
AP000344.3	0.013146783126354623
PROK1	0.013146199477628014
DUSP2	0.01314168688020972
RP13-392I16.1	0.013138853559492588
IER2	0.013134649327970703
ABHD17AP5	0.013134090640004141
BST1	0.01313344491707633
CST7	0.013133248895028385
TRBJ2-1	0.013132209489903292
TPGS1	0.013130572177923017
TRAV12-2	0.01312733439555353
GLIS1	0.013125949014545278
PROKR1	0.013120340491379728
CXorf58	0.013115355331897963
RP6-65G23.5	0.013112032583749812
PRR29	0.013111722018425014
RP11-415F23.4	0.013105370719282996
RP11-38H17.1	0.01310515943026422
ANXA2R	0.013096434625023093
RP11-109P11.1	0.013091488490171143
CLEC4C	0.013088501914935553
TMEM86B	0.013087284842474482
CTD-2506J14.1	0.013075437753919616
RP11-158I9.5	0.013071842578705178
CTD-2231E14.2	0.013068208132948783
CTD-2260A17.2	0.013066699425543445
SLPI	0.013063989637939971
UBA7	0.013063572347614625
TRAJ39	0.01306273350096492
RHOQP2	0.01305446038361596
AC073072.5	0.013053425923437131
AC004791.2	0.013051973141982712
RP11-359M6.1	0.013044488678069528
TMPRSS4-AS1	0.013039917786494307
HMGN3P1	0.013038489463914527
VSTM5	0.013038207225465575
RP11-707G18.1	0.013026418709132855
RP11-162A12.2	0.013012828352995302
LINC00158	0.013010366529997682
TRBV10-2	0.013007609401313935
SCGB3A2	0.013005122895720011
RP1-247F3.1	0.012998062367304799
ZSCAN31	0.01299399446437034
AC006942.4	0.012990194838091558
RP11-315O6.1	0.012987441239685468
BORCS6	0.012986961345214352
CYP4F23P	0.012976856501088317
TREHP1	0.012975295563763794
L3MBTL4-AS1	0.012973183628822292
RHPN2	0.012970301363682955
LIX1L	0.012968580930103417
TCIRG1	0.012962146050642257
LINC01152	0.012957489920468655
AC072062.1	0.012953332118316825
CCL3	0.012941281729123006
AC226118.1	0.01294025156244148
AL928654.7	0.01293525085692342
RP3-402G11.27	0.012934014292427576
PLEKHG7	0.012933840556063067
RP11-323P17.2	0.012933569975397758
ETF1P3	0.01293238585774974
RP11-497H16.7	0.012930800266295379
RPL34P17	0.012930295684670402
LINC00677	0.01292717360051533
AC133644.2	0.012926815491332247
TRAV35	0.012925681487282526
C1QTNF9	0.01291804927142759
PIK3C2G	0.012911910845931499
CTD-2521M24.13	0.012908258314414951
RNU6ATAC35P	0.012907580331916139
PEBP1P3	0.012907327195064175
RP11-467H10.2	0.01289800589335561
PRR34	0.012896088636665089
RP11-99E15.2	0.01289511942583872
AC073283.4	0.01288734290528008
BTG2	0.012884989407529275
CPA1	0.012880999506981844
AC018685.1	0.012880375768489888
CTD-2336O2.1	0.012874450140169493
RPS7P11	0.012873967360143715
RP11-511B23.1	0.012872830994735653
RP5-1071N3.1	0.012858098843766192
HAVCR2	0.012857698082348048
RP1-79C4.4	0.01285683593981931
RP11-384L8.1	0.012855566412465793
KIAA1549	0.012855143360471066
RP11-131H24.4	0.012853414580983965
CYB561A3	0.01285119425637707
APCDD1L-AS1	0.012851184448082597
WASH7P	0.012849534771284076
DYX1C1	0.012849097345980408
TCN2	0.012846973866959764
GOLGA8M	0.01284575461734103
TBX18-AS1	0.012845103527862571
RP11-76C10.5	0.012843829385891656
VTI1B	0.012840172290680534
EPHB3	0.01283331882852409
RP11-415F23.2	0.012828430264093952
HNRNPA1P33	0.012826731742263262
TRAV25	0.012819449771736137
EIF3E	0.012818300346027883
CDO1	0.012800550488621694
RP11-255H23.2	0.01279121177967188
TOMM20	0.012787180116324811
ST13P16	0.01277899641545793
UCKL1-AS1	0.01277863272322242
AC097713.3	0.012775339772241177
RP13-93L13.1	0.012771381391498086
AC010894.5	0.012768459251320523
RP11-632K20.2	0.012764564767766606
EVA1B	0.012761823150165053
RP11-66N24.6	0.012759307823062723
RP11-631N16.4	0.01275860943255675
DNLZ	0.012745732267355135
C2CD4B	0.012743344301124405
RP1-29C18.8	0.012740646263392719
RP11-53M11.5	0.012738702181740037
OR7E89P	0.01272872408600004
RP5-1142A6.9	0.012728069771347576
SNHG4	0.012724040343703778
EEF1A1P33	0.012716765740707965
CCNA1	0.012715054546203825
AP001439.2	0.012711644268865004
NPIPB11	0.012710647278846191
HSF5	0.012710481091763589
RN7SKP214	0.012708430814013169
AC009950.2	0.012707965754246462
IGFBP4	0.012700739869437686
TRBV5-5	0.012699635832964285
LINC01048	0.012697608471484866
OR7E145P	0.012696537090778509
RN7SL192P	0.012694804595298094
AC124861.1	0.012694454952981882
TMEM262	0.01269363098823383
RP11-540B6.3	0.01268849930009931
RP11-556I14.2	0.012684926904752447
RP11-467J12.4	0.012677189721127321
RP11-19J3.5	0.012675303073481081
LINC00111	0.012669097486563021
CROCCP2	0.01266627038501811
NDN	0.012662275350889289
ACBD7	0.01266222806780466
SYPL2	0.012656213383814065
TSPAN4	0.012653044894338886
SCN1B	0.012652524654771166
RP11-211G23.2	0.012643717278789645
TIGD4	0.012642236628872297
AC005083.1	0.012641804922839424
NAGLU	0.012640044026990819
CCDC61	0.012638427276510992
SOX17	0.012636487290921596
NAIP	0.012633488779244969
RP11-67C2.2	0.012631556849768914
LINC01014	0.012626232734507638
RP11-541M12.6	0.012617960525404053
RP11-837J7.4	0.012615428891987654
RP3-339A18.3	0.012608158122441619
CTD-2371O3.3	0.012602702716905983
RP4-583P15.15	0.01259663084112234
KCNG3	0.012594168011086135
GPR156	0.012593949870817852
CNRIP1	0.012593818898002944
MAP1LC3C	0.012584161520090268
C9orf152	0.012582467098921208
SMIM10L2A	0.01258056244221131
PRELP	0.01257907895375733
RP11-162A12.4	0.012577724231688214
CTD-2541J13.1	0.012575508030474036
CTC-463A16.1	0.012575397349900179
RP11-426L16.10	0.012569364229725991
TNFRSF9	0.012568019533206676
AC130469.2	0.012567330962704688
STAC3	0.01256728679596728
RP5-968J1.1	0.012566767924815208
CTD-3222D19.8	0.012558450666847165
RP11-720N19.1	0.012548918371030882
ADAMTS14	0.012545477480796709
RP11-496D1.2	0.012542881575008656
LINC00702	0.012533866836862221
GPC6	0.012524046728868938
APCDD1L	0.01252345926056913
RP11-2C24.3	0.012518108951787768
TRAV14DV4	0.012517745217165897
CTA-242H14.1	0.01251568981263697
CHMP4A	0.012512890400317717
CTC-1337H24.4	0.01251251315068197
LA16c-390E6.4	0.012506575707593245
AC005954.3	0.01250119081271731
AC144831.3	0.012496590889233015
RP11-794P6.6	0.012492972274319544
RPL37P2	0.012490206253944595
TRBV4-1	0.012488880579583535
RPL31P11	0.012488698294683258
PPP1CB	0.012487520817294418
PM20D2	0.012480808935693208
AC098617.1	0.012478916153343124
LA16c-316G12.2	0.012475438284437455
AC064853.3	0.012465644645090508
GOT2P3	0.012464490828580534
CTD-2126E3.1	0.012458339863971867
NOV	0.012456257697908866
C5orf56	0.01245283747331637
TRAJ17	0.012444071206164926
ARHGEF26-AS1	0.012432783129912158
RP1-153P14.5	0.012420851193810246
TMEM106A	0.012419462749762982
RPS24P7	0.012418721112710439
SLC10A6	0.012418289352939933
RP11-141O15.1	0.012417519531185748
AC093822.1	0.012415658107820773
RP4-549F15.1	0.012407914009117164
SUDS3P1	0.01238545723568424
SIGLEC9	0.012384797758012722
SCNN1B	0.012380739958561012
CYP4F26P	0.01237219802573841
MIR940	0.012371744838787073
RP11-46F15.2	0.012369790763794502
CHCHD2P7	0.012366489315168943
RP11-257I8.2	0.012360276463180983
LINC00996	0.012353708217231146
uc_338	0.01234783867406652
RP11-520B13.8	0.01234765053206232
RP11-248J18.3	0.012344512559306273
RP11-296I10.5	0.012339596353290615
AC104809.2	0.012338508747635826
RP11-569G13.3	0.012336990199976089
CH17-472G23.2	0.012335192707525467
CTC-498J12.1	0.012334417673443966
CTD-2571L23.8	0.012333444104649646
CTA-384D8.36	0.012331459654551681
LINC01342	0.012331327319108758
RP3-508I15.14	0.012330909286134287
APOL5	0.012324944664980651
AC060834.2	0.012323234776160423
CTB-109A12.1	0.012308204705406129
AP1M1	0.012306626826020918
RP11-834C11.4	0.012301535213676084
FGF13-AS1	0.012301322355068376
AC006994.3	0.012296917224612191
RP11-809N8.4	0.012293220999780781
TRAV27	0.012291325980020591
RP5-903G2.2	0.012291086763760388
FCHSD1	0.01228319923744897
RP13-476E20.1	0.012280663318851352
RP11-521B24.5	0.012274863895468266
EVI2B	0.012269801745142814
RP11-489O18.1	0.012265634163664241
NFAM1	0.012261856558552338
RP11-304L19.12	0.01226164954070711
TFCP2L1	0.012257579543317543
RP11-845M18.6	0.012244939948431746
CTB-31O20.8	0.012244708343824172
LPAR5	0.012243193455910743
RP11-15H20.2	0.012239529824545558
RP11-430L17.1	0.012236406366359179
RP11-863H1.1	0.0122338579344973
RP11-402J7.2	0.01222917685742133
RP11-138H8.6	0.012228516752689886
LINC00284	0.012228193575495263
AC104820.2	0.01222632837638597
MRGPRX2	0.012226133110581036
RP11-399E6.4	0.012219604361560025
THEMIS	0.012213473767862524
ETV5	0.012213183069681005
SRD5A2	0.012208813627084805
CTD-3224K15.3	0.012203655320012474
ACEA_U3	0.012200778028040201
RPS24P8	0.012195389594400223
PXDN	0.012193234725998233
CTC-436K13.1	0.0121929602891701
RP11-114H23.2	0.01218626726163188
OLFML2B	0.012184650960317494
C17orf49	0.012182941406110911
RP11-6E9.4	0.012178827152878277
C3orf58	0.012174255927627824
TRAV10	0.012170861450015167
RP11-299D14.2	0.012167869973891592
TRBV11-1	0.012164003091423422
NUDT18	0.01216013952704671
CTD-3131K8.2	0.012148254099759637
CTD-2600O9.1	0.012140540421338117
CTB-50L17.8	0.012137607112030477
TACR1	0.01213636852819351
RP11-460B17.3	0.012133881825994565
HMGB1P3	0.012131871895828893
CYP21A2	0.012122243236023428
XCR1	0.012121804845046987
AC005387.3	0.012120327830963656
RP11-849N15.3	0.012112931146732097
RP1-127D3.4	0.012112335109647716
AP000695.6	0.01210429340158647
AC114730.11	0.012103294949032065
CBWD4P	0.012101003578537333
WHAMMP2	0.012099356966942183
CITF22-92A6.2	0.012098897196336283
RP13-884E18.2	0.012092940504016391
IZUMO1R	0.012090229083224453
CCR2	0.012083599321065607
CTD-3187F8.15	0.012075864806390134
GLI4	0.012074228954806006
AF127936.3	0.012073008358579555
ITGA5	0.01206907432415901
MRPL41	0.01205745735688423
GIMAP7	0.012052106675000293
CNTN4-AS1	0.01204365785300718
CTA-929C8.5	0.012042899255686955
TOP3BP1	0.012040972770729675
HTR2A-AS1	0.012040252426001746
HOXA10	0.012039035162264797
RP11-1396O13.1	0.01203873525306774
ARHGEF7-AS2	0.012037044803417024
RP11-386I23.1	0.012035533838327216
CCL4L2	0.012031675793313105
CYP2J2	0.012031341988378942
AD000671.6	0.012027164627236403
CTD-2396E7.11	0.012024659359066754
GLIPR1	0.01202432121302491
RP11-939C17.4	0.012016528438575164
CTD-2135J3.4	0.012009662831599151
DGAT1	0.011993104727819002
MAS1L	0.011985135554500818
RP11-359K18.4	0.011985057301288304
RP11-530N7.3	0.011982509231564006
FTH1P22	0.011980480789523101
RHOXF1	0.011978232730064329
CTD-3012A18.1	0.011977722563312077
GGT3P	0.011977547517219116
RCN3	0.011976948233053349
RRS1-AS1	0.011975990945094968
PRR25	0.011973061275497054
LINC01539	0.011971026539717728
RNU7-193P	0.011967905560986099
PGGT1BP1	0.011958923866259331
CXCL9	0.011954956400038571
RP11-386M24.9	0.011948964771928937
SFTA3	0.011948850699254804
UAP1L1	0.011945527633512821
RPS7P1	0.01194540343299239
VN1R12P	0.011945289932184813
RP5-1091N2.9	0.011945259127897616
ACRBP	0.011944786479769817
NLRP14	0.011943472092129096
TIAF1	0.01194266169901076
RP11-118B22.4	0.011939052607554035
RPL32P1	0.011936056292951034
RP4-724E13.2	0.01193580428843511
TRAJ25	0.011930267920749846
LINC01117	0.011925652779986239
RP11-732A19.9	0.011922790325816005
RP4-713A8.1	0.011921330927864548
RP4-673D20.4	0.01192101196497578
CCL4	0.011918302983662966
RAMP2-AS1	0.011915826309049509
AC008746.10	0.011915574433704036
SUSD3	0.011914164738848581
RP11-674E16.1	0.011911013323946588
TSPAN15	0.011910639442142382
FAM229A	0.011908675945426111
CCL14	0.011906451846157688
NME3	0.011902350850919266
SPATA17	0.011895410969654841
SCARF2	0.011894080178213279
RP11-775B15.2	0.011893657729447876
RP4-568C11.4	0.01189246448100001
RP5-1180D12.1	0.011891849304425436
CCL3L3	0.011888865909678798
WNT8B	0.011888277966221899
LEAP2	0.01188615111681976
RP4-799P18.2	0.01188440004161946
IL3RA	0.011883012953071702
CTD-2651B20.6	0.01188290276690981
TRBV12-5	0.011882326246692984
SCT	0.011877696867317876
RN7SL842P	0.011877674668295935
RNU6-932P	0.011876641851472601
TRAV16	0.011873477860929606
RP3-467K16.4	0.011873462553745882
CTB-31O20.4	0.011872941225935294
ERICH6-AS1	0.011871548130683942
XXbac-BPG300A18.13	0.011870966316538811
RP11-386I8.6	0.011868625647886696
GLP1R	0.01186834425384549
Y_RNA	0.011867917153644943
RP11-223C24.1	0.01186325885465679
RP11-1055B8.4	0.011859708508046957
HOOK1	0.01185891260559361
RP3-402G11.28	0.011857926622244639
CEP70	0.011856566242392867
CRYAB	0.011855680792731754
TEPSIN	0.011854017679903187
POLR2CP1	0.011848903877630145
ERICH2	0.011848482855145654
RP3-508I15.21	0.011846881418259746
FAM3D	0.011846465520072378
ZNF358	0.011844197071983819
AC010226.4	0.01183704799978861
RP11-881M11.2	0.011832234102958085
RP11-271C24.2	0.011825639872728475
SPTSSA	0.011820115925763605
MIR6757	0.011817907628246416
RP1-151B14.6	0.011817063185142161
LILRA6	0.011816960515847796
RP3-514P16.1	0.011816802427398373
RP11-863K10.7	0.01180435438589843
LINC01091	0.011800805807886231
LAPTM5	0.01180047177685004
RP11-264E20.1	0.011800326926926799
RP1-122K4.3	0.011800052977201424
HS3ST4	0.01179764736480499
LINC01331	0.01179566541281061
MIR8071-1	0.011792202562719295
RPSAP70	0.011791056999392376
LINC00921	0.011790458943188928
FLJ27354	0.011788990119067744
MIR24-2	0.011788862518313967
RP11-120K18.3	0.011786537630088807
GGTLC3	0.011778909427574487
TLR7	0.011778790840493162
RP11-632K20.7	0.011775905248096949
CTD-2562J15.6	0.01177285562037744
ACAD11	0.011772795009729558
RP11-181G12.4	0.011769577015764183
RP11-681L4.1	0.011768113628623938
OR7E136P	0.011768008791962109
RPL7AP71	0.011760271253348805
RP11-257O5.4	0.011759158777085004
RP11-77K12.5	0.011755726639704627
RP11-703I16.1	0.011750050867635517
MIR6812	0.011744945179349585
ENPP7P7	0.011743181590514266
HNF1B	0.011742953316898787
RP5-875H18.10	0.011741851613410879
PAICSP1	0.011734187820605377
PPP1R14C	0.011725659342137831
RP11-385J1.3	0.011722693687358645
USP27X	0.011718491383128773
CA13	0.01171209510943291
LINC01607	0.011711726426605819
TRIM50	0.011709953238233484
RP1-7G5.6	0.01170704622616744
AATK-AS1	0.011704986920890061
LINC01515	0.011703209263340267
NOTCH4	0.011703184976962346
RNU6-967P	0.011703102658088202
SFTA1P	0.011701939643579204
TPMTP1	0.01170012492822164
RP11-133K1.12	0.011699997925392528
RP11-977G19.5	0.011697152944740977
AEBP1	0.011693572893893089
MPZL2	0.01168241337776553
AP1B1P1	0.01167657563577346
GPR39	0.011673870445277105
ZBTB46	0.011672411867407853
TGFB3	0.01166379219262429
ADGRG4	0.011662767703032364
E2F3P1	0.011662125999687767
LINC00685	0.011661808750966817
RP11-184I16.4	0.011661098665082253
TSPAN12	0.011659861751557941
RP11-64C12.9	0.011658685978277438
FAM53B-AS1	0.011657312183354095
RP11-14N7.2	0.011655546568535721
LILRA1	0.011652112500314659
RP11-165A20.3	0.011651271376821891
AJ006998.2	0.011651228825515942
FAM105A	0.011649632862369017
CTC-518P12.6	0.011648664396184656
RP11-927P21.4	0.011647835258268669
RP11-409C19.2	0.011646220780841413
AC130469.1	0.011641053511828835
RP11-161M6.3	0.011638857008828375
RPL14P1	0.011635697358773527
TLL1	0.011631213981845108
TTC4P1	0.011628935285748475
RP11-69E11.4	0.011628757594254252
EEF1A1P9	0.011626725637260237
C9orf142	0.01162632786070407
RPL21P16	0.01162430182191985
SNRPCP3	0.011622614822533114
OXGR1	0.011621377507300365
KCNAB1-AS1	0.0116147748001137
RP11-823E8.3	0.011613850121905743
AKAP3	0.011608489392254692
RP11-159D12.11	0.011606985805867649
RP11-438L7.1	0.011604290920730547
RP11-78B10.2	0.011603864895890416
MIR10B	0.011601270246078507
OR7E101P	0.011584454210348871
C12orf74	0.01158147554472996
TSPOAP1-AS1	0.011576505569185602
TNFAIP2	0.011576004988576702
KLRG2	0.011575953499477959
RP11-618M23.5	0.01157573632501492
RP3-333A15.2	0.011573403226948503
GPR174	0.011565905774313934
XCL2	0.011564532739190262
CTC-428G20.1	0.011562130648675497
CTC-471J1.2	0.011560786776364637
TTC30B	0.011558573325583453
RP11-4B16.4	0.01155842436332935
GRK2	0.011556013274505474
CTD-2521M24.4	0.011553533567135617
RPL23AP48	0.011552767384803372
VKORC1L1	0.011542266023364035
AC006129.3	0.011540433180577486
ALOX12P2	0.011532789747789478
RP11-386G11.11	0.01153179082341009
SLC10A5	0.011531598820366883
IGLVIVOR22-1	0.011531354040925038
C1QTNF2	0.01152362214533582
FBXO34	0.011522048908498181
CTC-347C20.2	0.011521807327104937
CTD-3001H11.2	0.011511039081725093
TM4SF19-AS1	0.011510434000792538
RP11-203H19.2	0.011507744914407897
RP3-329E20.2	0.011504834226201341
TMEM125	0.01150458590753042
SIK2	0.011502874211050937
NPIPB5	0.011499979535169024
CCR1	0.011496622280982133
PLCH1-AS1	0.011491890087394837
CTB-37A13.1	0.011490624380131773
RPS4XP5	0.011488489784270306
PRR22	0.011487079472869442
RP11-626H12.1	0.01148611031329617
CTD-3131K8.3	0.011485480542209209
NR1H5P	0.011484009759243833
MIR4801	0.01148163998186102
RP11-418J17.3	0.01148101735256413
OR2A13P	0.011478255329163835
NINJ1	0.011476652297067923
MT-TP	0.011468452159993895
RP11-845M18.7	0.011463712527961219
RP11-475D10.4	0.011462763452115365
NEURL3	0.011460563033505318
RP11-572O17.1	0.011460045191140973
MIR223	0.011450457191104721
RP5-1148A21.3	0.011449656742397722
ANAPC2	0.011448236528710368
MEOX2	0.01144215713112408
RP11-255G12.2	0.01143989627005384
SAPCD1-AS1	0.011438192331159294
RAD51AP2	0.01143531251896864
Y_RNA	0.011434800097017495
DOHH	0.011422104311294493
OXT	0.011421925436972454
FXYD1	0.011421254680318228
IRX1	0.0114202467595612
RP13-452N2.1	0.011420184899674994
RP11-324L17.1	0.011418578532751677
PLEKHA3P1	0.011416655148498503
CDKL2	0.011414787794776513
PPBPP2	0.011413163575153875
AC006160.5	0.011410618447970814
CTC-457L16.2	0.011408984621004613
AC005237.4	0.011408717862958214
CTD-2165H16.3	0.011405090012973273
CEACAM20	0.01140440273621561
RP11-568N6.1	0.011398395121853054
PGBD4P1	0.011397934931963324
RP11-1008C21.1	0.011393237262912142
TEX22	0.011388948569100728
HEATR9	0.011385859588248124
CH17-360D5.2	0.011385086736958483
PGM5-AS1	0.011383440373550146
AC139099.4	0.011379855398329565
RPS7P10	0.011379614602546011
CCDC85B	0.011376180762892851
RNU5B-2P	0.011368492977959544
CTD-3035K23.7	0.011366308982040996
RP11-163I18.2	0.011366106596049174
FZD1	0.01136579653588107
BUB1B-PAK6	0.011361330803087417
AC009495.4	0.011360713203113364
RP11-34A14.3	0.01135562259844442
SNORA14	0.011353383534125273
EIF4A1P12	0.011353227431118022
CLDN8	0.011345721959357898
ASB12	0.011345577149356963
RP11-342A23.1	0.011344472989452804
RN7SL172P	0.011343574660605737
GOLGA2P4	0.011342488315611982
SLX1A-SULT1A3	0.011338800238823532
AC018693.6	0.011335389046164572
AC007969.5	0.011335301717115148
MAP3K11	0.011335102628903138
RP11-178L8.7	0.01133450702249308
AC012506.4	0.011333271915719634
RP11-706O15.3	0.011332154897246207
C4orf32	0.01133167900834706
RP11-536O18.1	0.01133115793468459
SPNS3	0.011329532692898544
CTC-215O4.4	0.011325612996299061
CTC-435M10.12	0.011325511869662231
ATP5EP1	0.011323126740969865
ZNF775	0.011313482656214827
CTD-2588C8.8	0.011312767151978481
RNU7-192P	0.011305736250340273
TRGV4	0.011305155106801678
RP11-715H19.2	0.011303806394561371
RP1-202O8.2	0.011298063293807413
RNU2-60P	0.011297548726949875
RP11-295M18.6	0.01129373689691024
PLIN2	0.011291524535106779
GVINP1	0.011283738300801153
RP13-923O23.7	0.011270831971184463
CTA-223H9.9	0.01126403317568056
LINC00240	0.011260415771371447
RP11-520D19.2	0.01125588365294167
FGFBP2	0.01125370437941016
RP11-348M17.2	0.011250965084606577
GPRC5A	0.011249799635658673
RP11-31F15.2	0.01124510841691125
AC079145.4	0.011240910389101862
RN7SL477P	0.011238275746368112
ARL2-SNX15	0.011237456245804144
AC108488.4	0.011237397421344365
ETV5-AS1	0.011235316336347069
AC005539.2	0.01123300923216635
NCMAP	0.011228235338157195
SH3BGRL2	0.011226219700035015
C11orf1	0.011225947409389557
TRAM2	0.01122563706384587
RP5-1057I20.5	0.011217070531116285
MIR3138	0.011214795246094152
CTB-25B13.9	0.011211540851746133
RP11-552F3.10	0.011208163896203846
AC004067.5	0.011202320883805647
CTD-2622I13.3	0.01120045642266676
SEMA3F-AS1	0.011199678404602445
HCFC1R1	0.01119685174556752
AC108004.3	0.0111897036436566
BCL6B	0.011189036169284733
QTRT1	0.011188225762598737
HNRNPA1P47	0.011187718567713131
SAMD5	0.01118541003809007
TRBV7-3	0.0111827317809409
GPX1	0.011173580544988898
RP1-29C18.9	0.011173574887835259
RP5-902P8.12	0.011173349853457542
RN7SL363P	0.011173288019152388
RP11-394I13.1	0.01117098767494103
MYL4	0.011169525796024224
PYCARD-AS1	0.011169341582200874
AC098820.3	0.01116840239162632
SPIN4	0.011168309608968644
AC105393.2	0.011164776486121193
FAM225A	0.011164193934799676
RP11-373D23.2	0.011162933894650482
RP11-414H17.5	0.011162076525650115
GPX1P2	0.011161978797505108
MN1	0.01116166766899307
CTD-2035E11.5	0.011161392383608292
RP11-404P21.3	0.011160630265869201
AC002059.10	0.011155171188680323
RP11-476M19.3	0.01115474272220235
RP4-800M22.1	0.01115037492106983
WIF1	0.011148390971979217
RP11-218M11.1	0.01114646859842933
RGS9BP	0.011145272722976947
ABHD11-AS1	0.011144317733602471
Z84812.4	0.011143192657037658
PSMC1P9	0.011138618220734137
RP11-796I2.1	0.011136653903174348
RP11-431K24.3	0.011132982099568655
CYSLTR2	0.011132500720290957
STPG3-AS1	0.011131775554435968
GIMAP2	0.011128310274565349
SOX9-AS1	0.011127325774127637
RP11-2E11.9	0.011127307086394981
KB-1572G7.2	0.011123852173076472
ITGB6	0.011122152434054042
OR7E2P	0.011119440253997111
KCNS1	0.011119027657274587
RP11-1102P22.1	0.011118335574253211
SUPT20HL1	0.011108994754124218
TMEM120A	0.011108674430100638
ULBP3	0.011107783169778342
RP11-1C1.4	0.011107370280684164
SEC14L6	0.011104788689047976
MIR609	0.011104570053085511
LCE3A	0.011099638263341434
MIR4489	0.011097430281457566
EGLN2	0.01109602911836373
PTP4A2P1	0.01109512721270507
MIR4423	0.01109468568568468
FLRT2	0.01109381376599092
LA16c-329F2.1	0.01109174551895417
RP11-554D14.6	0.011089994898292798
BCLAF1P1	0.011088301166475039
VASN	0.011087798911342458
SPATA13	0.011084633217111683
IL18RAP	0.011083838085181926
RP11-203H2.2	0.011082638755848846
RPL41P5	0.011081906768306199
RP11-1212A22.4	0.011080891385107981
FTMT	0.011080681758249885
ZNF688	0.011080301792592073
ARL2	0.011077016270337777
RNASE4	0.011076683536584087
C10orf111	0.011075886058548787
CTA-445C9.14	0.011074488168711859
KDF1	0.011074431920926926
RP11-444D3.1	0.011073108096329163
CTBP1-AS	0.011072407530107577
MCF2L-AS1	0.011071893239794956
CTB-129P6.4	0.011069872333513671
LINC00310	0.011068212195884676
RP1-93H18.1	0.011063944384993609
RP1-163G9.2	0.01105797597510461
OSTN-AS1	0.011055916362579079
TPT1P12	0.011054377653778539
KLHL23	0.011053224777292404
CTD-2555A7.3	0.011050773954168718
RP11-388M20.1	0.01104992323665083
CTD-2555O16.4	0.011047496089907068
CDKL5	0.011046327987816015
C8orf37-AS1	0.011043637150992833
RNA5SP515	0.011038488343288544
CTD-2240E14.4	0.01103796074832148
UCN	0.01103576937559441
AC004112.4	0.011032800613723259
ACVR2B-AS1	0.011021805401442477
RP11-96C23.14	0.011020882977189162
AC005785.5	0.01102049496421981
AC008984.6	0.011019409296587492
GOLGA2P10	0.011018150018463818
SLC25A20	0.011016129118846186
RP13-824C8.2	0.01100542899649582
CD226	0.01100319330044478
RPS12P20	0.011001738293419291
RP11-831H9.3	0.011001127020287738
RP13-1039J1.4	0.011000989875628333
LOC100421166	0.01099741437115885
CRACR2A	0.010994655108268518
CTA-398F10.1	0.010990578748800266
RASL10A	0.01099006983745231
RP11-135A1.2	0.010989944769866863
RP11-116D17.3	0.010989555862752637
TNFSF14	0.010985423804201989
TVP23C-CDRT4	0.010983582238949826
RP11-50D16.4	0.01098343538778324
ANKFN1	0.010981593846725035
AP001271.3	0.010980985860443182
RP1-186E20.1	0.01097865192492387
MYZAP	0.010976461171317503
WBP1LP2	0.010973576432428637
RP11-65J21.1	0.010972889755591284
LSP1P2	0.010969115791207261
RP11-94I2.4	0.010968603382400651
SERP1	0.010967637787001388
RP11-154D6.1	0.010966917675892822
TRGV5	0.010965954468079775
AQP5	0.010962456153123941
RPL12P47	0.01096004136091466
HSPD1P1	0.010958841422269402
P2RX1	0.010958507865865117
C12orf49	0.010956319016677814
RP11-286O1.1	0.010955670514180626
STEAP1	0.010954630539941354
RP11-405M12.3	0.010952450447043724
RPL21P42	0.010949547046118236
RP11-1E11.1	0.010947803768389512
RRAGC	0.010947402577949758
GPAA1P2	0.010946866419448859
SOWAHD	0.010946558291469849
CARM1P1	0.010945703271296871
RP11-434D9.1	0.010944813449317244
TRAJ2	0.010944424233692254
RP5-1086K13.1	0.010942866584110974
PAICSP3	0.010942018627118714
RP11-217B7.2	0.010939085034872785
TBC1D17	0.010937783582611337
RPSAP22	0.01093771588300456
RP3-337O18.9	0.010931297250071796
RP11-730G20.2	0.010930872677831606
CLEC3B	0.010925014211882855
SDC4	0.010923164531378383
RP11-115L11.1	0.010921763309083543
HAS2	0.010920701052206449
RP11-277B15.3	0.0109193532588324
RP11-274B21.12	0.010915798219028062
LAMC1	0.010913981559977495
TRNP1	0.010911083259360726
AL158839.1	0.010910771898688871
RP11-176H8.1	0.010908490198521428
AC097495.2	0.010905991718687759
AC147651.4	0.01090281491373973
CTD-2547G23.4	0.01090076489022518
MIR3142HG	0.01090023693852938
MGC15885	0.010898375529628546
MRVI1-AS1	0.010897622801566517
GPR150	0.010897370761008943
AP5Z1	0.01089736554360308
RP11-204P2.3	0.010896937941874749
MIR575	0.010894764031911154
RP11-185O21.1	0.010894270712819107
Metazoa_SRP	0.010894247190351838
PDCD1LG2	0.010893663600811556
CTD-3023L14.3	0.010893295374957293
AC079922.3	0.010891502922861816
RP11-126L15.4	0.010886691067977376
LIFR-AS1	0.010886287990451396
CMTM8	0.010884668290247942
BCL7A	0.010884486202139502
MS4A6E	0.010884394173235692
KLHL30	0.010884087170030348
GPR31	0.010883916593952792
TRBV7-6	0.010877990220385613
SLC29A4	0.010877670066973053
ZNF519P1	0.010872853511157915
RP11-210H10__A.1	0.01087281185942634
RPL21P54	0.010872620570777192
GPR63	0.01087135299497622
RP11-264E20.2	0.010870545540214315
AC005775.2	0.010869289031876714
AC004490.1	0.01086771089052421
NUS1P1	0.010865065945538302
DPRXP4	0.010863004675187079
SLC22A4	0.010859728051254415
CTA-984G1.5	0.010858413085711524
RP11-542C16.2	0.010857939427280496
RP4-569M23.2	0.010854661598734652
CTD-2587H24.14	0.010850442368764946
LINC00592	0.01084944303940888
DENND4B	0.01084498832859521
HAND2	0.010844312301152638
PCDH20	0.010838871732848893
RP11-444A22.1	0.010838688959621133
RP11-148K1.12	0.010835212756022422
LA16c-358B7.3	0.010835174994969412
RP11-295I5.4	0.010833036938304725
RP4-671O14.7	0.01083192755140167
RPL17P35	0.0108314170340795
MIR4285	0.01082879200518134
RP11-357P18.2	0.010827034257635898
RPL7P39	0.010824608114508326
RP1-90G24.10	0.010823741831305316
FAM27C	0.010821711083074273
RP11-129G17.2	0.010820016665988325
AC007365.4	0.010819619545310884
ARRDC1-AS1	0.010816192269355438
RP11-452N17.1	0.010814210396083114
EIF3LP2	0.01081202945050448
AC102953.4	0.010811007430197285
AC010148.1	0.010804259906180554
ST13P5	0.010801667242341502
LACTB2	0.010797366559690113
AJ011932.1	0.010796316274588467
RP11-876N24.2	0.010796183962846517
OGN	0.01079532084791897
TMEM244	0.010794967756467579
AC093724.2	0.010792695824028297
CTD-2063L20.1	0.010785582905929552
CTA-305I2.1	0.010782028317575893
LINC00924	0.010776672842045943
ADORA2B	0.010773673751869075
AC104532.2	0.01077210874056143
RPS6KA6	0.010767196624011948
RP3-522P13.3	0.010762338351287567
SLAMF8	0.010761170297535448
FITM1	0.010758031210631522
CLDN19	0.010756328587181918
RP11-386M24.10	0.010755549765825656
ELK3	0.010755488182926133
IER5L	0.010751934738208601
RP11-324I22.3	0.010747784856009598
RP11-977P2.1	0.010746657470554024
GUCY2F	0.010746431510902203
TMIGD2	0.010745792278331192
RP11-578F21.6	0.010744840626124956
RPS15AP40	0.010741610719095846
CDC42BPG	0.010741444317033126
B3GNT3	0.010740447025322702
AC007386.2	0.010739974297655169
AC000068.5	0.010739839067686044
RP1-193H18.2	0.010739431489752644
RP11-632P5.1	0.010739393858243088
KLRK1	0.010739139108770872
FAM47C	0.010734100289689758
RP11-339B21.10	0.010731497761907313
ATXN7L3B	0.010731003634936252
RP11-476B1.1	0.010730078303984234
CTC-308K20.3	0.010724375230471957
RNF151	0.010724254962212063
CRTAM	0.010716329461778447
RP11-440K22.1	0.010715426508521479
RP11-124N2.1	0.010713852547354756
IL1RL2	0.010710819936357505
DENND5A	0.010710532160594812
RP11-458D21.1	0.01071019083615191
RP11-680F20.4	0.010709484060406293
FMN1	0.010709432132802227
NOA1	0.010707697629201507
XXbac-BPG249D20.9	0.01070757041000178
MYO1H	0.01070727003045302
CCDC148-AS1	0.010700619833785147
RP11-609D21.3	0.010700138349030955
CTC-542B22.2	0.010699182799339667
MIR4279	0.01069789523154106
U82695.9	0.010697890085069842
SH3D21	0.010697658669555564
RP11-429O1.1	0.010695955231329258
RP11-478C6.5	0.010695724678233145
OR7E47P	0.010694177519078375
CDC37	0.010693310546119597
HERC2P2	0.010691116260411308
RP11-368I23.2	0.010686526805924105
RNU6-729P	0.010686097987215863
RNU6-178P	0.010685896052325032
TRAV22	0.010682073566365522
RP11-717A5.2	0.01068140391180469
GDF5OS	0.01068000079159468
TPT1P3	0.010666851052315351
AF146191.4	0.010665373953938262
KCNK13	0.010664513548921525
FOXD4L3	0.010663471287871597
KHDRBS2	0.010661518927582252
HNRNPA1P67	0.010660105734096394
RP11-329B9.4	0.01065869037416417
RP11-295D4.5	0.010657123699478181
MT-ND1	0.010655461462509438
PTGER4P3	0.010652841687774669
RP11-1100L3.8	0.010651133525819619
MIR4326	0.010650045068736288
RP11-106M3.2	0.010644424109380464
RPL36P19	0.010643736158672824
RP11-522B15.1	0.010640209224685523
SERPINB9	0.010637639749828608
LRRC70	0.010637437729813081
SFTA3	0.01063545695692471
RP11-401O9.4	0.010635352053908026
RP5-875O13.1	0.010629685382076526
PLA2G10	0.010628166631112622
POLR2L	0.010626931534245324
LINC01197	0.010626003240794579
RP11-132N15.3	0.010623395948543347
OR7E100P	0.010622136231948286
CTC-510F12.2	0.01062013467946654
HOXB7	0.010618918021360637
CTD-2353F22.1	0.010617871633295209
MUC20P1	0.010615603059413715
ERICH3-AS1	0.010608780785548664
AC011524.1	0.010605186008364343
UNC93B7	0.01060201802026153
SHH	0.01060000685641306
FAM225B	0.010598582601690132
ADAMTSL5	0.01059780909624137
MT1CP	0.010594357595915916
HMGN2P47	0.010593202276474138
RP11-872J21.3	0.010590074533136772
BMPR1APS2	0.010588321640112064
PRELID3BP4	0.010587029886372829
XXbac-B33L19.10	0.010584353097935966
FGF7	0.010581832259347756
AP4B1-AS1	0.010581460810211015
C14orf1	0.010580795867713225
RP1-68D18.2	0.010580735044782175
NMUR1	0.010580387124721848
ASMTL-AS1	0.010577979136361259
AC009274.6	0.010573043862496951
SNORA48	0.010572278678606838
NPM1P25	0.010571334369698156
RPS29P2	0.010566769250267533
CTB-47B11.3	0.010562873197657183
RP11-45A17.2	0.010560015344331883
RP11-142E9.1	0.010554830754953708
RP11-378J18.8	0.010554645227617792
RP11-426A6.5	0.010553014408562456
NME5	0.010550268387342746
PLCXD2	0.010549254747694792
MIR200C	0.010547784859549972
TRMT112P4	0.010546891624219281
LINC01332	0.010546061916507522
ETV6	0.010543129423015711
CCDC188	0.010543011839147489
FOS	0.010541008556352588
PRRG4	0.010539389506741912
CTB-41I6.2	0.010534697812452443
IL21R-AS1	0.01053231173156163
ALG1L	0.010531309344298611
SLC45A4	0.010530744782843769
RP11-731D1.4	0.010530126700333542
UMODL1-AS1	0.010525958757748265
PTRHD1	0.010525431812742615
RP11-530N7.2	0.010521241718665803
STK19B	0.010512693156282222
RP11-22C11.2	0.01051141537700106
TSPAN1	0.010508936446241084
HCG14	0.010507381857626355
PART1	0.010507112572193897
CYP21A1P	0.010500518156606473
RPL19P20	0.010498946530530961
PAPSS1	0.010495206468783774
RP11-48G14.1	0.010494190485849722
CCDC89	0.010493423902750628
TRIM31-AS1	0.010490413437952158
RP11-1396O13.2	0.010489779374319528
HCAR2	0.010485703999118592
PRSS53	0.010484672022842652
ALX4	0.01048355592663033
RP11-474O21.5	0.010482598261022626
MIR646HG	0.010482492983322968
RP11-146F11.1	0.010481017814247607
RP5-875H18.4	0.010480695985986636
PLBD2	0.010480137383500898
RPL4P1	0.010476861671319065
GIGYF1	0.01047665152127554
RP11-1348G14.8	0.010475145739305513
RNU1-23P	0.010470341986597369
AC074212.5	0.010469255530208934
MYEOV	0.01046752614591143
RP11-489M13.1	0.010460637994302663
AP001052.1	0.010460323881409387
RP11-351M16.3	0.010458388544515283
PROCR	0.01045703592461811
COLCA1	0.010455903964991556
SOSTDC1	0.01045514984733138
RP11-20I20.4	0.01045188139600955
GHRLOS	0.010451137523923555
RP11-96D1.7	0.010449772757698908
CTB-55O6.12	0.010446881613028574
TNF	0.010446751373440644
PTP4A1	0.010445830785534425
LINC00866	0.010445199594389195
ANOS1	0.010442584864366765
RPL13AP7	0.010438480394870324
GRAPL	0.010436586796918853
HMGB3P5	0.010435848121145121
HSPA12B	0.01043276886483821
TRAJ41	0.010429806285896374
LINC00384	0.010428885632692873
TFAM	0.010425670814510976
KCNA4	0.01042288891166856
GOLGA2P7	0.010422103960122428
CXCR2P1	0.010419315146288697
RP11-357N13.1	0.010415261578003022
Y_RNA	0.010414498919078325
CTA-363E6.1	0.01041365228522135
AC005387.2	0.010412645020231013
AP000347.4	0.01041036521199508
RP11-20G13.4	0.010409457172971303
RP11-292E2.1	0.010405873725143129
NAALAD2	0.01040514125596487
RP11-262A16.1	0.010404086056397602
PEX13	0.010403005893253776
GOLGA6L10	0.010401954422632606
RP11-268J15.5	0.010401827359515024
Y_RNA	0.010396808787033928
RP11-350J20.5	0.010394756889806987
MIR135A1	0.010394491367715645
CETN2	0.010394254866297286
IFI35	0.010393737991392054
AC007292.3	0.010393426203249371
TCF23	0.01039302662165915
TRBV11-3	0.010391668805720606
RP11-108M9.6	0.010391277026643842
RP11-320N7.2	0.010390502877101478
CTD-2537I9.13	0.010390447204093179
ADAT3	0.010387085443199781
TPT1P2	0.010384065987942658
CHST13	0.010383143875842176
AF064860.5	0.010381019689013905
FAM186A	0.0103706259435827
CCDC169	0.010369821576855261
RP11-643A5.3	0.010369140548696582
RP11-732A19.1	0.010368700152180688
RP11-287F9.2	0.010367591572996186
JUND	0.010367549178076663
DARS-AS1	0.01036449898964841
AC007792.1	0.010363188101212643
CTD-2370N5.3	0.01036258066450179
RP11-59C5.3	0.010361194472826145
RFPL4B	0.010360234868258858
IFI30	0.010358722292932387
ANKRD18EP	0.010356485306114197
CCL15	0.010350364035224564
FAM230B	0.010349765775838923
CNPY4	0.01034943840663184
CXCL17	0.010345219983592557
FLRT3	0.010345025325308111
RP11-381N20.1	0.010343386355423262
APTR	0.010343376976787404
RP11-626G11.6	0.010343334134997783
AC131097.4	0.010342787208275332
NPM1P14	0.01034107195847562
HSPD1P5	0.010338831911413687
PPP1R3G	0.01033587866808843
MMP25-AS1	0.010334749781110281
MAP3K3	0.010328102004903984
FAM71F2	0.01032412844959821
HINT3	0.010323811110220325
AC093620.5	0.010319763752498578
CTD-2372A4.1	0.010317177490395315
ST13P15	0.01031515780471837
MIR6784	0.010315089966746146
CTD-2231E14.8	0.01031414355153704
EPHX3	0.010312442770828573
RP1-78O14.1	0.010311940646321216
RP11-392P7.1	0.010309652871928674
RP11-57H14.2	0.010309605232124633
RP11-803B1.3	0.010306130719992604
IRX6	0.01030565164995665
CCDC39-AS1	0.010303267012148553
SEMA7A	0.01030305478237701
DCHS1	0.01030222094387666
IGSF6	0.010300250496454631
RP11-389C8.2	0.010299939938014525
PRO1804	0.010299916201204226
EP300-AS1	0.01029704411135016
NRN1	0.010297005452062023
LCAT	0.010294290519242003
MIR23A	0.010290880761604658
FTLP15	0.010288902042523232
KRTAP5-9	0.010286933376442705
RPL5P12	0.01028532958677775
CTD-2555K7.1	0.01027841898953226
LINC01352	0.010278365705357916
LA16c-313D11.9	0.010274088130909412
LINC00398	0.010270342224526904
CRYGS	0.010270162198860398
RP11-254A17.1	0.010269610781691555
DUXAP1	0.010267481531363119
AC132008.1	0.010267260194025444
FABP9	0.010264845686816135
PAWR	0.010263544524281703
LA16c-358B7.4	0.010262471858767578
CTAGE12P	0.010260642086031323
ZNF254	0.010259402416382436
P2RY11	0.010258088508472091
RP1-154K9.2	0.010257020310683576
BFSP2	0.010250205200259682
CFL1P1	0.010249369730975866
RP11-443B7.3	0.010247770060668442
CTD-2554C21.2	0.01024559000315337
RP11-121A14.2	0.010243224758239347
AC009120.4	0.010242883798023596
GPR176	0.010242809329200341
TRAJ18	0.01024218507010133
HMGB1P16	0.010242064393306624
RP11-155L15.1	0.010242043218078058
TRAV2	0.010241496577167398
RP11-442N24__B.1	0.010239813374000624
RP11-597M17.1	0.01023917287176727
AC128709.2	0.010238721958488932
UQCRBP1	0.010235955862196047
AC023590.1	0.010234345257517251
KLHL33	0.010227178424466339
RP11-403P17.6	0.010226731516676612
SIRPB3P	0.01021613293452315
AC093702.1	0.010215256978039386
ARL4AP2	0.01021490240959128
GSDMA	0.010212866337580544
RPL5P24	0.0102124412863229
CCDC110	0.010210473151890305
GLIS2	0.010208928787771243
CTD-2574D22.3	0.010207892783103644
MEOX2-AS1	0.010207724101532973
RP11-867G23.12	0.010207314698439083
AC114730.7	0.010206346095123279
CTC-492K19.4	0.010202831348328329
SLC7A15P	0.010202689092979058
GRHL2	0.010202673471008264
RP11-863P13.3	0.010200174467638653
RP11-1260E13.3	0.010199899529251061
AC097374.2	0.010199177268810719
CRABP1	0.010197301302030589
RPS15AP12	0.010194600249492645
PABPC1P2	0.010191645904620404
RPSAP59	0.010190531737862824
PTPN20CP	0.010189425633064578
C11orf68	0.010189098462242389
RNF186	0.010186954117403951
FAM20C	0.01018605667473608
AC108463.2	0.010184603696174202
LGALS2	0.010183841648182602
GRAMD3	0.010183643792599534
GSTA4	0.01018359025397208
MIR4450	0.010181556825345484
RP11-212I21.5	0.010179640979832726
LINC00892	0.01017962296483412
RP11-384M20.1	0.010179575782472484
SLC31A2	0.01017905684585515
C1orf220	0.010178739531612597
RPS7P4	0.010174527823742632
SLC15A3	0.010173101054043137
CTD-2545G14.4	0.010168772171978317
RP11-277P12.20	0.010168386797192676
ANKRD18B	0.010164407339447378
FFAR1	0.01016361419002937
AP001471.1	0.010163395840262275
EMP2	0.010163152151264121
RP11-114J13.1	0.010162464273423313
RP11-288I21.1	0.010158167503769466
RP11-517I3.1	0.010156559814806843
HOXC4	0.010155929139772868
EEF1A1P1	0.010151985795171417
IGLJ1	0.01015197950398923
SLFN14	0.010150846453346817
RP11-141O11.2	0.010145051759976077
ITPKB-IT1	0.010144964028639842
CTB-31N19.3	0.010141492229252334
OR7E1P	0.01014078343430126
TPT1P1	0.010138035934367708
CHML	0.010137383000207131
TLR9	0.010134436224330197
EIF4A2P3	0.010133884007747064
LINC01116	0.010133725132887714
TM4SF1	0.01013270953291929
NUS1	0.010129703074182336
APBA1	0.010128867311327207
CSPG4P12	0.010127220813871081
SYNPR-AS1	0.010126782712519947
GJC2	0.010126659612652085
RP11-655C2.3	0.010125584810967269
RP11-442P12.2	0.010123953960690577
RP4-777O23.3	0.01012387402816539
AC092384.1	0.010120506432360007
KRT18P34	0.0101149194547298
PRR9	0.010114212272292991
RP11-80P20.3	0.010113114087342558
CTD-2184C24.2	0.010113022657518483
RP11-180I4.2	0.010112341562741312
HSP90AB2P	0.010111451359183172
MESTIT1	0.010110795100396973
RP11-46I8.4	0.010110493891978515
NUP62CL	0.01010811944547414
EEF1A1P6	0.010107694850370283
RP11-767C1.2	0.010104439258635247
RP3-354N19.3	0.010103124073667836
GAS5	0.010102883371054486
RP11-305D15.8	0.010102321806676699
RP11-96H19.1	0.010101936869854153
AC067945.4	0.010100932973318535
LINC01031	0.01009975031187744
CTD-2341M24.1	0.010098192881399033
RP11-113K21.4	0.010096482273380074
5S_rRNA	0.010095952818450776
PABPC1P1	0.010094362147404834
APOE	0.010088626178055955
CTD-2383M3.1	0.01008770553369801
RP11-730A19.9	0.01008762496996189
MIR4530	0.010085949947643238
RP13-516M14.10	0.010085810176437181
OR7E122P	0.010085303356029673
ADM	0.01008429967873019
MPZL3	0.010083219663449642
CPSF1P1	0.01008039247650821
RP11-322D14.2	0.010077295737094039
RP11-44N22.3	0.010076848073928328
KCNK3	0.010075865526635808
MIR4768	0.01007462872780925
FAM209B	0.010072907671351704
RP11-483E17.1	0.010072487574777664
SNORD104	0.010070167580213287
SLC25A1P3	0.010068761839129192
LA16c-390E6.3	0.010063888656552627
RP3-508I15.19	0.010060952209848002
HCG27	0.010051440402368305
RP11-707P17.2	0.01005136393124955
CYTIP	0.010047394452970152
LY96	0.010046848472017533
RP11-89F3.2	0.01004653138240317
RNU6-1039P	0.010046367873885782
MIR7853	0.010042448877749683
RP11-498E2.9	0.010041528956916861
RNU6-143P	0.010041021535014114
AC007386.4	0.010040081630572852
RP5-899E9.1	0.010039822360913934
ADRA2B	0.010036775819777976
PLA2G4B	0.010032131342895259
CTD-2270F17.1	0.010031832606622795
SIX5	0.010030882338775603
LINC01497	0.01002910078590121
RP5-1033H22.2	0.01002784243408575
ZNF702P	0.010026589981303208
TMEM55A	0.010026541282999178
STOX2	0.010026152521740436
RP11-285G1.14	0.010024826253490505
C15orf56	0.010023208937272892
Metazoa_SRP	0.01002101517089832
SNORD116-14	0.010020658286168533
FAM173A	0.010016878897864161
RP11-802E16.3	0.010016850336865514
PLSCR5	0.010016176322288795
HLX-AS1	0.01001514218017437
Y_RNA	0.010014982298826108
RP11-224O19.5	0.01001292528314047
FGF7P6	0.010009387055011561
RNF122	0.010008854153037665
CTD-2649C14.2	0.010008605470203831
CEP295NL	0.010006664993057366
ALKBH6	0.010006613047590289
RP11-521D12.1	0.010006532669431058
AC002511.3	0.01000334082558322
RP11-112J1.3	0.010003188600523726
TRAJ49	0.010000696749580184
RP11-87C12.5	0.009998875631123559
ATP5D	0.00999696877316365
GPRC5D	0.009993006038945419
MIR3671	0.009992903450944949
RP11-121A8.1	0.009989796391699158
IGHJ3P	0.009986178584739687
RAB40A	0.00998155581334516
RP11-90C4.1	0.009979794744767468
EEF1B2P2	0.009978681351090986
RNA5SP37	0.009977904416356861
MIR6814	0.009977020509248636
RP11-368J21.3	0.009976822581704133
RNA5SP334	0.009976801190383681
MRGPRF-AS1	0.00997621424286913
XXbac-BPG299F13.14	0.009976155628147307
RP11-619A14.2	0.009970893066497111
CNN2P2	0.009967955869133235
STK40	0.009964255389134109
GAN	0.009962064947432516
RP11-181E10.3	0.00995995423679508
RP11-282O18.3	0.009952806119781452
ZNF205	0.009950924636782276
CTA-992D9.7	0.009949252936789353
MIR4421	0.009949114191384546
TSR3	0.009945329112289696
RP11-49I11.1	0.00994062429998577
RNU6-943P	0.00993963203378009
MESDC1	0.009939103392204282
RNASEH2C	0.009938563530402527
CD2AP	0.00993533750650795
RNU6-1191P	0.009934631863424179
FHDC1	0.009933356215736404
RP5-907D15.4	0.009931129995359566
RP11-255E6.5	0.009930846061626643
AC105398.3	0.009930075500462368
C11orf72	0.009928795062919325
AP000282.3	0.009928721320489645
RP11-468E2.11	0.009926383885962073
RP3-395M20.8	0.009924942784650555
RP11-348F1.2	0.009922032243018691
RP11-121C2.2	0.009920609286693534
Metazoa_SRP	0.00991999959750716
RP11-1275H24.2	0.009919854698473462
RP11-597M12.2	0.009919511671184591
P3H2	0.009918405883968319
OR7E90P	0.009914859864139331
MIR6753	0.009910367895030308
RP13-465B17.5	0.009908703924487837
CLN8	0.009907425362662255
DSTNP4	0.009904619793367054
LINC00332	0.009903441864841173
RP11-649G15.2	0.00990042106014339
RP11-196B3.1	0.009900254061665137
F2RL1	0.00989992828311837
TRAV1-1	0.009899016137366221
RP11-155G14.6	0.00989532775108739
RP11-1260E13.2	0.009892563652463849
PAGR1	0.009892062955204688
MIR26B	0.009889485104076163
RP11-775C24.5	0.00988891698728239
AL022341.3	0.00988660558060621
HLA-DQB1-AS1	0.009886518998100832
GYG2P1	0.009885393271808315
RP1-142L7.9	0.009884163755575229
CTD-2024F21.1	0.009879822137264285
AC114730.2	0.009877026220970492
GPR68	0.009871469614423261
TMEM139	0.009871196264113669
ATP5J2P4	0.009863764609887929
RP11-569A11.1	0.009861926824606439
AC104843.3	0.00985982488024283
PROB1	0.009857487893531008
RP11-589P10.5	0.0098549489372668
AP001626.1	0.009852545890939193
CTD-3094K11.1	0.009852213867007303
RP11-568J23.8	0.009851895090578284
RP11-141M1.4	0.009850659823876742
RP11-713N11.4	0.00985051135629583
RP11-635O16.2	0.009845414542764944
RPL23AP10	0.009839760884890934
TWNK	0.009836931816424147
LINC00167	0.009835226875005034
RP11-500G10.5	0.009833271494401863
RP11-304L19.11	0.009832180527189828
FCRL4	0.009828909634625706
RP11-66C24.1	0.009826432006204923
RP11-68I3.11	0.009820455508157303
RP11-563H6.1	0.009818927355226922
AC104024.2	0.009817607140733216
CH17-189H20.1	0.009817273038866052
AC005329.7	0.009817026081017314
RPS2P36	0.009816623490084216
NKG7	0.009815150802295537
CTA-360L10.1	0.009814487272206046
KRT8P43	0.00981388031083075
CTSLP2	0.009813343649541584
LINC01090	0.009813238189522339
RP11-554A11.5	0.00981317740936089
TRAJ10	0.009809694730478985
HOXD4	0.009809060006174736
CH17-437K3.1	0.00980828234799745
MTAPP2	0.00980781586533819
NOXA1	0.009807055353804769
CTD-2536I1.2	0.009804392069091927
ASF1A	0.00980437332647002
VCAM1	0.009804313499542982
KB-1448A5.1	0.009798517565033795
ADAMTS15	0.009797905879471781
RP11-697E2.12	0.009797159416636288
RP11-789C17.3	0.009794496228678774
RP11-340F14.6	0.009794122632128232
MIR3657	0.00979406601026794
CCDC106	0.009793932254847402
RP11-996F15.4	0.009793810310977926
KCNJ12	0.009793499614625965
FCER1G	0.009792089503284562
TRIM71	0.009791496208904304
RP11-175D17.3	0.009791266349000006
AP001056.1	0.00979031086235349
RP3-495K2.2	0.00978895510952682
BNIP3P18	0.009785168704694354
RP11-240L7.4	0.009784499721939604
BANF1P1	0.009784007247251335
LINC01266	0.009782137382250476
RP11-147K16.3	0.009780761311624779
RP3-486I3.4	0.00977833083778873
LAG3	0.00977808920395661
SOCS1	0.009777856799212881
TLCD1	0.009777836927182615
TTC22	0.009775394557118842
RNU6-624P	0.009774522636198196
RP11-300G22.2	0.009773249725395994
LINC00598	0.009767553592348696
RP11-848G14.5	0.009766197088576366
ZSWIM5	0.00976404563859051
RP11-116D17.4	0.009763170293115476
CTC-453G23.8	0.009759667101066611
PFN1P2	0.009756837604795746
PLEKHA8P1	0.00975630275622605
NUDT22	0.009756078172838271
ZNF295-AS1	0.00975415597308464
STYK1	0.009750048338459362
RP11-756P10.1	0.009750013738895192
RP11-613M10.9	0.009749360970601252
RP11-368L12.1	0.009749220821644287
COLGALT1	0.009743836925334115
RPS17P1	0.00974334056096495
RP11-264B14.2	0.009742752216821129
GSDMD	0.00974176249746201
LINC00445	0.009740967492001111
CTD-3224K15.2	0.009740634696981249
EEF1E1P1	0.009739045612610738
IGLC5	0.009738719685365656
THEM7P	0.009737507677953356
AC004691.5	0.009737489207203583
LCT	0.009736452224253187
GHRLOS	0.009734954247112865
LINC01023	0.00973256179292037
RP11-766N7.3	0.009730436270615367
RP11-832N8.1	0.009730281130396744
AFDN-AS1	0.00972587737462804
CTD-2313J17.1	0.009725082770661274
RP11-407G23.5	0.009723472672085034
AGAP6	0.009722185388268115
MARVELD3	0.00971985854382686
SERTM1	0.00971799720780192
EXOC3L4	0.009717596327227802
LUM	0.009717200357655963
RBP2	0.009716590933055323
RPL4P2	0.009715502885836566
MIR150	0.00971518056360846
TRAJ38	0.009715147112689861
COX6CP2	0.009714858349377848
MYO16-AS1	0.009713566606980131
FAM89A	0.009712685718492342
RP11-451B8.1	0.009710545244356187
C1orf106	0.009708577131637204
RP5-1057I20.6	0.00970770405430753
RP11-143J24.1	0.009702732042333035
PISD	0.009702572472352362
POLD4	0.009700361394394917
RP11-326G21.1	0.009699430534786412
AC004985.12	0.009698743692266042
CTB-40H15.4	0.009698082330009187
LINC01341	0.009695568173396259
STON1	0.009691977335633055
RP11-214O1.3	0.009689803782578277
LINC00940	0.00968903213606477
RP11-72I8.1	0.00968669798577098
IFNG	0.009686121258916767
RPS6KA5	0.009684942205301018
RN7SL36P	0.009684224214432872
RPS8P3	0.009679753202686082
NATD1	0.009679218983870105
RP11-399H11.3	0.00967723339686582
RP11-7I15.4	0.009675829025915838
FAM103A1	0.009675235162658084
UBE2E2-AS1	0.009673032068012706
PNKP	0.00967189305394934
HSD17B2	0.009665990370113715
LINC00993	0.009665404516111399
RP3-402G11.25	0.009662166994868684
FAM96AP2	0.009660171777804809
CHKB-CPT1B	0.009659605334842431
ZNF865	0.009646736380561013
RNF150	0.009642680597230382
ZNF487	0.009640408628645873
CTD-2587H24.1	0.00963864181537841
PCBD1	0.00963766385770449
WDSUB1	0.009634336405296538
DCLRE1A	0.009634331494675848
RP11-449H3.3	0.009633815373122526
CYBB	0.009633522721220486
AC139099.7	0.00963247242144101
LRRC37A7P	0.009631370550959126
COA7	0.00963041059866202
FGD5	0.00962944003109929
MZF1	0.00962888671763841
IDI1	0.009628613115894762
RP11-973D8.5	0.009625641882203636
MXD3	0.009625477458515804
RP11-264B17.2	0.009625434495243662
CTD-2135J3.3	0.009622304116856733
RP11-331H2.4	0.00961550733891287
RP5-1057I20.4	0.009613690760591558
AC098824.6	0.009611407083967021
AP001058.3	0.009610341973286696
UBXN10	0.009608340249468243
GTF2IP13	0.009606553291419472
AC068580.5	0.00960615542666456
DNM3OS	0.009604348747260912
GPD1L	0.009602864321916985
RPS2P35	0.009601914421833006
KCTD12	0.009600572898317698
RP11-152F13.8	0.009600098203414039
RP11-1293J14.1	0.009600080761206256
MARCH3	0.00959952772937182
RP11-296L22.8	0.00959859343240127
GAL3ST4	0.009597105113200737
CCS	0.009595899644509966
AC091814.2	0.00959516257661546
RPL39	0.009594444396446584
RP11-170K4.2	0.009593651223411891
RP11-521C20.2	0.009593356990889373
RP11-325F22.2	0.00958974300850169
CTD-2527I21.15	0.00958065702504163
KBTBD7	0.009580398472092022
RP11-794P6.2	0.00957900252861644
LINC01396	0.00957628297684068
C12orf80	0.009574884150296429
XXbac-B476C20.9	0.009574702590024796
STUB1	0.009574617662535829
LANCL1-AS1	0.009572018648176249
RP1-198K11.5	0.009569006668273334
RP11-234K19.1	0.009568630678361237
MIR887	0.009567975454167632
CTD-2022H16.3	0.009567490089601057
AC016712.2	0.009565333569959988
LMNTD2	0.00956530886929375
RP11-115N4.1	0.009563258036229235
C1orf54	0.009563165995072172
RP11-384P7.7	0.009561085771092138
LIPT2	0.009558478390360187
OR7E37P	0.009557693831798861
TSPAN13	0.009556846291059016
CTD-2161E19.1	0.009555447204635924
CTD-2033C11.1	0.009552970753728652
RNA5SP383	0.009552310887314461
RNU6-955P	0.00955146870769483
RP11-165F24.5	0.009551313467139439
Y_RNA	0.009551033078906849
RP11-245J9.6	0.009550928517809396
RP11-753H16.3	0.00954964405071823
AC073115.7	0.009547770064552985
MIR647	0.009543885926734096
CRB3P1	0.009542356252678139
KB-176G8.1	0.009541239048384846
RP11-465B22.8	0.009540525073713975
C19orf71	0.009534536781427504
TERF1P5	0.00953431150421937
AP001469.9	0.009532293116565288
RP11-274B21.4	0.009532110312984355
RFWD2P1	0.009531536436269646
AC026471.6	0.009529864440209654
RP11-701H16.4	0.00952902389561094
RP11-144G6.12	0.009528849548358349
RP1-232L22__B.1	0.009527936704420386
RP11-317O24.1	0.009524792459650098
FIRRE	0.009524578089965699
CKMT1A	0.009519413797519033
RP11-247L20.3	0.009517775680275457
RP1-224A6.9	0.009512604913469495
CTD-2537I9.12	0.009512352546747064
AC007405.6	0.00951188584556662
RPS3AP37	0.009509240369945141
DPY19L2P5	0.009508804875620473
AC026150.6	0.00950632865607252
AC009495.2	0.009503223916549923
LLNLR-307A6.1	0.009502566990467122
PDZRN3-AS1	0.009502549163697
RNU6-920P	0.00950040890876135
TRDJ2	0.009494725475257123
IGHD6-19	0.009493827732135106
PWWP2AP1	0.009492533351912863
RP11-529H20.3	0.009488946438366102
RP11-118A3.1	0.009486373708924023
SMPD1	0.009484041052366797
RP11-73M7.1	0.009483379964917212
ZNF561	0.009481841887988339
AC003986.7	0.00948133935971927
AC073133.1	0.00948069394743999
CTC-429L19.3	0.009479872959184184
IL9RP3	0.009479585128861915
OR5E1P	0.0094788383262863
RP11-388C12.1	0.009478096692011601
KRT18P20	0.009476683701258154
RP11-167N4.2	0.009476648715672118
CCDC153	0.009475637707334046
RP11-561C5.4	0.009473967370072537
RNU6-1300P	0.009473565678582308
SPRY1	0.009472906472844659
FRMPD4-AS1	0.009472500837445826
RP11-10A14.4	0.009472166104004587
SLC35G2	0.009470714200723443
SNORA66	0.009468066514594517
LL0XNC01-250H12.3	0.00946701157584324
RP11-699L21.1	0.009465125763696727
RP11-787D11.1	0.009463519372762545
RP5-965G21.6	0.009461827541110796
Metazoa_SRP	0.009461616608867705
LINC00114	0.009460743950935985
CTD-2555A7.1	0.00946057680970123
MKNK1-AS1	0.009460471869029161
RP11-505P4.6	0.009460056930403549
UVRAG	0.009455662602778504
RIBC2	0.009454482050346503
RP11-347I19.7	0.009453895774886057
RP11-548H3.1	0.009452981486761047
MBLAC2	0.009450800773693913
RP11-672A2.4	0.00944864723947159
RPL3P13	0.009447701623470296
PGLS	0.00944571396627349
P2RY14	0.009445093030388953
PTGER4	0.00944269418199281
AC005152.3	0.009442158702842075
OCM	0.009441005228457885
TICAM2	0.00943903338914824
TMEM143	0.009436316493545408
RP11-547M24.1	0.009436239887014908
RP11-355I22.2	0.0094327216356742
RP11-69M1.6	0.009428349851216173
AC012314.8	0.00942635951882131
RP11-38G5.4	0.009422535493992598
RP11-228B15.4	0.009421507845868357
CKMT1B	0.00942024929841455
LL0XNC01-116E7.1	0.009420139902940683
PLA2G4C-AS1	0.009418372135079092
XXcos-LUCA16.1	0.009415712871031384
CTC-453G23.7	0.009413793590385404
NRTN	0.009412395019053006
SLC26A4-AS1	0.009409851221346665
AKR1D1P1	0.009409337372722553
RP11-466C23.5	0.009407956318284153
CYYR1-AS1	0.00940543998354791
LNX1-AS2	0.009404614757641285
RP11-2E17.2	0.009402350806227566
AC072062.3	0.009400260497917411
RP11-314A20.1	0.009398588475771746
C1orf132	0.009397840644070373
LRRC37A14P	0.009395954180456008
CCDC152	0.009394645319278397
KIAA1614	0.009392909132536221
DEGS2	0.009392421369980279
RP5-856G1.2	0.009392209448942358
SMIM2-AS1	0.009391588892722928
SH3GL1	0.009386316483483537
RP5-901A4.1	0.009382880702127049
MIR503HG	0.009382396625952832
RP11-83A24.2	0.009382331313491601
PALD1	0.00938103225682463
HSP90AA6P	0.009379880284133835
RP11-346C20.3	0.009379232849049448
PIGR	0.009377937816961208
GIMAP5	0.009377883069789478
RP11-36B15.1	0.009377532541648597
GPR142	0.009376071222337926
TMEM65	0.00937550440600697
GPR25	0.009374823037261764
SOCS7	0.009373111876453928
GPR84	0.009372699964082475
ITPKB	0.009369172998471686
AC093585.6	0.009369163624673873
AL022345.10	0.009368642178458368
SLC30A4	0.009368628363695525
CEP57	0.009366882670198815
HNRNPA1P72	0.009363958006503128
AC006026.13	0.00936390391873691
RP5-965G21.4	0.009361056403282426
STMN1P1	0.009359412507367517
RP1-90G24.11	0.009359234052144108
RP11-53B2.5	0.009356555154129554
LINC01340	0.009356407199090047
RP1-310O13.7	0.009355984917916853
MIR4524B	0.009355677773536884
CHRNE	0.009355316782855899
ORAI3	0.00935485135891835
GIPC3	0.009353644953588753
RP11-109E24.1	0.009352603636458099
AC078899.1	0.009352474046186198
PPP1R2P2	0.00935201082817616
CTC-548K16.6	0.009350013744976493
SNTA1	0.009349816788277924
ECH1	0.009349567610950247
RP11-104D3.2	0.009348096611763302
LINC00908	0.009348079769459535
RP11-177G23.1	0.009347742734388433
PRSS44	0.009346849493016307
GZMAP1	0.00934683566021445
NPM1P12	0.009342799030874933
RP11-303G3.6	0.009341723078467258
ZNF524	0.009341162986328417
TRBV13	0.009341023575349891
ITPRIPL2	0.00933996930792522
RP11-44F21.5	0.009339790013268493
RP11-513O13.1	0.009339214169285882
RP11-428J1.2	0.009338286186993679
FREM3	0.009337274192043055
DMRTA1	0.009337247971918627
AC007879.6	0.009334444026112375
MIER2	0.009333772395774514
RP11-162J8.3	0.009333564978303956
RP11-463O9.1	0.009329478616392394
RP4-563E14.1	0.009329084042242742
RP11-761I4.4	0.009328881454403911
HAND2-AS1	0.00932796046568184
CILP2	0.009318991086725974
CTD-2017F17.2	0.009317784878724682
CTD-2530H12.2	0.009317425827814288
KCND1	0.00931632513467634
RP11-144L1.8	0.009314304397782334
SESN2	0.00931282290686856
MIR3176	0.009310462122926487
AP000255.6	0.009310343075089869
CTBP2P4	0.009309758003555674
GH1	0.009304616218572441
RP11-426C22.4	0.00930426445609478
RARRES3	0.009303238918920346
FOXD4L5	0.009302125708102604
RP4-733B9.1	0.009299403988024148
GS1-388B5.1	0.009299318972558262
AMN	0.009298044058116593
AC103563.9	0.009296056780338778
RP11-196E1.3	0.009295866722468722
C2orf71	0.009294721982716298
OR2I1P	0.009293541410280921
RP11-363N22.3	0.009292834654600087
Y_RNA	0.009292244641474478
CTD-2026K11.4	0.00929134277183298
SCARNA17	0.009289196908556953
CTB-113I20.2	0.00928561848491146
DBNDD2	0.009283191443581017
MRPL14	0.009278960453732948
AC006547.13	0.009277792694749284
RP11-583F24.7	0.009275162501130842
AC012613.2	0.009273502276584576
RP11-359D14.3	0.009270669280979147
IL27	0.00926990530604355
RNF222	0.009265773104849261
CYP2D7	0.009263429262410798
MIR1290	0.009263339256815432
AC023669.1	0.009262473988132304
AKAP17A	0.009262101508276053
AC012454.4	0.009260833151321273
OR10AC1	0.00926066215240245
RP11-392E22.11	0.009259864754264987
MIR1295A	0.009259817966527953
CARD11	0.009257734846029937
RP4-800G7.2	0.009256305842687298
RP11-819M15.1	0.009254181274095658
RP11-616M22.5	0.009252271283319772
TRAJ12	0.009251306456794436
COMMD2	0.009250268955875926
RP5-945I17.2	0.009250021542689175
RP5-991G20.1	0.00924996333746032
RP11-706O15.1	0.009249568183695475
AP003774.1	0.009248731616377265
GNPTG	0.009248457626989563
RP1-55C23.7	0.009246412352255368
MIRLET7D	0.009244083220847335
AP000432.3	0.009240754085279163
LINC01600	0.009239953133394303
RP5-858B6.3	0.009239091311482433
AC137932.5	0.009237103622511164
AP006621.6	0.009235679282404052
RP11-360K13.1	0.009234453370725593
RP11-686F15.2	0.009233779811889227
STPG2	0.009232543963433112
LINC00494	0.009232502385104245
ARHGDIB	0.009232109813717169
HSP90AB3P	0.009231679505588645
MRLN	0.009231269836965796
RP11-358B23.1	0.009230055796116151
LINC01018	0.009227919756869853
SMCO2	0.009225641953409844
DARS	0.009225633888806314
SPIRE2	0.009225564075165671
RP11-727F15.9	0.00922514139383779
RP3-467N11.1	0.009224733034496281
RP13-977J11.2	0.009223160317926476
RP1-213J1P__B.1	0.009222491806270714
HERC2P10	0.009222245851939764
AP002856.5	0.009221527910817439
CNN2P3	0.009219177922923706
AC009060.1	0.00921878950624914
RP11-64C12.1	0.009218624009040562
TRBV10-1	0.009216917028821983
RP11-342H21.2	0.009216822766774756
RP11-181C3.1	0.009215390305277037
ARFGEF3	0.009215021369027738
RP11-184M15.2	0.009213790072450103
RP4-785G19.2	0.009213296787024374
LINC01376	0.009213025320606149
ZNF385D	0.009212954204827796
TRUB1	0.009208485669896576
HERC2P9	0.009206731700740985
SMIM10	0.009206421253968217
IGHG2	0.00920432582626482
AP006621.5	0.009201085409229651
PTP4A1P1	0.00919910605550725
LINC00603	0.009198356031256119
RP11-79N23.1	0.009197657341150264
RPL39P3	0.009197380240587923
EIF4BP7	0.00919721087464905
HNRNPA1P8	0.00919601851295411
AGAP11	0.009194869331424622
MIR8083	0.009191713165707915
AP001062.7	0.00918749874400808
AF127936.9	0.009187378170344854
RP11-184M15.1	0.009187157296243656
TRAM1	0.009186364688960651
ST13P20	0.0091840772870992
CHMP1B	0.009183547114271013
MSS51	0.009183149636694444
MLYCD	0.00918124466167394
RP11-116D17.5	0.009178940983459045
RP11-627K11.6	0.009178100388635592
USP51	0.009175356859740054
RP11-360D2.2	0.009175058965173625
MIR1249	0.009172865357882158
AC006538.8	0.009171152779476693
CTD-3092A11.1	0.009171069414940064
RP11-803B1.2	0.009170805892208705
SOCS3	0.00917077411753081
CTAGE1	0.009170688163705918
RP11-254A24.2	0.009168746525239824
TESC-AS1	0.009163803518660581
ACAT2	0.009163375276082849
CCDC116	0.009162404415825387
HSPE1P9	0.009160274181934583
SLAMF9	0.009159373402040741
RP11-1096D5.2	0.009157501343139736
CXCR6	0.0091573834291086
RP11-554F20.1	0.009156431529802046
ANKRD26P3	0.009154255781183824
TMEM45B	0.0091540480670514
RP11-433A10.3	0.00914865214326435
AC009120.9	0.009148353748384694
RP11-411B10.2	0.009147797078951645
IGHM	0.009144646658292984
RP4-671O14.6	0.009144424536737712
COX11	0.009144345944986662
DECR2	0.009143481413345537
RP5-897D18.1	0.009141688257600748
RP13-1016M1.2	0.00914161345461478
FAM220CP	0.009141585877015511
RP11-477I4.4	0.009141483916147934
AC009495.3	0.00913894172861165
RP11-192H23.4	0.009138738617802563
ZNF883	0.009136348237966016
CTD-3162L10.1	0.00913509223170133
BARX2	0.009135057148219205
SMG1P7	0.009133150078334547
RAD18	0.009131612103259107
RP1-66C13.4	0.009128297409678566
RP11-778D12.2	0.009127544454769758
AL161668.5	0.009125009540154999
RP3-370M22.8	0.00912367897644624
HLA-L	0.009119974025588631
AP002856.7	0.009117891724800967
RP11-342M3.5	0.009115622831854261
HRK	0.009115068869047996
RP4-569D19.5	0.00911343325735843
GPIHBP1	0.009113261873393199
RP11-376N17.4	0.009110612197236592
AGGF1P2	0.009108446780892244
NUDT19	0.009106532752962873
RP11-35G9.5	0.009103776696799005
SNX4	0.009100649707493925
CEACAM6	0.009099441314487774
NOTCH1	0.009099384225184635
C3orf20	0.009098026720485139
TNK2-AS1	0.009097507706941394
NUDT15	0.009096242221036641
NPM1P24	0.009092527705179095
VPS9D1-AS1	0.009090269811313842
TPPP3	0.009089505145984068
RP11-164O23.5	0.009089260713707515
TMEM41B	0.009088949217172152
AP003774.6	0.00908871832699114
RP11-295P9.12	0.009084780183136788
RP5-1065J22.4	0.009083336100293818
AZIN1-AS1	0.009080979894024826
CTD-2012K14.7	0.009080100908853441
CCL2	0.009078502112564455
RP11-455O6.9	0.009073351932029163
OXTR	0.009072588201424679
RP11-404F10.2	0.009069788981586958
P3H2-AS1	0.009069661195014383
RP5-1125A11.6	0.009059098080592182
RP13-131K19.6	0.009058632853241082
MAB21L3	0.00905749609505151
RP11-544M22.1	0.009055865130381341
TNFRSF1A	0.0090553455222358
RP11-326C3.15	0.009054009152128839
yR211F11.2	0.009053736515916245
RN7SL668P	0.009050882889904098
RP11-701H24.3	0.009050319207090951
RP11-756H20.1	0.009049997905489375
FTH1P19	0.009046923063730993
RPS3AP14	0.009045734268541427
SMARCC1	0.009039951790877538
RASSF10	0.009038330756388845
U73166.2	0.009038291781678663
ZFPM1	0.009037283462741571
RP11-399B17.1	0.0090372527646524
RPL17	0.009034808315224201
KPNA7	0.009034489047060737
TEX26-AS1	0.009034289326392378
CDNF	0.009032588982577638
AC020594.5	0.00903171766207604
CTD-2527I21.14	0.009031296468145954
TM4SF1-AS1	0.009030857605745962
FAM150A	0.009029917310155287
RP11-476H16.1	0.00902983897061461
MTRNR2L3	0.009028301402911556
CCDC92	0.009026999869366168
DLL4	0.009026136673075136
RP11-404O13.1	0.009025367606012852
MIR6881	0.009025192058557098
AC002306.1	0.009022444772344188
AFG3L2	0.009021336391832236
RP11-545A16.4	0.009018226525921267
RP11-167B3.2	0.009017377385422761
ZBTB33	0.009017357161439974
LINC00852	0.009014209447955555
PPIAP22	0.009012944651688445
AC093484.4	0.009012763438323055
RP11-144G6.4	0.009011158627128953
RP11-57K17.1	0.009010918315132243
LINC00323	0.009010040626974409
TRAJ5	0.009009786613999782
CTD-2194D22.2	0.00900900078364859
NTF4	0.009008951994000019
AC004623.3	0.0090076218850322
SNORA70	0.009006203992141039
CLEC9A	0.00900469285891929
CAPN15	0.00900424775500617
CTB-133G6.2	0.009003074041404543
ANGPTL6	0.008998230172100092
MIR6076	0.008998007370387697
PIK3IP1-AS1	0.008997525187610926
NCAPGP2	0.008995875151987062
RBP5	0.008994464510356273
CH507-145C22.1	0.008993571709135105
RP3-508I15.22	0.00899149570005747
RP11-806L2.2	0.008991279610589237
RP11-671M22.4	0.008987847609867405
ACP2	0.008987635478991597
CTD-3137H5.4	0.008987048017857302
RNU2-5P	0.008985998562934555
TRBV24-1	0.008985343210542214
RP11-174N3.4	0.008984525789512712
CTD-2507G9.1	0.008983745521375064
PENK	0.008983415424541572
HMGN1P4	0.008983267600258471
ZSCAN23	0.00898307558346023
TMEM200B	0.008981299041073176
RP3-405J10.3	0.008980542755700423
OSM	0.008978880087923628
TIPARP-AS1	0.00897818380740261
AK8	0.008978077445056881
AC008154.4	0.008977218101214213
ZFP36	0.008976290206959562
FZD5	0.008975871140347065
SIGLEC14	0.00897234074948049
RP11-609N14.4	0.008971988061995692
SLC25A35	0.008971528033256553
AP002856.6	0.008970918360961542
RP11-1D12.2	0.008969966598379491
MAP3K14-AS1	0.00896982864433926
EEF1GP3	0.00896970738876537
RP11-441F2.4	0.008969403660194978
EVI5L	0.008967277582289962
MS4A14	0.008965731111235584
RNA5SP288	0.008963453592676305
PTCSC3	0.008962963794594579
KEL	0.008961575962998498
HLA-DPA3	0.008960829606577566
RP11-374M1.2	0.008960529847915169
SOWAHC	0.008958675504951202
CTB-180A7.6	0.008955408048736239
OCSTAMP	0.008954479037305662
AC092657.2	0.008953992309892847
CTD-2525I3.2	0.008952586691543921
NUMBL	0.00895212165382883
RP11-192C21.1	0.008951198298733684
LINC01465	0.008949687160272064
ANGPT4	0.008948326529712836
LINCMD1	0.008948243734697946
RP1-244F24.1	0.00894639944254179
RP11-141J13.5	0.008946207983224066
MZT1	0.008944581020673264
MARS2	0.00894435654717432
TNNC1	0.008942577678905855
RP11-317N8.4	0.00894255682982686
RP11-578F21.4	0.008941778254761116
LINC00920	0.008940100298310024
FFAR4	0.00893859832556881
RP11-452L6.8	0.008938340528872449
C6orf132	0.008937948123757401
FAM133CP	0.008934517858511709
AC078883.3	0.008934296715021599
RIMS3	0.008933725608920634
RP4-598P13.1	0.00893340463871041
AC012531.25	0.008933339092424138
NKX2-1-AS1	0.008933084062610395
TCTEX1D1	0.0089325562224278
RPL4P6	0.008932540623342458
SNORA46	0.008932309345189448
CTB-129P6.11	0.008927833892019925
CCDC124	0.008926132321039155
RP11-211G3.2	0.008920935379472233
RP11-364L4.3	0.008914423186978562
ZNRF2P3	0.008913604673821072
CCDC121	0.008913151505054503
GABPAP	0.008911190649916483
RP11-1017G21.5	0.00890757536820549
CEACAMP6	0.008907438377870603
RP11-121E16.1	0.00890709272504592
RP11-212P7.2	0.008906326023908664
RP11-67A1.2	0.008905936417516813
GMCL1	0.008904892264899206
RS1	0.00890348851583387
ACOT1	0.008903305902086146
RP11-21C4.1	0.008899044706005135
CD1B	0.008898139760264502
RP11-561B11.2	0.008897794892736297
RP1-153P14.3	0.00889723375288512
CTC-398G3.1	0.008897139365211224
VIPR1-AS1	0.008896955691209161
RP11-25K21.6	0.008896903122369515
HNRNPA1P42	0.008895867662564269
IRGM	0.008894471512004107
RP5-1065P14.2	0.008893585977956473
RP11-96H17.1	0.008892483739466337
RP11-158M2.4	0.008892069374867547
MIATNB	0.008890975240592288
CTC-550B14.6	0.008889075426366204
RP3-461P17.10	0.008884200664637862
TRAJ6	0.008883731186524267
CD69	0.008883037663887088
SIAH3	0.00888135788209642
LTB4R	0.008881039003273507
RP11-983P16.4	0.00888029346807872
HLA-DMB	0.008880104386856512
CSPG4P10	0.00887916361752527
HEPACAM2	0.008875839948441572
COX7A2P1	0.008873158389156064
CNTN5	0.008872670482181398
RP13-43E11.1	0.008871708714797368
SLC39A4	0.008870371738475082
RP11-46H11.3	0.008870014631594047
RP11-109G23.3	0.008869997058037506
RP5-1031D4.2	0.00886829823034764
RP11-568J23.2	0.008867977580300482
LINC00954	0.008864688200756103
IBA57-AS1	0.008864232182998776
RP11-34P13.15	0.008861845689329679
RP11-18H21.2	0.008860396763929202
RPL23AP74	0.008859626105743885
RP13-516M14.2	0.008858519992143257
MNDA	0.008858335439042526
SGCG	0.00885766141231907
KB-1410C5.5	0.008856009902602326
AOAH-IT1	0.008855857658954561
CTSW	0.008855739917093215
AC008088.4	0.00885455805616636
ITPR3	0.008853855208795964
RP11-523O18.1	0.00885354177823326
DRAP1	0.008853060184721128
RP3-407E4.4	0.008848017972608459
RP11-644L4.1	0.008846962040959652
Y_RNA	0.008846877485226041
RP11-317P15.4	0.008845331016214887
ATP6V1E2	0.0088442476240817
KB-1000E4.2	0.008842567102674928
UPP2-IT1	0.008841902601362736
TAT-AS1	0.008839965710161445
RNA5SP21	0.008839679433712886
CTDSP1	0.008839613631814163
CD93	0.008839555127986985
SLC25A1P1	0.008832207916324362
FAM209A	0.008831188424939764
RNU6-436P	0.008830856757330984
GCSAML-AS1	0.008830457862312182
ZNF280B	0.008830329177417068
IPO7	0.008828932200701804
RP11-10C24.3	0.008827607509315565
SRRM2-AS1	0.008827072118101529
RP11-798G7.7	0.008826821226912012
RP11-708J19.1	0.008826501403861651
AL928768.3	0.00882648277635291
HOXC-AS1	0.00882594302780239
ARID3A	0.00882579972446626
CMB9-94B1.2	0.008825723713571793
AC006129.1	0.008825699083898022
LENG1	0.008822772894656902
LMO7-AS1	0.008821586859793338
RP11-715J22.4	0.0088191409923406
ARHGEF7-IT1	0.008818665969079141
CTA-929C8.6	0.008818646302112213
ITGB3	0.008817538736928547
RP1-266L20.2	0.008815926821645583
AC004980.8	0.008815631287572838
AC005042.4	0.008812507933612271
RP11-56O18.1	0.008811689448466924
AC007879.3	0.008811133189058984
LINC01121	0.008809398429206628
PSMB9	0.008805342065357892
AC007182.6	0.008804807287288685
RP11-159D12.5	0.008803410534607823
NNMT	0.008803093688120477
AC002310.14	0.00880219439435246
RP11-363N22.2	0.008801374377567915
CTD-2023N9.1	0.008801104697364939
NUDT16P1	0.008800469183242338
FOXO1	0.008799857927275992
NPM1P21	0.008798334016769034
RP11-535A19.1	0.00879745838652647
UCP2	0.008795341593501677
AC079150.3	0.008795262612234915
FOXO3B	0.008791620177308203
BORCS8	0.008791421414693348
NKAPL	0.008788503653084107
AC010136.2	0.008787328351281876
RASA4DP	0.008784606009208853
RP11-273B20.1	0.008784591836350025
RP11-9D8.1	0.008784130601721138
SYT7	0.008782828342778496
RP13-238F13.3	0.008782385123445813
ARMCX5-GPRASP2	0.008781818288803107
HTR2B	0.008781695137298394
MALL	0.008778164398577837
RNU6-833P	0.008776654468320726
MSL3P1	0.008773910627745672
ERVH-1	0.008773213825944325
RP3-325F22.5	0.008772294774276608
CTC-508F8.1	0.0087717367834742
AC108463.1	0.00877115984836806
RP11-448G15.1	0.008769772395946403
AC079610.2	0.008768776905114085
MIR3653	0.008766962540119248
RP11-359I18.5	0.008766026882743387
LINC01166	0.008764226750676875
CTD-2619J13.5	0.008760730794585161
CTD-2203K17.1	0.008759438240088305
PLCG2	0.008759274741246003
RPL23AP26	0.008758752809342034
RPSAP53	0.008758297270861368
PRKAB1	0.008755428905511226
TRAV20	0.008754832453017695
CTD-2616J11.3	0.00875470176307657
CHST12	0.00875264485935696
FLJ43879	0.00875229966407653
RP11-556E13.1	0.008752276082987488
PLXNC1	0.00875144747962541
ID3	0.008750387925191679
TMED6	0.00875013839947108
PRCP	0.008749049258177237
GS1-393G12.13	0.008748449221480492
GPRIN2	0.008748154436813625
CTC-428H11.2	0.008747741951908417
MIR6859-2	0.008746808720366438
XAGE2	0.008746491931679009
LPIN2	0.008744493782868344
RP11-360O19.5	0.008744116236994797
RP11-266L9.8	0.008743575282494078
CENPB	0.008743273317680765
CTD-2196P11.2	0.008740166617440759
RP11-307E17.8	0.008740070957582507
CYSLTR1	0.008739952054378337
HMGN3-AS1	0.008739033579378348
ASAH2B	0.008738647372397478
LRP6	0.008736589998256074
RP11-136K14.1	0.008735708298388269
TRBV6-4	0.008734261193204767
PON3	0.008732165074634856
RP5-902P8.10	0.008732003143457116
RP11-227G15.10	0.0087305846047903
EHMT2-AS1	0.008730452978726677
NEAT1	0.008727923756719469
RP11-10C24.1	0.008726317202856285
RP11-95I16.2	0.008726148510224152
RP11-12A20.7	0.008722129514861914
AL137860.1	0.008720541960397812
CTD-2020K17.3	0.00872035109842928
RP11-430G17.3	0.008719988592469627
RP5-1027O11.1	0.008719786118424772
SUMO1P4	0.008719601011027641
CTD-3184A7.4	0.00871816317908899
TRAJ34	0.00871545199809682
NPHP3-ACAD11	0.008715215526813811
RP11-36I17.2	0.008714226152025176
SNORD14E	0.008713923090430726
CST3	0.00871217509662146
DOK6	0.008709888265998894
OR13C5	0.00870733548274789
EDN1	0.008705099869223593
NPM1P5	0.00870409259631845
LRRC9	0.008703547809494684
RSL24D1	0.008700984989451634
AC017002.1	0.008700684465635255
RP11-54O7.18	0.008698029759031976
ADGRF2	0.00869473873902644
AC097724.3	0.008693820536357434
EHD4	0.008693384725940593
RP11-886P16.6	0.008692765940013312
Hammerhead_HH9	0.008691887083061652
RP11-345F18.1	0.008690615839087574
RP11-432J24.3	0.008690339865451023
RPL10P13	0.008690103415160761
LA16c-306A4.2	0.008686148554047085
RP11-379B8.1	0.00868586583692872
AC011524.3	0.008685039615761543
RNU6ATAC12P	0.008684941251745891
LLNLR-470E3.1	0.008684803317482804
RPL39P40	0.008680567278956173
RP11-460N20.4	0.008679698268855812
HSPBAP1	0.008678537653571555
AL122127.25	0.008678329014341324
TXNP5	0.00867680185237519
RP11-480G7.2	0.008676426452820246
PRSS51	0.008676060376431136
RN7SL716P	0.008675761676714633
RP11-329B9.3	0.008675154418823348
MED28P3	0.008675109027900675
AGGF1P3	0.008674277083340596
AC009892.9	0.008674117084205658
RPL21P39	0.008672877149110502
RP11-31H5.2	0.0086719010155373
GOLGA2P8	0.008671749357954414
KRT18P16	0.00867033109050974
RP11-430K21.2	0.008668793284079282
RP11-493L12.7	0.008667839199870552
FO538757.1	0.008667375361262991
ANKRD1	0.008666848293571613
E2F4	0.008665607176674622
CTC-490G23.2	0.00866554094836098
MTCO3P20	0.008665136646355162
RP11-781A6.1	0.008661586131224804
RP11-506H20.1	0.008659758234622065
RNU6-511P	0.008659396041842005
RP11-248E9.7	0.008659023104098268
MOB1B	0.008657844759728152
TPT1P6	0.00865599183001434
GOLGA8N	0.008655881420905525
P2RX6P	0.008655385416748233
RP4-613B23.1	0.008655012179110699
RP11-603J24.5	0.008653775746980723
CD24P4	0.008653707344668426
TMEM17	0.008653334228665157
TMEM121	0.008651833177386528
NPM1P27	0.008649815994213182
RP11-1398P2.1	0.008645861378746235
RGS7BP	0.008645603193165426
MIR5590	0.008643953728381447
ATP6V0CP2	0.008640727803216921
C10orf35	0.008640328698697866
RP3-337H4.6	0.00863926946834592
RP11-344P13.3	0.00863861416625698
FBXL22	0.008637859545645235
LINC01558	0.00863771546204568
EEF1A1P27	0.008636638574011608
RPL5P28	0.008635220556712621
GK3P	0.008631727132008143
GSN-AS1	0.00863020902655588
ICAM5	0.008629723113158166
PIK3CD-AS2	0.008624830715461353
RP11-496I9.1	0.008624602610666984
CTB-12A17.2	0.008623361529116942
Metazoa_SRP	0.00862223941953088
RNY1P11	0.00862038550732646
RP4-680D5.2	0.00861804110831173
ACOT13	0.008616634134374926
PLAC8	0.008614412055231125
NOP56P3	0.008613076988867542
RP1-293L6.1	0.00861229927457597
ZNF229	0.008611849861733875
RNU6-1146P	0.00861101852170468
BAIAP2-AS1	0.0086105386252054
ABCC6P2	0.008609213321552931
RP11-563M4.1	0.008608981484398174
RP5-1061H20.4	0.008607649958414522
GTF3C3	0.008606897524953399
RP4-633O19__A.1	0.008606352472404951
RP4-584D14.6	0.008605793804256261
AC098823.3	0.008604062267176252
RP11-397E7.1	0.008603077616356794
GON7	0.008602996951137112
CDKL1	0.008601774797898183
C5orf58	0.008601618499970933
NMNAT1P3	0.008601425203648988
CH507-9B2.2	0.008600581386902877
CTA-503F6.2	0.008599989336030492
RP11-398A8.5	0.008598076999634172
USP13	0.008595918955322895
EVPL	0.008590520627105167
MTND5P4	0.008589916507826308
RP11-416I2.1	0.008589454256269148
ERP29P1	0.008588568059506314
S100P	0.008586671581466233
RP1-286D6.5	0.008586575852977679
RP11-10J21.2	0.008584372829858451
RBM22P1	0.00858388457688243
RP5-1039K5.13	0.008583710514184547
RP6-109B7.5	0.008583008192815026
FOXN1	0.008583003445288872
SYNDIG1	0.00858208550739124
AC017006.3	0.008580991664772816
PDCD4-AS1	0.008580384102774154
BOK-AS1	0.008579463870822063
TMEM78	0.008578438926201864
LINC00640	0.00857654847629252
RP11-554D14.8	0.008576228743247604
OR2A7	0.008575221195359528
AC097468.4	0.008572271399326167
CACNA1C-AS2	0.008570624313000715
RP11-89K11.1	0.008569901319352358
ST13P18	0.008568925205432797
CDC42P4	0.0085639040360831
HLA-DOB	0.008561972997234503
CTA-989H11.1	0.008561928989519546
RP11-175P13.3	0.008561487998193814
CTC-459F4.6	0.00856085603373983
RPARP-AS1	0.008559495441141065
RAB6C-AS1	0.008558505619298894
CTD-2560E9.3	0.008554082021690248
RP11-169D4.4	0.008551244272169597
RP11-40C6.2	0.008549453525861088
GRID1-AS1	0.008549151033848656
RP1-313L4.3	0.008548584630967597
RP11-369J21.11	0.008548240025985311
MPP5	0.00854806229275455
MYL9	0.008547662863995756
RP11-982M15.5	0.008547339201113094
TMED2	0.008546870534555266
MYCT1	0.008545776938653942
HRH2	0.00854576510992649
CH17-125A10.2	0.008543178979873651
RPS3AP4	0.00854289119070773
RP11-513G19.1	0.008542650957636606
RP11-247A12.1	0.008541857961353094
TMEM97P1	0.008541457726254469
RNA5SP283	0.008537786572096582
RNF169	0.00853771613950295
MIR126	0.008537695352474202
RP3-509I19.6	0.008534145340262426
SULT1A3	0.008532995894069775
RP11-128L5.1	0.008532266025820641
ABCB11	0.008530235608188056
A2M-AS1	0.008529920203961256
ADGRE4P	0.00852887620740043
RP11-127B20.3	0.008524279826075988
SLC29A3	0.008523147683671356
AC016722.3	0.008522220441218144
NSRP1P1	0.008521986840542011
RRN3P3	0.008521686114479414
RP11-523H20.3	0.008520210357492444
AC011893.3	0.008519368855300755
GCNT6	0.008519354058682347
CTD-2194A8.2	0.008518578705792751
CTD-2619J13.8	0.008516816281275702
AC004066.3	0.008515559615021234
TONSL-AS1	0.008515330383035102
GTF2IP20	0.008515160548096704
RP11-666A20.3	0.008514377943830304
RP11-359D14.2	0.008510927837061897
RP11-158I9.8	0.008510007730139687
KLKP1	0.008509802133595163
RP11-326A13.1	0.008509554627270707
RP11-678G14.2	0.008508165760870778
C19orf43	0.00850746188056837
CTC-260F20.3	0.008506951853381966
PRSS3P3	0.008505492259948028
RP11-219G17.8	0.0085019625467944
DHX40	0.008500819918187042
RPL23AP69	0.008500794404287956
HNRNPA1P55	0.008500426431079046
CD180	0.008500379304010807
CCDC71L	0.00849921194396383
MYLK4	0.008497665435930226
C18orf63	0.008497256147114813
RNU6-353P	0.00849127473634113
TEX29	0.008489962338447026
RP11-327E2.5	0.008489797783754645
LINC00944	0.008489378729980764
RP11-318A15.2	0.008487761586237853
LSMEM2	0.008487459209735274
ECEL1P2	0.008487235716981449
ATOH7	0.008487094114215537
RNU6-1170P	0.008484886399025384
C19orf35	0.008484241705457826
MAPT-AS1	0.008483381213849691
UBOX5-AS1	0.00848317001558303
CTD-2529O21.2	0.008481562018060537
RPL37P25	0.008479530069428984
TAF6L	0.008479411845067852
AC074117.13	0.008478930514878712
AF064858.10	0.00847768326745088
NSUN5P1	0.008476496876319127
MIR6835	0.00847252147077025
RP11-1084I9.2	0.008471803643423289
MIR181D	0.00847146306043629
C2orf15	0.008471365943100509
ALG1L6P	0.00847087941741661
RP11-231L11.3	0.008468993236166717
RP11-62J1.4	0.008467575528576826
RP11-359M6.2	0.008466668788411486
BMP5	0.008464990652719512
USP17L1	0.00846426798237055
TRERNA1	0.008464029032735312
DAPL1	0.008461408337503765
ATF5	0.008460120161069744
HMGA1P8	0.008458719469784343
CACNG6	0.008457701970510456
TMEM88	0.008457168613276127
Y_RNA	0.008456656060652384
AC010492.4	0.008455462070147303
OR7E22P	0.008455172509171304
EEF1G	0.00845508905916984
RP11-1069G10.1	0.008451699755826636
uc_338	0.008451654712027643
GGT6	0.00845081564027447
AC107218.3	0.008449200125099627
CTC-347C20.1	0.008446171881740681
CX3CL1	0.00844464589780783
RP5-906A24.2	0.00844425575069651
RP11-586D19.1	0.008441506093390986
RP11-350J20.9	0.008441227545374257
IKBKG	0.008440362588493693
PTGER4P2	0.008439489141351428
RP11-454E5.4	0.008438810714227087
RPS3P7	0.008437232757908425
AP000695.4	0.0084368268204277
CTD-3035K23.3	0.008435650556822641
RPL13AP25	0.008435612085147972
CTB-11I22.2	0.008433914960680806
CTD-2007H13.3	0.008433875965366426
CTD-2537I9.18	0.008433771785551856
AC068580.6	0.008433173523979617
SCAND1	0.008432613407833902
FTLP12	0.008430698879968312
RP11-307N16.6	0.008430475835142517
RP11-417E7.2	0.00842941733178615
RP11-412D9.4	0.008429136763757132
CTD-3199J23.6	0.008427156559888538
LACC1	0.008425963884273061
KANK2	0.00842566437875576
ZNF98	0.00842548755776016
RP11-541N10.3	0.008425451816064192
TBC1D22B	0.008425260488458578
RTKN2	0.008424577475823307
RP11-502I4.3	0.008422264225248888
MIIP	0.008422203957204418
AP000266.7	0.008422047397928813
RPS7P14	0.008421173042592203
CTD-2538A21.1	0.008419907957475395
HS3ST6	0.008419817806979304
CTD-2105E13.16	0.00841966680521505
IMPACT	0.008418918325360068
RP11-263F14.3	0.008418376652543955
AC005253.2	0.008418195378081219
LINC00545	0.008417875513851548
AF064860.7	0.008417425370024063
Y_RNA	0.008417374721525064
AC104297.1	0.008415501283775552
RP11-168J19.2	0.00841342549390717
LINC01060	0.00841183362839712
RP11-651K21.1	0.008409061818692299
LINC01625	0.00840846810686094
Y_RNA	0.008406371781646401
RP11-429K17.1	0.008405946402590275
RP4-635A23.4	0.008405911660763517
CTD-2325A15.3	0.008405867993291238
RP11-259K15.2	0.008405290916009417
RP11-7F17.4	0.008404457660273323
RP11-434D2.9	0.008403609886726974
EEF1A1P19	0.008402735168204
LRRC37A4P	0.008401437481285945
PABPC3	0.008400688856026977
ZFAND1	0.008397935841964787
AC084117.3	0.00839776297171446
RP11-178C3.2	0.008395221141981305
F11-AS1	0.008393497875038071
TRAJ16	0.00839315391119711
HK3	0.008393153505890354
IGHD1-20	0.008391793712708024
GXYLT1P6	0.00839130102847095
RP11-650L12.2	0.008390279161574072
ARHGEF34P	0.00838739128026006
RPS3A	0.008387188382229014
MYH8	0.0083863601226189
RP11-264B17.4	0.008386167823807565
HNRNPA1P12	0.008380576131901381
RNU6-531P	0.008379718422969461
RP11-395B7.4	0.008377336198701147
RP11-160N1.11	0.008377019329985507
ZDHHC20P4	0.008374980661275412
LINC00271	0.00837391433715268
AC018755.16	0.008372883050734733
MIR4518	0.008370234855208662
OR7E115P	0.008369846766368833
OR2A14	0.008369253324965232
RP5-906C1.1	0.0083681241692625
SOWAHA	0.008367285060821409
Metazoa_SRP	0.008364584329918505
RP5-905G11.3	0.008360691164709794
RP11-248E9.6	0.008360536902220104
LA16c-OS12.2	0.008360029002178172
LINC00994	0.008358341644492569
IGHE	0.008357249162330957
SLC22A31	0.008356349177862175
RNU6-1017P	0.00835627643139829
RNU6-1226P	0.008356178940787088
RN7SL118P	0.008355621977812594
RP11-152P23.2	0.00835437604953885
RP11-114F3.4	0.008352961949058397
APOBEC3C	0.008352669805727771
ADRB3	0.008351792219789357
RP1-240B8.3	0.008350321488790204
SVILP1	0.008349911235020734
AL450992.2	0.008349135585199736
TPSG1	0.008349012443408538
LINC00671	0.008344673951520873
CASC21	0.008343750131597598
ERVMER34-1	0.008342997666452998
MCRIP1	0.008342822849353539
RP11-218E20.3	0.008340545548176549
TARM1	0.008339781220723366
ECSCR	0.008339186505216145
RP11-397O4.1	0.008338689820143843
GDF3	0.008338182264873893
RP11-73M18.10	0.008338110539413617
RP11-879F14.2	0.00833788745264247
RP11-158M2.3	0.008337731789652582
RPL37P6	0.008336535652235504
RP11-235E17.6	0.00833293114633354
RP11-180I4.4	0.008331147836766093
SPX	0.008330976273110026
RPS6P21	0.008329363186950687
STT3B	0.008328766524329205
RP11-578F21.2	0.008327671079504625
MIR5587	0.008327653919929092
RP11-630A13.4	0.008326364548508533
FAM217B	0.008325634001969331
CTB-30L5.1	0.008325313241147417
CTD-2012K14.5	0.008325093274129237
AP000344.4	0.00832482109562876
MIR3690	0.008322568951404867
GSTM5P1	0.008322158771135556
C2orf88	0.008321944685969333
PIP5K1C	0.00832114667473507
RP4-710M16.2	0.008320385140856212
RP11-630I5.1	0.008319627808496054
LINC01290	0.008317382805226725
AKT1S1	0.008316046202935167
TLDC2	0.008315606019970315
RP11-486L19.2	0.008313438541492931
C22orf23	0.008310215269816509
RP11-1084J3.1	0.008309922677702539
SMC5	0.008309453344276171
BNIP3P27	0.00830941232811216
RN7SL15P	0.008309408118010318
TET1	0.008309169763058146
STN1	0.008308837379764249
AC083900.1	0.008308294085627468
AMD1P3	0.008308145577500594
BFAR	0.008305305230175152
RP11-191N8.2	0.008305043813639447
CAPZA3	0.008303985669663389
MIR892C	0.008303761978852386
RHOB	0.008303585788851134
CTD-2562G15.3	0.008302706352989863
EIF4EBP2	0.008300864791407736
HNRNPA1P21	0.008300761888595036
AC011284.3	0.008300667140511482
RP11-466M21.1	0.008299862048426598
RPS27AP11	0.008298269043794632
NKX6-2	0.008293701524596079
CCL21	0.008293649123381333
TRGV2	0.00829208400039943
RP11-261P13.6	0.008291411663296106
EFNB1	0.008289492452968892
RP11-392P7.6	0.0082850065215218
EEPD1	0.008284760557516476
C2orf40	0.008284373522638411
CTD-2058B24.3	0.008284108764703048
NEURL1B	0.008282383274820325
RP11-130C19.3	0.008282137892436462
RP11-382D12.2	0.00828209813199211
TTC30A	0.008281215723064119
RPS3AP26	0.00827837865588236
RP11-395P13.7	0.008278166291819484
RP11-574K11.26	0.008277419300562689
TLR1	0.008277309120744985
RP11-403B2.10	0.008276326525784522
RP11-327P2.6	0.00827470243969319
RP6-91H8.1	0.0082739247944584
RP11-148O21.6	0.008273827818190178
RP11-547D13.1	0.008273216398276755
RP11-73M7.6	0.008273116928191448
AC005355.1	0.008271686637685564
RP11-661A12.8	0.00827099904180881
IL26	0.008268964647419743
RP11-2I17.4	0.008268467546606236
LINC00886	0.00826817691850266
RP11-810O3.2	0.008268076684203743
RP11-856M7.6	0.008267983484190843
CTB-11I22.1	0.008266122779715184
HNRNPA1P58	0.008265803433495046
ODF2-AS1	0.008263927430062422
LINC01055	0.00826376761367362
AGAP10P	0.008262309806791938
RP11-227G15.9	0.008261586294565302
RNU6-1061P	0.008260641750944311
RP11-327J17.7	0.008256838535717344
RP11-548H18.2	0.00825609479800264
RP11-149I23.3	0.008255769595815894
CTD-2349P21.12	0.00825569238443513
LINC00539	0.008255645802571673
U8	0.008255306208920813
HS3ST3B1	0.008255221038481694
AC004603.4	0.008255100705795142
RP11-527L4.9	0.00825485150939311
ZNF140	0.008254305383511813
CTD-2589M5.4	0.008252255968656586
HNRNPA1P9	0.008252016985708321
HNRNPA1P11	0.00825149800480203
LY86	0.008248609103923417
ZNF391	0.008245269191873503
RP5-930J4.5	0.00824514527268009
RP11-802D6.1	0.008243326230431034
RP11-95H3.1	0.008242165471766792
CCL13	0.008241811646881304
ARID3C	0.008241154459397111
CTD-2073O6.1	0.008239861417083091
RP5-874C20.6	0.008239704616517986
AC109815.2	0.008239476133254394
SYDE2	0.008239394769394033
C1orf145	0.008238671333835431
SMTNL1	0.008238328235554796
RAB28P3	0.0082366401012158
LINC01028	0.008236158867124086
RNU2-27P	0.008235700544470634
IGHG4	0.008234617765928882
ALOX12B	0.008232588924007911
FAM218A	0.008232388874524994
RP3-340B19.3	0.00823072444671284
FOXP4-AS1	0.008229919426119022
RP11-147L13.2	0.008228740953488207
UGDH-AS1	0.008226798016584715
SERTAD1	0.008226016599536666
MIR888	0.0082259344719905
IL12A	0.008224922096641536
SRSF9P1	0.008223923043064109
TMEM212-AS1	0.008222921296574058
MIR513A2	0.008222756131221491
MAGEB17	0.008221348915620597
RP4-806M20.3	0.00821818271098831
ADRA2C	0.0082161369707223
SNORD69	0.008213931669609353
ETFB	0.008213752882868646
RP13-786C16.1	0.008213722739569043
KCNH3	0.008213383027985138
RP11-864I4.1	0.008211450453095561
AANAT	0.008211320286928584
RN7SL762P	0.008211137292471598
RPS4XP9	0.008210247912453896
RP11-282A11.4	0.008208961898479392
ZNF214	0.00820858789162
TRAV36DV7	0.008208434830915299
RP5-1159O4.2	0.008207927437951564
SNORD7	0.00820507526363136
CTD-2050N2.1	0.008205018255379844
AC113189.5	0.00820293146528007
RNF5P1	0.008202766261075871
RP11-203H2.1	0.00820243468911003
TLK2P1	0.0082022998993623
RP5-1098D14.1	0.008202224935461789
H1FX	0.008201534903907315
RPS7P12	0.008199513080884072
CTD-2012K14.8	0.008198058817434205
RP11-638I2.9	0.008196215883668954
CTD-2021A8.2	0.008193466433664913
AC007461.2	0.00819277071268395
AC103563.8	0.008192714809350432
RP11-96O20.5	0.008192053883329848
RNU7-47P	0.008191665955992791
BATF3	0.008190655468521633
RP11-612A1.1	0.008189767449882798
HM13-IT1	0.008189404864045988
RP11-214O1.2	0.00818912330051659
RP11-91K8.5	0.008188683906247763
RP11-2B6.3	0.008188478823905285
RP11-44N12.2	0.008187950011057536
RPS4XP22	0.008187225170412654
LIN37	0.008185736884393799
ISCA1P1	0.008183040272959928
SNORD60	0.00818293929393022
RP11-212I21.2	0.008181893790099402
AC001226.7	0.008180408177395503
AC011239.1	0.008179991931436181
AC093616.4	0.008178554710792815
AC092171.2	0.008178107914684358
RP11-1396O13.13	0.008177091753628749
SHFM1P1	0.008175494625725468
PDE6A	0.008174948990306595
RP1-148H17.1	0.008173638272484733
FOXD3-AS1	0.008171889364167947
RNU5B-4P	0.008169689020862465
BDKRB1	0.008167051023796168
AGGF1P1	0.008166419607309657
RP11-21C17.1	0.008166146334641852
RP11-386P4.1	0.008165157584899503
RP11-499F3.2	0.008164986478679945
CKS1BP3	0.00816497660791393
RP1-197B17.3	0.008164572203619935
LINC00115	0.008164538126264517
PEBP4	0.008163622526962788
ZFP36L1	0.00816355941190178
RP11-626G3.1	0.00816285424602156
ATP1B1P1	0.00816257245883012
AC012506.3	0.008161146400836252
COPS9	0.008160594644843866
RP11-536G4.2	0.00815891742162094
RP11-862L9.2	0.00815802661884974
APELA	0.008156963423753197
ZFP36L2	0.008156031365592193
CASC11	0.008154958601734319
AC012506.1	0.008154824468434602
SLC15A5	0.008153904388003997
BOLA2P2	0.00815296209313309
RP11-288L9.4	0.00815177434509841
SLC16A2	0.008147705387191537
RP11-415C15.3	0.008146665739529373
TRGV7	0.008146526660938647
RP11-97O12.5	0.008146330801659373
NIPAL2	0.00814438725070004
EZR-AS1	0.008144325898132552
AC107081.5	0.008144232574469262
LINC00632	0.008141971135615171
DIO3	0.008141261625979968
RPS27AP6	0.008141086664046556
ITLN2	0.008140511960187226
HCN4	0.008140485320526624
RN7SL741P	0.008140231367946496
RP11-723O4.6	0.00813987173480906
RP11-404P21.5	0.008138179442550924
Y_RNA	0.008137495501399838
RP11-336K24.5	0.008136751471840266
SMIM10L2B	0.008136657752446519
CTC-359D24.3	0.00813597143634856
GCNT1P1	0.008135638839806935
PRKG2	0.008134656914397203
STAU2-AS1	0.00813419788802316
RP11-528A4.2	0.008133499855326605
AK3P2	0.008133341074792818
RPL12P15	0.008133216489880147
CTD-2008N3.1	0.008132616553235782
ZNF32-AS1	0.008132157447479617
PPAT	0.008129678021006864
CTD-2298J14.2	0.008128046202254957
MTMR12	0.008127985795754987
ARHGEF33	0.008127934410385108
KIAA1211L	0.008126072454884177
RP11-464F9.20	0.008123778820418768
FRMD7	0.008123389376041708
BBS10	0.008120859348610485
MIR222HG	0.008119024342787731
TSPYL5	0.008116042878369043
CLDN34	0.008114753456438905
RP5-1125A11.7	0.008114491497962171
PTPN20	0.008114161019953698
URM1	0.008113409403249538
RP1-73A14.1	0.00811317550706361
NPM1P6	0.008112318686417132
RPSAP52	0.008111651322381723
COL8A2	0.008109905179471858
RP11-449H15.2	0.008109158804584772
RP11-563P16.1	0.008108694095102694
BHLHE22	0.00810851948975382
ANKRD31	0.008108241869050289
MAP6D1	0.008107043077125713
ZNF492	0.00810694627779109
VAV3-AS1	0.008106284644782727
RP11-46H11.11	0.008104870167124658
SLITRK5	0.008104846347155923
IGIP	0.00810295952890031
RP1-81D8.4	0.008102316959273942
RNU4-39P	0.008101896236195519
RP11-79E3.2	0.008101639220359653
MIR568	0.008100729503351832
RNU6-1231P	0.008100105970413116
AC106801.1	0.00809833150994146
PIGZ	0.008098022424018109
FZD7	0.008095731680517105
RP11-33B1.1	0.008093819510720381
CDK3	0.008093750191338645
RPL12P25	0.00809361744607345
FAM212A	0.008093123986324953
EIF4BP6	0.008092607410969933
SETP11	0.00809185162583767
CEBPA-AS1	0.0080910651764719
AC005863.1	0.008090569310442275
RP4-737E23.6	0.008090546104515076
RP4-535B20.4	0.008090470282412408
KRTAP26-1	0.008089306621987893
TEN1-CDK3	0.008089001483161442
TRPC5	0.008088665833632503
SNORD56	0.008088241305579126
NPM1P51	0.008088221212931209
CTB-174O21.2	0.008088173487767922
RN7SL40P	0.008087880678902483
CTD-2515H24.4	0.008087498713397753
HMGA1P6	0.008087405777153583
RPL22P18	0.00808612252995131
RP11-352D13.6	0.00808570070607519
CCDC27	0.008083027282091034
ERCC6	0.008082171065586475
RP11-490O6.2	0.008081921839680793
WNT3A	0.008080738530958542
NMD3P1	0.008080529507816512
RP11-240M16.1	0.008078316503739462
GRK6	0.008077013982463549
SLC22A9	0.008076528380147286
SAPCD1	0.008076451066964163
PPT2-EGFL8	0.00807565094695346
RRN3P2	0.008074707809179467
RP11-672A2.6	0.008073017863892463
RP11-46E17.6	0.008072108018685204
RP11-435J9.2	0.008071015336328527
C17orf50	0.00807050185339696
RP11-318E3.9	0.008070249990294527
ZNF579	0.008069720461901802
LL22NC03-13G6.2	0.008069025753516125
RP11-666A8.12	0.008068970023265593
RNY4P13	0.008068951551188542
TTYH2	0.008068817389776446
SAMD11	0.008068485025593021
MIR6859-1	0.008067989531917908
RP11-87H9.4	0.008067138575572754
RP11-60L3.3	0.00806647394280939
PPP2R3A	0.008065986607902318
LINC00484	0.008065431710660879
AC092839.3	0.008064833338865084
CCDC170	0.008064108820248063
RNU6-35P	0.008063498969729258
RP11-736N17.10	0.00806302365157378
RNU6-1082P	0.008062651277876125
RPL7AP72	0.008062509031687782
RP4-564M11.2	0.008062202422676249
GCLM	0.00806124493667585
RP11-24C14.1	0.008060973515432274
NDUFV2-AS1	0.0080593768863928
EEF1A1P22	0.008058963106398791
RP11-1006G14.1	0.008058514553390624
ELANE	0.008056474740097925
BCLAF1P2	0.008055795180527004
TAF10	0.008052283189604423
RP11-54O7.3	0.008051792190420433
HLA-H	0.008051294061306936
LPCAT3	0.008050902129544119
ALKBH7	0.008050896746954268
RP11-567G11.1	0.008050621289761691
ZNF888	0.008050224914052067
RP11-313P13.5	0.008049846319906136
RP11-834C11.11	0.008047334208473455
RP5-827E24.1	0.008047130204808958
CTD-2026G6.3	0.00804679265177031
CYP2G2P	0.00804650877272011
MYH1	0.008046260465206366
RP11-186B7.7	0.008045323761393325
AC018685.2	0.008043235994657187
PKD1L3	0.008043217209590682
SGK223	0.008042107971147495
CRYM	0.008042073905858023
NAPSA	0.008041524906856709
HIST1H2BN	0.008040548908145451
C1orf64	0.008040285977091421
RP11-1099M24.9	0.00804027662236642
RP11-815M8.1	0.008038091283859171
RP11-120D5.1	0.0080372710826136
CTD-2194D22.1	0.008036973402353209
RP11-26M5.2	0.008036854847531683
DKFZp779M0652	0.008035529561834018
AC009970.1	0.008035309042949523
RNASEK	0.008035006688845332
ZNF602P	0.00803403749913651
RP11-216L13.16	0.008033917991138319
ATP8A2P1	0.008033517724853344
THAP12P7	0.008029872583129153
RNU6-403P	0.008029267647734234
RP11-299H21.1	0.008027615260232998
ZSWIM8-AS1	0.008027410002623957
RP11-339B21.13	0.00802687538725393
CTD-2006M22.2	0.008026724813859154
PKDREJ	0.008026336880168143
MIR589	0.008025844527475831
MIR4636	0.008024811108594213
EFNB3	0.008023787785533358
RP11-18H21.3	0.008021900533997773
PTENP1-AS	0.008021594096619978
PECAM1	0.008021513944850445
RNU6-722P	0.008020585103380507
MIR429	0.008020458362475637
CHRNA2	0.008019275574136028
PFN1	0.00801918374297329
AC016582.2	0.00801886435497703
RP6-114E22.1	0.008018540786957564
ITIH1	0.008018406837797653
CDC5L	0.008017985879504804
RP11-322E11.5	0.00801660094766652
GLO1	0.008016304825061361
ADAM1B	0.00801616177754311
RP11-677M24.1	0.008015516530492182
MRPL30P1	0.008015071703320597
NPM1P36	0.008014476823007105
SNX18P7	0.008012891658217903
RP11-221N13.3	0.008011703155621056
ARHGAP5-AS1	0.008011688520195874
HES4	0.008011307275601438
CHST7	0.008010967469690187
LINC00547	0.00800984758484201
RP13-497K6.1	0.008007982160340946
AC078899.4	0.008007016584729985
RP11-190D6.2	0.008005002651132161
RP1-228P16.1	0.008004711181872194
RP13-401N8.1	0.008003621389062392
AC092669.6	0.008003558176242407
MIR548A3	0.008002176148347593
RP11-251G23.2	0.008000608987094874
RP11-244H3.1	0.008000462641062495
RP1-153P14.8	0.007998986715830434
HNRNPA1P51	0.007998158192321995
IGKJ5	0.007996674934070433
RP11-216P6.2	0.007995112535249737
CD24	0.007994961409416992
RP5-952N6.1	0.007992555392794457
AC002401.1	0.007992492374964019
RP11-641D5.2	0.00799173453141096
CD99P1	0.007991610290103517
RP11-481J13.1	0.00799125452432215
MYL12AP1	0.007991190258940689
RPSAP7	0.007990844034168927
ZNF454	0.007989515466939691
POLR3B	0.007988218214692535
RPL37P15	0.007988008791909588
RP11-427P5.3	0.007985224324522236
RP11-216B9.9	0.007984297638441244
HEBP2	0.007983748190527384
IKBKGP1	0.007981363149972437
AC106786.1	0.007979604139895437
RP11-111E14.1	0.007979229973356636
RP11-108K3.4	0.007979128807828167
CEACAMP1	0.007978687476871348
ZNF663P	0.007977500794598606
RP11-428L21.2	0.007977243700182941
TCF3P1	0.00797672441914317
LINC01531	0.007976433794111648
ZNF396	0.007976272785318986
SLC44A4	0.007975243452044983
RP11-731F5.2	0.00797449649343278
HSD17B3	0.00797438173905036
RP11-494K3.2	0.007974248340139807
Metazoa_SRP	0.00797418862516824
MIR3928	0.0079729796265284
RP1-140J1.1	0.007969449974445032
RNU6-911P	0.00796939828258838
RP11-197N18.2	0.007969269836167848
RMDN2-AS1	0.00796900018761625
RP11-85B7.5	0.007968446436745045
AC007292.6	0.00796555870523574
RNU6-529P	0.007963793618836283
ACTG1P17	0.007963228220159923
Metazoa_SRP	0.007962282455019815
LINC00847	0.007961494441876233
RP4-726N1.2	0.007960926606013607
GABRA4	0.00796039750136667
5S_rRNA	0.007959974334537654
RP11-180M15.7	0.00795977694004942
HSPA2	0.00795923410507779
AC147651.1	0.007957014971015587
RNA5SP497	0.007955882064451412
RP11-1136G11.8	0.00795485144923979
MIR3178	0.007951653419339212
CTD-2275D24.1	0.00795082356064385
AC104088.1	0.007948980558046128
RP11-1277A3.2	0.007948960164270406
REC114	0.007947678638532721
LINC00113	0.007947501434298112
RP11-76N22.1	0.007947294329016062
AP001604.3	0.00794608586619191
STK24P1	0.007945930292149067
RP11-534L20.5	0.00794581033301251
CTB-25B13.12	0.007945675374498116
VPS16	0.007945413867711512
CTC-265F19.1	0.00794133710280706
RNU6-1109P	0.00793976622131327
RP11-718B12.5	0.007937843599667977
SGPP2	0.007937713709738118
ATP6V1C2	0.007937318649350232
TSHZ3	0.007937213185634076
ATF1	0.007937173013671715
HNRNPA3P6	0.007936634236131173
MIR598	0.007936483974987998
AP000356.2	0.007936453853921067
RNU6-108P	0.007936382308826576
RPL29P14	0.007935548005693021
SNX8	0.007935165301076137
IGFBP1	0.007933685810137698
RP11-339B21.8	0.007932054053630984
TTLL10-AS1	0.007931144168232958
RP11-164O23.8	0.00792942168535061
RARRES2P2	0.007928860159655281
RP11-9M16.2	0.007928799934106483
RP11-629O1.2	0.007928597262356242
HIGD2A	0.00792820249540418
IRF6	0.007928006161130383
HRH1	0.007926423652150261
CTD-2086L14.1	0.007922922661056838
RP11-49K4.2	0.007922753144394255
FAM110C	0.007920842822160247
HNRNPA1P1	0.007919699962495636
METTL15P1	0.007919684164729776
TUSC1	0.00791871115337922
GEMIN4	0.007918068770934499
CTD-2291D10.3	0.007917611388708234
FBXL12	0.00791723228542868
CARNS1	0.007916997871937156
CCT8P1	0.007916591816332343
SDHDP6	0.007914734276863358
RP11-87E22.2	0.007914596774835948
FGF7P3	0.007913685216619143
HNRNPA1P38	0.00791342227338242
COMP	0.007912987225814648
CTC-451P13.1	0.007912369210014833
RP11-80H5.7	0.007911686404475099
RP11-447M12.3	0.007911605805003611
RP11-703I16.3	0.007910924555192694
TM9SF2	0.007909520219101643
CH17-360D5.3	0.007908764338828167
DIRC3	0.00790696613339688
RP11-1096G20.5	0.007906554544452419
CLCN3P1	0.007905284244094231
HHIPL1	0.007905255669230442
RP11-278C7.4	0.007904894357298253
SLC39A3	0.007904824875538424
AL356585.1	0.007904768782369552
CTC-529L17.2	0.00790305686033113
RP11-73M18.7	0.007902805034595886
BX322557.13	0.007901595029189256
GATSL3	0.00790112159523504
RP11-48G14.3	0.007899008866603996
RP11-645C24.4	0.0078983277109519
RP11-120K24.3	0.007896276605360457
CENPBD1	0.00789616763005265
RP11-953B20.1	0.007895624642755233
NACC2	0.007895580948400451
DLG1-AS1	0.007895229953222768
AGBL5-IT1	0.007894464581311765
CH507-254M2.3	0.007894238321034967
RP4-799D16.1	0.007894136443248581
RP5-1050D4.2	0.00789308616025134
REEP6	0.007892976485743804
TTC36	0.007892120899621206
RP11-214K3.25	0.007891667881976776
BMPR1APS1	0.00789105765463489
NOL12	0.007890369988422727
RP11-37J13.1	0.007887984760983069
MIR497HG	0.007886538095093138
LGALS9DP	0.007885064167930339
COX4I1P1	0.007882569994457087
RP4-756H11.4	0.00788219546954734
FIBIN	0.007881199143501381
FLJ31356	0.007881189265085216
RNU1-94P	0.007878376286678432
AC007326.9	0.007877806138536737
GGTLC4P	0.007877514603826016
HMGB3P26	0.007877188341179309
AC092652.1	0.007876710882947516
RP1-47M23.3	0.007875541657070486
RP11-443B7.2	0.007874833758990245
RP11-305M3.2	0.007873512759207491
AP001469.7	0.007873169072689269
LINC00116	0.007873053128356712
MCHR2	0.007872127152222621
MTRNR2L5	0.007871688408114759
AC073257.1	0.007870789963600947
RPS4XP8	0.00787069980051974
CTD-3222D19.12	0.007869997274137603
AF196972.9	0.007869888842424348
IGHD6-6	0.007869016447497679
MCTS2P	0.007868637191447276
RP11-655M14.4	0.007868421234004223
RP11-1212A22.1	0.007868085504630232
RP11-763K15.1	0.007867187526846085
C10orf142	0.007866119557311948
CTD-2588J6.2	0.007862812320571795
RP5-1070G24.2	0.00786133791372089
RP11-73B2.6	0.007858967435448765
RAB42	0.00785724265038736
PHKA1P1	0.007856850658795463
CTD-2521M24.6	0.007856633198344119
ARHGEF12	0.007855239081411464
RNU6ATAC25P	0.007854936550740146
SLC6A14	0.007850088295423916
Z83851.4	0.007849927497365277
EIF5A2	0.0078476097155059
KIRREL3-AS2	0.007847145752719073
RP11-650P15.1	0.007847078677968706
RP13-349O20.2	0.007846610534040482
RN7SKP273	0.007846550994480658
LRRC37A5P	0.007845058531617112
TBC1D29	0.007844444542663637
CTD-2600O9.2	0.007842906565543987
RP11-14I2.2	0.007842063686244188
TBC1D12	0.007835615890810691
RP11-630D6.5	0.007835332612946395
RP4-782L23.2	0.007835012552396296
RP11-572C21.1	0.00783448805491361
CTA-292E10.8	0.007834068869480897
RP5-907C10.3	0.00783375567318575
MIR6820	0.007833486463933701
LBX2-AS1	0.007832830017002234
LINC01007	0.007831024626481534
RP11-666O2.2	0.007830932175501858
MIR563	0.00782984715239571
XYLB	0.007828951986369181
VAMP8	0.007828704743333801
AP000892.4	0.00782809980838185
RP4-570O12.3	0.007827781542165888
HLA-DPB1	0.007827580317341194
RP11-321G12.1	0.007826122226709536
IGHEP1	0.007826044184734602
SLC26A2	0.007824373904813553
RP11-367F23.1	0.007823888203212353
RP11-462G12.1	0.0078238638563838
RP11-57C13.6	0.007823670323596252
IGHD3-9	0.007822827405712295
RP11-163O19.8	0.007821980666636998
MTATP8P2	0.00782192011057196
PEX11A	0.007821640580332313
RP11-380P13.1	0.00782118249002107
CHCHD2P11	0.007820732998116737
SAMD13	0.007820401895118607
TNFRSF17	0.007820057116318217
RNU6-103P	0.007819831693189366
URB1	0.007819764788869834
RPL9P33	0.007819568630096403
NCRNA00250	0.00781877616018178
RP11-361I14.2	0.00781868635293432
CT83	0.007818060801875188
PANO1	0.007817235174078485
ZSCAN16-AS1	0.007816470281835998
RP11-598F7.5	0.007816296335307294
RP11-114H7.1	0.007816169981662697
Y_RNA	0.007816120465995242
GUSBP5	0.007815496739328612
ZNF770	0.007815302473305141
AP000654.5	0.007814827208179165
MIR5684	0.007814769448194757
Metazoa_SRP	0.007814521776550657
CTC-512J12.6	0.0078142495398086
RP13-33H18.1	0.0078137753768243
EEF1A1P13	0.007812800662252706
CNTN2	0.007812231815785015
MIR3680-1	0.007811921474018472
RP11-1090M7.1	0.007809995675777389
HNRNPA1P35	0.007809313259131076
RP11-416N4.4	0.007808393339891114
RP11-616M22.11	0.007806652666216415
C1QL3	0.007806361457603906
B3GAT3	0.007806221750351023
RP11-560G2.1	0.007805228148656087
DEXI	0.007805201277697388
RP11-752G15.10	0.007803990397616791
CTD-2515H24.2	0.007799074472023889
RP11-655M14.12	0.007798796698688829
RNU7-75P	0.007798454934536953
RP4-575N6.4	0.007797296128943496
LINC01146	0.007797117667944749
CTD-2287O16.1	0.007794950026614029
C5AR2	0.007794110760307689
PKN2-AS1	0.007792725616180325
CTC-471J1.9	0.0077924574779032274
GPR62	0.007791815284593036
RNU6-325P	0.007791292007814851
PLA2G12B	0.007790386524622924
RP11-757H14.2	0.0077903734826720444
RP13-20L14.1	0.007790029842916515
TMEM88B	0.007789326511955448
AC005514.2	0.007787413248686445
FAM8A1	0.0077860975898872
HAS2-AS1	0.007785389631404999
RP11-326K13.5	0.007785089424316232
MIR1245A	0.007785082781028837
RP11-575L7.4	0.0077845852469480645
RP11-363E7.4	0.007783563429289277
CYB561D2	0.007782472829798787
RP11-370I10.4	0.007782069376473107
HOXC-AS2	0.007781093802506422
SNORD116-9	0.007779665068578406
AC097662.2	0.007779654879498548
CCIN	0.00777914232518709
RP5-894D12.5	0.007778803523156954
COLEC10	0.0077787005980717895
FEM1B	0.0077766871946081196
CTB-36H16.2	0.0077764753524379076
BTNL2	0.007775849409309829
RAB11AP1	0.007775696111809496
RP11-54C4.3	0.0077731540816129725
MGC32805	0.007770867501230484
RP11-352D13.5	0.007769455093554731
RP11-274H2.3	0.007768146464119413
RNU6-618P	0.007767455338238799
RNU6-579P	0.007766954637047328
CTC-340D7.1	0.007764448557874348
UROC1	0.00776304003854927
RPL7P33	0.0077629601872787665
DCAF15	0.007762794871636979
TUSC8	0.007760688421587614
LTA4H	0.007759075714603484
SLC46A2	0.0077589563135518815
PIAS4	0.007757817629557351
RP11-510J16.5	0.007757779185267514
OR1L8	0.0077577529916295985
RP11-64D24.4	0.007757675919197499
CCR8	0.007756281712496623
RP6-1O2.1	0.007754778863680007
ZNF784	0.0077546966196873485
RP11-395A13.2	0.007753405944668421
RNU6-892P	0.007752692006937322
PPIC	0.007751973672207919
AC005162.5	0.0077515839843093435
AP000936.1	0.007750703091492713
AJ003147.11	0.007750695077124102
AC105342.1	0.007749372767774661
AC073133.2	0.007747873903459387
LINC01273	0.007747444280599644
BATF	0.0077471162400612305
RP1-156L9.1	0.007745249078234929
RP11-110I1.13	0.007745015730185837
RP11-85E16.1	0.007744160178336954
LINC01449	0.007743922697942501
AC000370.2	0.007742486607330567
LINGO3	0.007742115540151481
HSP90AB6P	0.007740093950723813
PCP4L1	0.007739025630907914
LSM12P1	0.007738765154348809
RPL6P7	0.007738564039606609
RP11-417N10.4	0.0077367489724951615
RP11-166B2.7	0.00773663424776259
AC092155.4	0.0077353797176450785
CTD-3064M3.7	0.007734960576752927
FAM83B	0.007734097126463137
EEF1A1P16	0.007731439797282639
RP11-594C13.1	0.007731216566799479
ALPK2	0.007731101761105039
SGF29	0.007730150101111368
RP11-456K23.1	0.007729821174624708
NBPF14	0.00772731479548881
C1orf147	0.007725918326392673
TAS2R20	0.007725423304578251
RP1-45C12.1	0.007725358649506017
GDPD1	0.007725269171551308
KPNA5	0.00772508855023763
RP11-529E10.6	0.007723589970846603
RP11-478K15.6	0.007723586664968823
RP11-54D18.2	0.007722744993188436
MIR6813	0.007722680035608747
AC083843.1	0.007722298656869769
CTC-281F24.1	0.007722073472314682
RP11-154D17.1	0.00772090515171316
RP11-573G6.10	0.007720317170101882
CTD-2653M23.3	0.007719615130128672
PTGES3P3	0.007719084581243924
ARMC2-AS1	0.007718015912524263
CTD-2170G1.2	0.007717359673688503
RP5-834N19.1	0.007716816892763648
SDS	0.00771679760779165
XXbac-BPG27H4.8	0.007715512032985874
RPL23AP80	0.007714626142177951
MIR708	0.00771461101074205
RP11-474D1.2	0.007714229370176111
EIF3EP1	0.0077132471330822044
RP11-93K22.13	0.007708716902661369
ZNF572	0.007708310504593506
LINC00507	0.007707265861396235
HNRNPA1P43	0.007706103845648814
MIR1972-1	0.007705058756023553
BACH1-AS1	0.007704877473831756
RNU6-1161P	0.007704801627200355
RP11-347C12.12	0.007704406432123417
ASIC3	0.00770435013154734
LRRC3-AS1	0.007704149358503909
RP11-1334A24.5	0.0077039225352035666
FNTB	0.007703669863772304
LINC01410	0.007703562457615545
HLA-B	0.007703075792161184
CTD-2589M5.5	0.00770052713133869
MICALCL	0.0077000091857607166
RP11-431D12.1	0.007697275534808157
RN7SKP11	0.0076970549663565885
RP11-235E17.5	0.007694580884803891
CYP17A1-AS1	0.0076942616690284325
RP1L1	0.0076926923962566006
ZNF209P	0.007692118124898415
CTC-436P18.1	0.0076920406361798204
RPS3P6	0.007687942899866834
RN7SL267P	0.007686337203129993
TMEM191B	0.007686307347160743
RNU7-71P	0.007685120290888503
ZNF727	0.007684169465569716
KATNBL1P6	0.007683905722627105
RPL31P12	0.007683205365609178
RP11-703I16.2	0.007682288817788878
RP11-239E10.2	0.007682069530527207
RASD2	0.007680846370896927
RP11-312J18.6	0.0076797185039878865
AGAP7P	0.007678921823547588
FAM86C2P	0.007677418631381859
AC008074.3	0.007677319488081301
RP11-30K9.4	0.007676506072265334
FNDC4	0.007675810393885472
GNAZ	0.007675314572835599
PABPN1	0.007672279517713034
ZRANB2-AS2	0.0076717877825887475
RP3-434P1.6	0.0076711044905539184
MITD1	0.007669895290022212
CHIAP1	0.007669739975816111
RP11-42I10.1	0.0076686241938339105
AC018647.3	0.0076684686795107475
RP11-316M21.6	0.007667340086706625
NAT6	0.0076670853362412516
MIR25	0.007666747423636684
RP11-358M14.2	0.007666617055213712
C4B	0.007665564051818163
GPR37	0.007662918579319759
RNA5SP238	0.007661897282124995
YY1P1	0.007660686090903657
RP11-526I8.2	0.007660423041481517
CTB-129O4.1	0.007660153318547829
AC004540.5	0.007659465074186965
RP5-1164C1.2	0.007659369400609271
RP11-58O9.2	0.007658574103537361
GATA6-AS1	0.007658187306309986
RP11-167N5.5	0.0076580409417874975
LINC00571	0.007657957748167286
FCN1	0.007655935570358303
ICAM2	0.00765589798497463
RP1-197B17.7	0.007654476734098355
RP11-69M1.1	0.00765308013879351
RP5-882C2.2	0.007652961404533843
RPS3AP43	0.0076524197695437895
RP11-313P18.1	0.007651908315889007
RP11-3P17.5	0.007651776540771311
RPS29P11	0.007650838103335178
SLC51B	0.0076504503300998915
RP11-732A21.2	0.00764950736782654
TPT1P5	0.007649380724959409
RP13-20L14.4	0.007648221266584062
RP3-403A15.5	0.00764813813798814
AC079790.2	0.007647976790115052
RP11-353N4.6	0.007644621658158468
LA16c-360A4.1	0.007642231313522788
RP11-432I5.8	0.0076412661831201534
MIR33A	0.007640889327971557
CTD-2085J24.5	0.007640441382052171
CTD-3028N15.3	0.007640001973343252
TREML2	0.007637195842324755
RGS18	0.007635930773961121
RP3-436N22.3	0.007633240312230027
ST13P2	0.007633146282064503
KRT18P13	0.007632416261260564
FOXD4L4	0.007632132829076412
RP11-215G15.4	0.007631461603338305
RP11-438L19.1	0.007630887701619505
RP11-129M6.1	0.0076303343326458
MIR6804	0.0076298668295471436
RP11-463O9.2	0.007629626448863332
FAM215B	0.007628948626964203
RP11-461A8.5	0.0076264541127843396
RP5-1086L22.1	0.007624499855858046
RPSAP69	0.007624109951939841
RP11-132A1.4	0.007621464058095179
RP11-274B21.9	0.007619709430634535
TRBV26OR9-2	0.007619631211746141
EXTL1	0.007618095152937963
TP53TG5	0.007617108070858683
BIN2P1	0.007616629405110806
RP11-292F9.1	0.0076144988337172375
Y_RNA	0.007612261516994752
RNY3P16	0.007612087967524622
SAMD12-AS1	0.007612024986986101
AGA	0.007611423145027168
RP11-279L11.1	0.007610809365902421
IGHGP	0.007610591352547543
TBKBP1	0.0076104771570531604
RP11-434E6.4	0.007610473216350377
CTD-2248H3.1	0.0076089654105127354
CTD-2287O16.5	0.007608801551261895
RN7SKP241	0.007608633000036199
LINC00412	0.007608425387900101
HNRNPA3P13	0.0076083452333486545
C1orf137	0.007607182917230185
LLGL1	0.007607072343474417
RP11-166D18.1	0.007606564299797773
CLDN1	0.007605322322864344
ENTPD3	0.007604044920297764
TATDN2P2	0.007603402185574259
RP11-542H15.1	0.007602413801690262
MT-ND2	0.007602145039602093
RP11-195F19.29	0.007601848996094298
PCAT5	0.007601783412879147
RP11-1379J22.2	0.0076012472947604515
IFI27L2	0.00760082477309738
RP11-433J8.1	0.0075989601763637275
RP3-467K16.7	0.0075976585694861685
NAP1L2	0.007596858142136557
RP11-136O12.2	0.007591784838873625
RP11-169K16.4	0.00759039461735203
ZNF165	0.007590291061442152
CDKN2C	0.0075897390901949495
RP1-90G24.6	0.0075896848760030385
U7	0.0075895083695620485
KRT43P	0.007587234309908704
CTD-2291D10.2	0.0075869786990824745
CTC-366B18.4	0.007584920181323028
RP1-127H14.3	0.007584276148401841
CTB-39G8.3	0.007583824615944377
LINC01476	0.007582476879436081
C9orf16	0.007581066319929646
RP11-480I12.5	0.0075767427607078865
MIR4507	0.00757599272038711
RP11-345N11.1	0.00757466736653967
KXD1	0.007574385012095701
LA16c-380H5.2	0.007574107641304533
TMEM211	0.007573640658165488
SETD6P1	0.007573608689091932
RP11-669E14.4	0.007573500294409416
RP11-301L8.2	0.007573460792909861
CTD-2036P10.6	0.0075734109925884915
TMEM92	0.007571177675901537
MIR766	0.007570838944365189
RP4-737E23.5	0.007569699199835856
CTD-2649C14.3	0.007569080240322195
RPS4XP14	0.0075687335217990296
CTD-2514K5.4	0.007568455939886823
SNHG9	0.007568056622804594
LINC01202	0.007566800881673487
FRMPD1	0.007566348005477713
RP11-809C18.3	0.007565879922861882
RN7SL213P	0.007564241584168065
CTD-2313J17.5	0.007564155251657008
RP11-700H6.2	0.0075635621629821514
KCNK15	0.007563475060358646
CYTOR	0.0075630829599706755
ASIP	0.007561581141534704
GPR149	0.007560505277940837
RP4-630C24.3	0.007558824237539508
RP11-291B21.2	0.007558248742593308
RP11-383D22.1	0.007557921614237634
GS1-309P15.4	0.00755737030398508
USP27X-AS1	0.007553408645378898
RP11-6N17.9	0.007551698078281258
AC092066.1	0.007549952437938479
MIR6739	0.007548437840248523
ATP6V1A	0.00754710820721713
MIR892A	0.007546873145263544
CSPG4P13	0.007545480604542828
EEF1A1P41	0.007543315430185631
OR14I1	0.0075428163539850825
CTD-2287O16.4	0.0075425552175158875
RP11-17A4.2	0.007541919960111744
RNU6-176P	0.007541694232554085
RTCA-AS1	0.007539640337859412
CTD-2165H16.4	0.007538515717667474
RP11-449D8.5	0.007538488261128695
RP11-366M4.1	0.007538455869257161
CTC-490G23.4	0.007537737794624162
NBPF10	0.007537558976672687
SYNPO2	0.007537345414348304
GUCY2D	0.007537331016509436
RP11-553N16.1	0.007537194146511184
RP1-10C16.1	0.007537082932114316
FAM47E-STBD1	0.007536886686302047
RN7SL608P	0.00753607430966842
OR2M4	0.007535378171289085
ARHGEF38	0.007534638718908661
Metazoa_SRP	0.0075338382467660765
IGHD3-3	0.007533394950858846
EIF2B5-AS1	0.007533285422522357
RP11-206L10.4	0.007531336382675026
TRBV30	0.007531177801902495
CLDN25	0.0075308838739078085
RFPL4AP6	0.007530080162035363
RP11-727A23.4	0.007529017349067644
MIR765	0.007527101045374982
CTD-2224J9.8	0.00752686604080136
MIR4496	0.007526771917277134
RP11-416N4.1	0.0075254367975119574
PCDHA12	0.007525385894945123
RP1-137F1.3	0.007525339272516586
TRABD	0.007524583622572699
TRAJ21	0.007523179849066051
CHRNA6	0.007522929108560763
Y_RNA	0.007522758956110443
STX17	0.007522210844323523
RN7SL726P	0.007518929502106847
RP11-356C4.5	0.007518460410336622
OR1L3	0.007517533597198223
RPL3P4	0.007517230966522053
MOAP1	0.007516764587808247
Metazoa_SRP	0.0075158967265451125
USP37	0.007513657639354212
RP11-736N17.9	0.00751272188144443
RP11-1094H24.4	0.007511421922266095
HTR2A	0.00750958232615704
RAB44	0.00750937282538033
RP11-20G13.2	0.007507171878090467
ZBTB20-AS1	0.007506248382088646
RP11-22P6.2	0.007504581405785441
LINC01361	0.007503918097397523
RP11-526I2.1	0.007503115900846812
EEF1A1P21	0.007501940404769443
RP5-1107A17.4	0.00750111741892358
RP11-465N4.4	0.0074975860295651685
C5AR1	0.007497504318119252
RPLP0P11	0.007497091857315477
CTAGE11P	0.007496873077824342
VN1R42P	0.007496064354624567
GSTA1	0.007495859263149294
ZBED5-AS1	0.0074958557144433995
RP11-358H9.1	0.007495395803039724
AC004012.1	0.007493001224800991
RP11-333B11.1	0.00749256333749884
AGBL4-IT1	0.007492542202148181
MAL	0.007492509662185382
GNA14	0.007492333082443297
RP11-430H10.4	0.0074923201049300345
RP11-793A3.1	0.0074916554522970495
SOX4	0.007489699309935346
RP11-463J10.2	0.007489617449226823
CTA-390C10.9	0.007488822247014764
RP11-626G11.1	0.0074883967551241295
MIR93	0.0074879359613174235
AWAT2	0.007486309371404359
RP11-566K19.6	0.007484197863972363
RP11-815I9.5	0.007483445441961628
RP11-90P13.1	0.007481314185591753
RPL3P1	0.00748069495280133
XXbac-BPG13B8.10	0.007480112528566221
RP3-417G15.1	0.007478873828041966
EIF2S3L	0.0074783192457854655
YWHAZP2	0.007477053172506611
TRAJ7	0.007475480014766252
RP11-145P16.2	0.007474644531493656
RP5-1069C8.2	0.0074745193027151244
RP11-321P16.1	0.007473279546844742
FRRS1L	0.00746966812619021
ACTC1	0.007469650573714694
PLCH1-AS2	0.007469349098594008
MRPL53	0.00746923522095501
RP11-830F9.6	0.007468783539734866
AP000235.2	0.007468316430783511
BCAS2P2	0.007468287111374968
CTD-2026D20.3	0.007467754627388555
RP11-329N15.3	0.007467298815303147
SLC9A7P1	0.007466834920561345
APOBR	0.007465780486605459
HCG18	0.007465633488810412
ZNF837	0.007464847221501093
RP11-575L7.8	0.007464407653878319
PRKAA2	0.0074642430726986715
RP11-20F24.2	0.00746117373843979
GATA3-AS1	0.007460568326943406
RP11-531F16.4	0.007460485544543801
RP11-406H21.2	0.00746046228321618
RP11-63M22.1	0.007458061042699265
TAS2R1	0.007457613156032662
RP11-178L8.9	0.0074573084034624286
ZBTB7A	0.007456615491489161
CTB-41I6.1	0.007456152303982166
ZNF652	0.007456100247149582
RP11-805F19.1	0.007455332254186128
MMRN1	0.007455104884752938
ODF3L2	0.007455013441183741
TRPV1	0.007452677314480063
RP11-867G2.5	0.0074515962506628034
RN7SL8P	0.007451138268994848
RP11-27I1.4	0.007451112697284292
RP11-110H1.4	0.007450650716160738
RN7SL592P	0.0074504363750783455
RP11-709D24.8	0.0074500918806424815
RP11-471B22.2	0.007449907665218482
AC007249.3	0.007448942810545783
RP11-417F21.1	0.007448772327232686
RP3-382I10.7	0.0074481725794246206
MED28P8	0.007448044746681346
RP11-1038A11.3	0.007446501637429318
RP5-1116H23.6	0.007445384683126833
OR7E85P	0.0074447310801765325
RP1-158P9.1	0.007444546123460192
Y_RNA	0.007444031228332245
RP11-74E22.6	0.007441905856097519
FRAT2	0.007441205435372771
TMEM178A	0.007440975830128463
RP11-51J9.5	0.007440620139039732
RPS20P23	0.007439932592858045
RP11-297D21.2	0.0074398542145452705
IGLJ6	0.007439686592376577
RNU1-138P	0.007439187114681868
CLDN23	0.007438573556577256
RNA5SP405	0.007437345571267457
LINC01362	0.007436451524919735
RP11-22B23.2	0.0074363849893041714
RP11-800A18.4	0.007435610269503278
LRP11	0.00743519760700955
PDK4	0.007434926199324626
AC005281.2	0.007434588419398854
AC006116.24	0.007434276471740521
ERICH4	0.007433655866360245
RP11-798K23.5	0.007433464503363302
JRKL	0.007432934380007669
KB-1562D12.1	0.007432918352325753
TOMM20P4	0.007432844226760161
RP11-439C8.2	0.007432745214868665
CTB-107G13.1	0.00743241525054077
RP11-10O17.1	0.007429793273835617
RP11-517B11.7	0.007428448795664628
RP11-29H23.6	0.007427919046420329
RP11-509M23.1	0.007427776418077712
RP11-640B6.1	0.0074263766099856255
LRRC15	0.007426140598445228
RP11-120J4.1	0.007425751670367347
RP11-613M5.1	0.00742418329075831
TRDC	0.007423630547951122
XKR9	0.007422625167270393
RP11-701H24.4	0.00742113632020615
RP11-133F8.2	0.0074197639833173
NUFIP1	0.007419704840001864
AJ239322.1	0.007419294307522758
RP11-394J1.2	0.007418616781972919
GAS5-AS1	0.007418573568547194
JMJD1C-AS1	0.007417302626487847
EEF1A1P15	0.007416263435746782
RP11-758N13.1	0.0074151794922467365
RP11-343P9.1	0.007413863006606371
AQP4-AS1	0.007413683688797173
OR2B7P	0.007413531632080488
RP11-544M22.8	0.007413299726623022
TUB-AS1	0.007412069208155066
RP11-91I8.2	0.007411644897785611
RP11-360F5.3	0.007411417787605021
AC069154.4	0.007411205687842562
RP11-386M24.3	0.00741079321979593
TCEA1P2	0.007410326255168656
RNF25	0.007408614052385765
AC002519.8	0.007408051000998394
MIR1250	0.007407545635023739
RNU6ATAC14P	0.007407154948779539
LLNLF-191C12.1	0.007407003593976478
AC008073.9	0.007406743509127246
RNU6-1160P	0.007406474912703609
AC068490.1	0.007406344822670959
HNRNPA3P2	0.007405867294280151
RP11-338K17.10	0.007405305543767383
RBBP4P1	0.007404915070683235
RP11-85A1.3	0.007404446190491118
IGHD6-13	0.007403516234374175
FGF14-IT1	0.007403499756680716
EVPLL	0.0074031153930725745
RP11-53I6.1	0.007402940226987122
RP11-163G10.2	0.00740287631503619
LINC00973	0.007402512700655969
C8orf58	0.00740225867826245
RP11-390G14.1	0.00740211489222294
MIR3183	0.007401913140060011
R3HDM4	0.0074015488891134755
LINC00630	0.007400498626765669
S1PR4	0.0073983892932547365
AC118754.4	0.007397947824976732
AC087499.8	0.007397033028933987
LINC01422	0.0073970162004094505
MIR635	0.007396812404907746
DPPA5P4	0.007394598596721511
RNU6-758P	0.0073938731873034805
RP11-305L7.3	0.007393683641326116
RP11-7F17.5	0.007393355490764154
HMGB1P21	0.007393352442586212
OR8S21P	0.007393057356493499
NOC4L	0.007392505809743756
MT-CYB	0.0073923377396466735
AC010677.5	0.007392019732231318
SPATA41	0.007391946469116886
RBMXP2	0.007391830584227206
UPK3B	0.0073917330952775456
RP11-120B7.1	0.007391014407823739
RNU6-702P	0.0073906701013404345
RPL9P2	0.007389688712549199
RP11-1C8.6	0.007389093834457064
RNF39	0.007387091140379961
RP11-97C16.1	0.007386902104331396
RP11-599B13.8	0.007386788589492824
RPL21P119	0.007384336239899774
RP11-524H19.2	0.007383980351080812
RP11-442O1.3	0.007383047289366607
AC006277.3	0.0073815702484051554
PARGP1	0.007380961468686422
NDUFAF4P3	0.007380720945636067
HSBP1	0.007377459438084068
AC005593.2	0.007377454332292856
RNA5SP300	0.007377440906117694
ADAMTS9-AS1	0.007375574818639356
RP11-424E7.6	0.007375496899588542
LRBA	0.007375047015426351
AC128709.4	0.007373740098381587
AC128709.3	0.007370745834524516
GPR83	0.007370008968251529
RP11-1072C15.4	0.007369765243003188
RP11-1055B8.9	0.0073691926461950195
CH507-9B2.9	0.007368731799058345
CHMP4BP1	0.00736813986939035
RCOR1	0.0073680055985740995
Metazoa_SRP	0.0073658480453678175
DOK4	0.007364970137411064
NBPF1	0.007364627511871283
PKD1L1	0.007364623705382585
RPL31P7	0.007363974905232529
WDR83OS	0.0073639035671751495
RNU6-553P	0.007363370786021985
MAN2A1	0.007363225558846667
RPL23AP6	0.0073616029111729965
AMIGO2	0.0073603949145873895
RNU6-1310P	0.007360287577862169
MTND4LP5	0.007358464455346149
RP11-158M2.5	0.007358351225966382
RP1-56K13.5	0.00735691172856108
SPIN2B	0.007355296614180191
RP11-187E13.1	0.007353487205892188
NPM1P39	0.007352852762399171
ACTG1P14	0.00735248962414935
CTD-2201G3.1	0.007350650120196852
CTC-455F18.1	0.007350521859861817
CRLF1	0.007349849145891505
APITD1-CORT	0.007349650951442962
RP4-583P15.16	0.007349100369890692
RPL22P17	0.007348868467566432
AC004019.10	0.007348648146890027
Metazoa_SRP	0.007348044657217657
ZPBP	0.007347526132404713
HLA-DPA1	0.007346180143553174
RP11-538D16.2	0.007345249262877382
GBA3	0.007344788188475578
HSPB3	0.007344139940900428
RNU2-40P	0.0073426348310235345
KCNQ1DN	0.0073425170659433
RP3-454B23.1	0.007342468162015852
RP11-686D22.6	0.007341700182298599
IGHD6-25	0.007339389770189999
RP11-803B1.8	0.0073393401392665755
RP11-699A5.2	0.007339206051649788
CLDN11	0.007338910142650468
RPL7P22	0.007338204365740247
EFTUD1P1	0.007337770653144383
RP11-946P6.4	0.00733543359668494
RP5-874C20.7	0.00733464133583768
RGS16	0.007332208298216046
RP11-168K9.2	0.0073322062629550475
Metazoa_SRP	0.007332134189907019
RDH8	0.0073308428336755875
RP11-431N15.2	0.007330031201229756
RBBP4P2	0.007329523236668363
HTR3B	0.007328273244617782
NT5CP2	0.00732752700738243
RP11-214F16.8	0.007326685111806486
Metazoa_SRP	0.0073265729336965775
CTSF	0.007326429255480348
SNORD46	0.00732597089350627
CTC-429P9.3	0.007325792616889779
RP11-301N24.3	0.007323724353892259
RP11-158H5.7	0.0073237083018599025
PLPP3	0.007323567522295696
RP11-799M12.2	0.007322673340713765
RP11-315I20.1	0.007322103804005174
MIR4290HG	0.007322060348426384
POU6F2-AS2	0.007321318701177255
SYCE2	0.007319875840605193
RP4-568F9.6	0.007319586800252166
SLC25A4	0.007319540954070616
SEMA3B-AS1	0.007318761395922141
RP1-102E24.10	0.007318349640782636
KIRREL3-AS3	0.007317882758133869
RP11-234K24.3	0.0073166422593099485
RP11-147L13.13	0.007315645306276216
RP11-799O21.2	0.0073152162206067154
CTB-39G8.2	0.007313800714719717
ERF	0.007313756007633408
RP11-295D4.3	0.00731274329002088
DDX10	0.007312624118487769
RP11-267J23.1	0.007311126310534513
MIR378A	0.007309445698509274
RP11-561I11.3	0.007309420590233441
AP000692.9	0.0073089804717989355
RPS3AP36	0.007306974252275548
RN7SL493P	0.007306517172471069
ART2P	0.007305942064182499
FOXC1	0.0073059133904934195
MOCOS	0.0073055879138453055
RP11-473J6.1	0.0073050533352601735
RP11-227G15.2	0.007304606513257591
AL136419.6	0.007303164957345139
TUB	0.007302002093866922
AMIGO1	0.007301665303003949
MIR629	0.007300862296124425
RP11-390E23.3	0.007300723562601876
RP11-360F5.1	0.007299102834875921
RP11-494M8.1	0.007297384413603349
RP5-984P4.6	0.007296560027085909
RP11-34F13.3	0.007295069197596636
IER3IP1	0.007293873982473262
ADGRF5P2	0.007293872616291711
PPP1R14A	0.007292933576939423
NUDCD1	0.007292037659715424
RPL31	0.007291121333641474
MED14OS	0.0072905790978432085
SERBP1P5	0.007290293202402482
AC093375.1	0.0072896889455911365
RP11-307C12.12	0.007289444669219142
KCNH1-IT1	0.007288190266062027
RPL35P5	0.0072873125418985935
RP11-780K2.1	0.007287126692850983
RP5-1142J19.1	0.007286801858190301
RP5-1018K9.1	0.007285724183715249
RP1-241P17.7	0.007285388064541964
CAPN10-AS1	0.007283073864674117
STAG3L5P-PVRIG2P-PILRB	0.007282544970776123
RP11-379P1.4	0.007282130220341486
RP11-13K12.5	0.00728164981393637
RP11-112N19.2	0.0072804546330149655
RP5-1184F4.7	0.007280425500054728
TRAV39	0.007280367883018451
RP11-680F20.9	0.0072799186583308575
RP5-991G20.2	0.007279600217058549
AC018755.17	0.007279402180492453
AC004775.5	0.00727910400537951
OCEL1	0.0072780691433042945
LIMD1	0.007277713268689562
TUBBP9	0.0072771646296841495
TRAJ40	0.007277053114909922
RP11-864I4.4	0.007276629495531961
P2RY12	0.0072764178859449965
DDN	0.007275595972166576
RP11-148O21.3	0.007274644108594561
ACA59	0.007273802833957675
CTD-2547H18.1	0.007272639264566769
CTD-2280E9.1	0.007272582467942557
LOXL4	0.007271770013349656
KCTD16	0.007271607920662479
RP11-629B11.5	0.007271520917602597
RP11-131N11.4	0.0072708090876605486
KARSP3	0.007270348166502389
GANC	0.007269777625098313
FAM210B	0.007269592013019939
AC004754.3	0.00726943262099749
RP5-890O3.9	0.007269323125647568
RP11-752D24.2	0.007268462628730529
MIR663AHG	0.007268289557862471
RP11-148K1.10	0.007266652989258758
RP11-1252I4.2	0.007266599036373135
PTMAP1	0.007266063146166419
LA16c-313F4.1	0.007265630603790189
LCNL1	0.007265437818447868
SCN2B	0.007263990152164065
DTX2P1-UPK3BP1-PMS2P11	0.007261035982781118
RP3-500L14.2	0.007260675206157127
AC007163.3	0.007259951464385146
CTC-436P18.3	0.007259939366779107
CTD-2337A12.1	0.007258500392206214
BNIP3P5	0.007258447028304171
GAPDHP47	0.0072580437779467925
PCDHAC2	0.007256380093905395
MIR6780B	0.007254999232655692
NECTIN4	0.007254604174115956
RNA5SP494	0.007253560709738909
RP11-1C1.6	0.007253161432790882
AC007950.2	0.007252902807768808
RP11-727F15.13	0.007251461018009882
ACOT4	0.007250599553501091
RP11-579E24.2	0.0072505884071958305
CTD-2517M22.14	0.007249741483853866
CTD-2049O4.1	0.007249696668848948
OPALIN	0.007249270910944177
ARMCX7P	0.007248841382423144
ALG1L8P	0.007248586341274201
WASL	0.007247584609748591
AC003958.2	0.007245967599346658
RP11-98J23.1	0.007244116169022575
AC079630.2	0.007243629468085038
RP11-136C24.3	0.007243013079729845
AC021188.4	0.007242097772533367
GUCA2B	0.007242069220639322
RP11-538D16.3	0.0072417745582183425
PCDH12	0.007241123959311499
RP11-483C6.1	0.007240923861764034
LL22NC03-27C5.1	0.007240804997787061
PRADC1	0.007239572465526309
CTD-2215E18.1	0.00723937975490142
FHL3	0.007239033896361971
BMI1P1	0.007238912526487064
TRAJ11	0.007238679644541573
RP5-1049N15.2	0.0072376921986582465
LINC00865	0.007237267387324518
RP11-542M13.2	0.0072365451047580855
LINC00565	0.007235294823733187
DNAJC3-AS1	0.007234616151121662
CTC-400I9.2	0.007232315657762383
WBP1	0.007231813593123133
RP11-319E12.2	0.007231013885784853
RP11-504P24.5	0.007230940040159744
MIR561	0.007230623639693904
CEBPZOS	0.0072274652925495425
LINC01185	0.007226892377853031
RP11-371A19.2	0.007226177941439695
MIR3622A	0.0072258969310184966
OR7E94P	0.007225724049302289
CBX3P4	0.007223543020871837
RP11-338N10.2	0.007223367384806682
AF131215.2	0.007221626895024303
LINC01232	0.0072215218590394375
RP11-192H23.8	0.007219502526464254
ASTL	0.007219000334293779
RP11-830F9.5	0.007218406684222714
RP11-22N12.2	0.007218291321489971
CSPG4	0.007217551536548483
ISOC2	0.007217302913914494
FCGR3A	0.007216704056597351
ZNF681	0.007215892760075199
RPL3P6	0.0072156808707621095
XIAPP3	0.007214915758412051
RP11-351D16.3	0.007214196008785061
AC090625.1	0.007213940348683627
MAP1S	0.007213664325558584
LAGE3P1	0.007213289324390725
AC020743.3	0.007213062937623236
AC092620.3	0.0072129313763276805
RP11-84G21.1	0.0072113341485967155
KRT8P10	0.0072104958091646215
CTD-2313J17.7	0.007210305896630294
AC016734.1	0.007209544768239112
RP5-912I13.1	0.0072091633054836325
PLPP2	0.007208537451573993
NARS2	0.0072075093541500625
CTD-2561J22.5	0.007207207763691638
E2F5	0.007206391025280502
ZBTB9	0.007205576835960028
AC007256.5	0.007205406425834745
RP11-44N12.5	0.00720448695948387
RPL17P41	0.007203164610465055
MICB	0.0072024786905459165
C12orf77	0.007202179457673705
PARD3-AS1	0.007201844923153089
AC094019.4	0.00720174966549573
ZFP42	0.007200425865206019
RNA5SP39	0.007199370798434961
FBL	0.007198833644439835
CTC-524C5.2	0.007198052942513289
SNORD116-10	0.007197843358986208
AF186192.6	0.0071968412360105165
RAD21-AS1	0.007193329358864068
RP11-627G18.1	0.0071926289668123155
FAM86GP	0.00719256499475649
IGHV4-59	0.007191881656990081
AC002511.2	0.0071910217464446315
RP11-159N11.3	0.007189611425196699
MIR138-1	0.0071892812990019825
CICP4	0.00718876624231445
RP11-455O6.2	0.00718871901278669
RP11-807H22.7	0.0071883724426017506
AC066615.1	0.0071875172485712105
HMGA1P7	0.00718681640667464
FNDC11	0.007186535565531214
SIPA1L3	0.007186350503716792
CTD-2536I1.3	0.007186300802389675
MIR892B	0.007185590165148618
RPS27P29	0.00718453976525515
RP13-494C23.1	0.007183233264091885
RP11-102G14.1	0.007182639175709504
RP11-758M2.1	0.007182008782730161
ARSH	0.007181851293768009
CTD-2001C12.1	0.007180723230916391
OGFRL1	0.007180384593474283
RP11-119H12.6	0.0071803447503427775
TAGLN2P1	0.007178344566440323
CEP76	0.007177905664794738
RP11-85G20.2	0.007177565610092158
ASS1P5	0.007175337159610741
CTD-2184D3.5	0.007175031945916037
AC005077.7	0.0071747905995881945
EIF1P6	0.007173786695150563
AC008691.1	0.0071729737420965795
AC067956.1	0.007169604800364334
CTD-2058B24.2	0.00716950007509473
RP11-540O11.1	0.007169373166652988
RP11-352G18.2	0.0071686534389915095
RPL23AP2	0.007168386060200274
HMHB1	0.007167543790695388
RPL3P10	0.007167239366706568
RPL34-AS1	0.007167208147515583
ZNF781	0.007167088188243207
AC005537.2	0.007166363295784483
AC006273.5	0.007166220826930792
CDKL4	0.007162949508560922
AC008592.8	0.007162929554922544
snoU13	0.007162589992517973
MIR4269	0.007160364590986783
MIR4462	0.007160254291494016
TMPRSS12	0.0071602268783156064
RP11-177B4.1	0.007159216711825486
LSM10	0.0071590268401366015
RP11-26H16.1	0.00715660673678186
KCNMB2-AS1	0.007156116195173891
SRP68P2	0.007155851006558865
RN7SL851P	0.007153923048577298
RP11-41O4.1	0.0071527865016129425
TRAJ20	0.007152737464956973
CDK7P1	0.007152307022321238
RP11-75C10.6	0.0071522234962164
RP11-597D13.7	0.007149996314649554
ATP6V1G1P3	0.007149587706616061
SLC25A38P1	0.0071495276240166215
RP11-498P14.3	0.007149068539820178
RPL12P33	0.007148792678942604
CTA-204B4.2	0.007148029940606256
RP3-418A9.3	0.007147229160452432
NPM1P42	0.007146389347445327
RNA5SP82	0.007146078552786531
YRDC	0.007144986331538161
RP11-149P24.1	0.007144661973753897
RP11-589M4.2	0.007144034480906416
RP5-894A10.2	0.007143591791906475
CTD-2195B23.3	0.007143584240161961
SRGAP2	0.007142617995038253
RNU6-1089P	0.007141766555903511
RP5-831C21.1	0.0071411711441260965
RSPO2	0.007140846243047229
CTC-339F2.2	0.007140590904158452
SNORD99	0.007140550616860486
ZBTB11	0.007140365795299387
BCL2L10	0.007139844549725238
PRR18	0.007139639897424487
AC113331.9	0.007139419515584188
RP11-350E12.4	0.007139201627739571
IKBKE	0.007139053287692492
SNORD115-22	0.007138762023664792
LRRC73	0.0071384846349122
MYLKP1	0.007138078798429446
RNU6ATAC10P	0.007137733167724413
ERP29	0.007136865983638355
RP11-707M1.9	0.007136548529327566
RP1-15D7.1	0.007135791406503179
TRAPPC5	0.007135682524263566
PTPRG-AS1	0.007134485479659118
RP11-229P13.19	0.00713445453416197
BZW1P2	0.007134419543701691
DHRS12	0.007133822861931241
HLA-J	0.007133637016892608
RP11-794G24.1	0.007132794581267316
LNP1	0.007132178447661578
RP5-965G21.3	0.007131858825627591
GAS2L1P2	0.007131605689236236
GNB3	0.007131263840888053
CTC-232H10.1	0.007131088270244039
Y_RNA	0.007130479428276633
RP11-89K10.1	0.007129056122911621
RP11-286N22.16	0.007127960572058319
ZNF296	0.007127831528191685
MTND4P2	0.007127579931387246
AC007228.9	0.007126008085373176
KDM4E	0.0071254573955640095
RNA5SP490	0.007121340690786888
DRD1	0.007120284996132529
GPR179	0.007119514843255335
EGR3	0.00711891869079971
RP5-1024G6.2	0.007118230260381812
ZNF807	0.007117418843257659
RP11-715J22.2	0.007117250353710729
EIF4BP4	0.00711656979341791
RP5-1166F10.1	0.00711630041718227
SNN	0.007116077823005999
RP11-166B14.1	0.007115712325715811
RP11-326C3.13	0.007114951395546621
OSTCP1	0.007114703984939921
AC010883.5	0.007114414199079807
HUNK	0.007113906907733638
RP5-1065O2.4	0.00711371479616641
RP11-359N11.1	0.007112500500258412
RP11-278L15.2	0.007112439023701124
AC004158.1	0.007112416312083446
RP11-7F17.8	0.007111696846326635
ZNF536	0.007111162455710079
RP11-305K5.1	0.007109636901081651
AP002962.1	0.007109179445049646
RP11-431M3.1	0.007109140419947628
CTB-134H23.3	0.007108612786060634
RP11-864I4.3	0.0071078402804933384
RP4-545C24.1	0.007106594591364139
AC007879.2	0.007106439366166294
ZNF768	0.007105847204525221
CTA-992D9.8	0.0071040370074026095
ZNF468	0.0071038706799548676
MEGF9	0.00710357542247086
MIR619	0.007103162957312356
TRAJ9	0.007102874386770048
AC093627.8	0.00710225520998146
RPS3AP12	0.007102133747082068
SMG1P4	0.0071006436908315354
RP11-684B21.1	0.007100086481473791
U8	0.007099938374754925
PLPP4	0.007098883581742278
OR52N4	0.0070987106201424776
ILKAP	0.007098526728333404
RP11-685B14.1	0.007098329149733082
FLJ20021	0.007095844136489635
DPP10-AS1	0.007094915671522541
RPL9P31	0.007094208051110837
ORAOV1P1	0.007094016229328465
AC073869.2	0.007093504536202385
STAG3L5P	0.007092936680656078
KCNQ1-AS1	0.0070919664828651835
AD001527.7	0.007091956860728088
HS3ST3A1	0.0070919550078150685
RP1-292L20.3	0.0070917412253218536
LINC01616	0.007091387356121379
DUX4L50	0.007091255564017181
CSNK1G2-AS1	0.007090310394247691
LINC00602	0.007089391876098773
C2orf82	0.007088734156472515
AC002398.11	0.007088114337302175
RASSF9	0.007087964742989383
MGAT4EP	0.007086774083937892
RP11-762I7.4	0.007086273062215534
RP11-77H9.8	0.007085739497568241
RP11-57C19.2	0.007084583661897292
ZNF28	0.0070835867444428565
FGF14-AS2	0.007082831744088344
RP11-349A22.3	0.007082583620411477
ACTR6	0.0070824799844443126
SC5D	0.007082293959638575
C4A	0.007081278503189568
RN7SL684P	0.007080205130741542
SNRPCP17	0.007079472029456784
RPL3P2	0.007079045557863951
C3orf62	0.007079013090080137
AC064853.2	0.007078896067399913
C17orf100	0.007078609963002375
RP11-93H24.3	0.007078239066311258
P4HA2-AS1	0.007077477773374509
SNX25P1	0.007076357650297193
RASL11A	0.007076101728897409
RP11-379H18.1	0.007075618653372816
GAPDHP52	0.007075295018787939
RP11-389O22.4	0.0070750966337125454
TOP1	0.007075054927948065
CTD-2201E18.5	0.007074757882486688
AP000936.4	0.007073680663943837
PKD1P1	0.0070733102967346535
RPL21P11	0.007072225341849756
RP11-281B1.2	0.007071188025675649
KCNH4	0.007069930993569036
RP11-449J21.5	0.007068834069803326
RP11-412H8.2	0.0070680281869662425
RP11-806O11.1	0.007065924221606088
RP11-543N12.1	0.007065801758856929
AP004550.1	0.007064422747380021
NDUFB4P10	0.00706441106436765
AC007228.5	0.007064361646023595
LINCR-0001	0.007063053448711297
RPL5P3	0.0070620855188816955
AC003988.1	0.0070617061402953474
CTD-2631K10.1	0.007061553169270662
RP11-343N15.2	0.007060170339265238
GPR153	0.007058588085165836
CICP9	0.007057516919534769
RP11-477J21.6	0.007057478897229111
RP11-818O24.3	0.007057124948965897
RP11-761I4.5	0.007056542216035941
AC073046.25	0.007056229403207468
SETP17	0.007056127846242629
KARSP2	0.00705610128547442
RP11-103B5.4	0.007055897136747485
SF3A2	0.007055679162380827
AC019206.1	0.007054811148346509
NRIR	0.00705457794422752
SEC11C	0.007054576014953143
RP11-309L24.10	0.00705343915634413
RP11-565P22.6	0.007053403148972085
C1QTNF1-AS1	0.007053064542471127
DNAJC19P5	0.007052521488514918
AP001412.1	0.007052443317157107
MRPS25	0.007050672212534758
RP11-67L14.1	0.00704949130279394
RP1-73A14.2	0.007049430965277844
RP11-173G21.1	0.007049092095127927
AL121656.5	0.007048536703805675
RP11-574K11.24	0.007048535373525243
TBX4	0.00704851784656526
SDHAF3	0.007047962030748358
TRGV10	0.0070470342641002675
ABCE1	0.007046944687500186
VAT1L	0.007046701600918287
RP5-1102E8.3	0.007045880873696166
AC093690.1	0.007045745796576624
AC073621.2	0.007045116966714415
RP11-368I23.3	0.007044127757401501
RP11-23F23.2	0.007044127547033935
AC009120.6	0.007043908791257213
TRIM21	0.007043281870522225
TCERG1L	0.007043002540971951
LHFPL3-AS2	0.00704288509120093
RP11-10A7.1	0.00704277922071113
ATP6V0E2-AS1	0.007042090093547505
Metazoa_SRP	0.007041889239223637
TRAJ33	0.007041726344063983
RFPL1S	0.007041216076624377
AC008440.10	0.007040813032584383
KCNA1	0.007039779958603598
AF001548.5	0.0070388434200716575
VGLL3	0.007037638042049666
RP4-680D5.9	0.007037485149829746
RP11-187O7.3	0.007036975845487814
GNRH1	0.007036858874044098
LINC00618	0.007035294628247702
DAND5	0.007035082515337268
FLJ13224	0.007035078412976963
CTD-2620I22.1	0.007035011896218403
CTC-523E23.5	0.007034310946422235
PAM16	0.0070341780582276565
AC007387.2	0.007034085671497176
RP11-104O19.4	0.00703399515072144
RP11-55K13.1	0.007033968978856692
RP11-70D24.2	0.007031941381172034
CTD-2369P2.5	0.007031121700556699
FAM66E	0.00703088113376705
RP11-783K16.13	0.007029375079961588
NPPA-AS1	0.007028331744465055
SLC16A13	0.007028227416650681
IGHD4-17	0.007027910728045763
RP5-1116H23.5	0.007025940387767364
PSMD12P	0.0070252846730784226
RP11-196G11.6	0.007024675462209544
RP11-2L13.1	0.007024046654470816
RP11-335K5.3	0.007022287592213762
ANKRD34C-AS1	0.007020472440550973
SAPCD2P3	0.007019219953536941
GMNC	0.007019209885967354
RP11-52B19.1	0.007018916502787952
PLEKHJ1	0.007018445745028917
RPL4P4	0.007017463081453746
RNU6-516P	0.007016955053416786
ETF1P1	0.00701575337858035
ZNF595	0.007015002596145024
RP11-525G13.2	0.007014581245410708
AC022431.3	0.007013613909241143
RP11-554D15.1	0.00701295733202546
DNAJA1P6	0.007011202652495913
RPL13AP3	0.007008379026195493
Metazoa_SRP	0.007008347936532633
CTC-351M12.1	0.007007924646654916
RP11-381N20.2	0.0070078524205406355
SEPT7P2	0.0070073215605289734
RPS25	0.00700658459955597
Y_RNA	0.007006327393535521
RPL21P134	0.007005533128520031
CTD-2270N23.1	0.00700531950912078
RASIP1	0.007004896713248548
RP11-330M19.1	0.007003378974757294
RP11-347H15.2	0.007002911829240853
API5P1	0.007002894726023777
SNORA70	0.007002031023847592
SLCO4A1-AS1	0.007001722532442024
IGLC3	0.007000352169901227
CTD-2533K21.4	0.006999569286718239
RP11-157P1.4	0.006999462804553238
ZNF551	0.0069992212940957815
RPS10P2	0.0069988728098154315
TRAJ61	0.006997948967714206
TSTD3	0.006997406328689439
YOD1	0.0069966852435667795
MIR6827	0.006996196847869921
AP000442.4	0.006995434662737873
OGFRP1	0.006995205130549379
HPN-AS1	0.006994596590605973
RPL26P30	0.006993639764075214
RP11-74M13.4	0.006993453047842808
ZNRD1-AS1_2	0.006993317122875608
KRTAP1-5	0.006992312683884609
FAM19A2	0.006991134032984448
NRSN2-AS1	0.006990136712380557
CDK2AP2P2	0.006989866788448179
RNU6-137P	0.0069869566538771685
ZFHX4-AS1	0.006986860932480365
MPHOSPH6	0.006986549575938928
RP11-364P2.2	0.006986257568696489
AC092610.12	0.006986163555647406
ZNF429	0.006985274946728824
LINC01378	0.006984152934217585
RPL7P47	0.0069838879196771455
ANKRD40	0.006983426199840789
DHRS4-AS1	0.00698257190866654
GNAQ	0.006981775965746602
ZNF627	0.006980989280652613
CLPX	0.006980862389070005
RP11-1020A11.1	0.0069802707302281716
RN7SL120P	0.0069800892993390614
SIN3B	0.0069798300434228714
CAT	0.006979282639159826
RP1-136J15.5	0.006977851488890899
ELOVL3	0.006977643421643893
RP11-354K1.1	0.006976989529330037
LINC00441	0.006976356860146731
CTD-2647E9.3	0.00697633349965388
RP11-131O15.2	0.006975619609706822
TRAJ14	0.006975503141194702
RP13-395E19.3	0.006975463833608549
LAMTOR4	0.006975389482616105
MFSD4B	0.006975240074958919
AC084809.3	0.006975127431066725
C3orf80	0.006974815495165899
KCNK5	0.006974076377028242
CHCHD10	0.00697333414991483
RP11-713C19.1	0.006971817941255967
RP4-719C8.1	0.00697141216797808
RASEF	0.006970330747063096
RP11-401F2.3	0.00696958195667963
RNA5SP111	0.006969369506804421
RP5-1173A5.1	0.006968392430920319
SNORA51	0.006968225082325117
BEX5	0.006967861563513103
RP11-475O6.1	0.00696579450974665
LINC01016	0.006965275317806337
MIR596	0.0069649339884643715
RP11-306O13.1	0.006963650390451133
SNORD82	0.006963389002540234
RP1-199J3.7	0.006962927965172467
RP13-991F5.2	0.0069625363265747
RP11-661A12.12	0.006962193064919438
PIGQP1	0.006961826817432045
HMGB1P8	0.006961554042707363
RP11-278A23.4	0.00695909417534833
RP11-95P13.1	0.006958580951384036
GGTA1P	0.006956560942077567
RP5-1092A3.4	0.006956062715491259
GNB2	0.006953524603813231
SRSF8	0.006951739154995601
LL09NC01-139C3.1	0.006950723670989371
HSD17B8	0.006950352437392161
TXNIP	0.006950090261391905
CTD-2525I3.5	0.006949357665952712
DBH	0.00694885147959328
RP11-1148L6.8	0.006948541073574871
RP11-278J6.4	0.006948083938584258
RP11-968A15.2	0.006948029872679535
ZFX-AS1	0.006946388323767452
RPSAP39	0.006945957346901174
AC009487.5	0.006945789106146073
CTD-2183H9.7	0.006944849561783318
SEC63P1	0.006944779712599083
YIPF4	0.0069442168203821715
RNU6-204P	0.0069433246749299425
RP11-73M18.11	0.006942727408781757
UBE2L4	0.006942582051126685
IGLL5	0.006942041872252811
MRPL3	0.0069414610549255575
RPL23AP8	0.006940927981940744
GMNN	0.006940629867182584
RP1-142L7.8	0.0069392516539489215
TCEB1P32	0.006939155957251324
NUDT4P1	0.006938863503599908
RN7SL431P	0.006937313033132326
TTLL4	0.006936562904197893
ITLN1	0.00693638710044742
FCGR1CP	0.006935938326766026
C10orf10	0.006934962810958941
TAS2R6P	0.006934705986121713
RP1-111B22.3	0.006934174683889931
LINC00609	0.006934066422683028
HRG	0.006933247352628979
AC092835.2	0.006932919113884826
SNORD88	0.006932850368574253
PGP	0.006932568015494963
ITGB1BP2	0.00693245595181968
IGHD1-26	0.0069318128123509225
RP11-958J22.1	0.0069316055752625914
AP001437.1	0.0069300716090121735
HMGB3P6	0.006929695784527683
RP11-91I20.2	0.0069287075500890265
RP11-404F10.6	0.006927698395906754
RP1-101A2.1	0.006926701096219216
RPL12P27	0.0069259003657729246
AC092431.3	0.006924022652678426
AC090616.2	0.0069226632055408395
PIM2	0.006922036776488499
ZBTB5	0.006921985583757238
AC116366.6	0.0069218122618074085
KLF1	0.006920742738980594
CACNA1C-AS1	0.006919856802759372
SNORA22	0.0069193488043454736
CTD-2215E18.2	0.006919109242411859
RP11-744D14.1	0.006919051722652136
RP11-483L5.1	0.006917946667726365
NACAD	0.006917261053241512
PCYT1B-AS1	0.006917170586872099
FAM198A	0.006916930168782584
GLTSCR1	0.006916703001883692
LINC00858	0.006916408383393395
RP11-27M24.2	0.006916082403170242
TMEM176A	0.006915835992716918
AP001057.1	0.006914895860302264
JMY	0.006914888748738629
RP11-168P8.5	0.006914501669911307
MIR6131	0.0069141707482560195
AC010468.1	0.006914134662828524
RP5-919F19.5	0.006913810702850006
RP11-24F11.2	0.006913612037280301
RP3-461P17.6	0.006913173318598117
SLC30A3	0.006912752183413014
HOXB4	0.0069125122795089524
CTD-2192J16.21	0.006911809408061444
RP11-530C5.1	0.006911404082110007
RHOA-IT1	0.006910884590706865
TADA1	0.006910741513123473
CH507-154B10.1	0.006910227554437635
MIR7848	0.006910178765990839
RP11-596D21.1	0.006909503349964813
RNU6-13P	0.006909239496646285
RP11-291L22.9	0.0069086678882218444
DSC1	0.0069086574634896186
CRIPAK	0.00690750266547391
CTD-3035D6.1	0.006906580392589228
RPL21P135	0.006905859473619988
RP4-742C19.13	0.006905105524445657
RP11-573D15.1	0.006904533449101555
RP11-651P23.4	0.006903609464422404
Y_RNA	0.006902588792961765
AC011998.4	0.006899890550841837
TAS2R12	0.006899521380095559
AADACP1	0.006899100529952403
TACSTD2	0.006898902683088544
AGBL5-AS1	0.0068969062568708765
AL035610.2	0.006896705721176308
RNU6-267P	0.006896120632731733
HNRNPKP1	0.00689595521089732
RP11-342A23.2	0.006893913473275874
AC004895.4	0.006893114696116027
AC091801.1	0.006890674687805514
CNTN3	0.006890373041312114
SUCLG2P2	0.006888355546867225
RP11-390F4.3	0.006886672697812355
RP4-710M3.2	0.006886632168092759
RP11-68E19.2	0.006886510822437842
RP11-316M1.3	0.00688514887874988
RRM2P3	0.006885078096399254
LL22NC03-84E4.13	0.00688324997214639
PTPRD-AS2	0.00688300786415305
MMP17	0.00688174490348468
C8orf34-AS1	0.006881217229568848
RN7SL525P	0.006881192903026925
GS1-124K5.10	0.00688040489202123
TBX21	0.00688029122328802
RP11-286E11.1	0.006880024765566667
RP11-148B18.1	0.006879635258467153
RP4-799G3.2	0.006879231164236445
RNA5SP320	0.006878714164036155
RP11-657O9.1	0.0068778386354783885
RP4-751H13.5	0.006877720830274581
RP11-114H24.2	0.006876655977525309
AC016999.2	0.006876377451952941
CTD-2616J11.11	0.006875077191393863
RP11-252I13.2	0.006874319342295736
RP11-665G4.1	0.006874228348780802
RP11-800A3.7	0.0068742009429720976
BTNL10	0.006874058031058847
RP11-451G4.2	0.006873195183300587
RP11-290L7.5	0.006873144786100077
RP11-259K5.1	0.0068713930452307176
CTC-524C5.5	0.006870093662672487
RP11-148B3.2	0.006869543065527715
RP11-234A1.1	0.00686914981008283
LRRC4	0.0068689046685375
RP11-403P17.4	0.006868887545639991
LINC00683	0.006868144591839272
TXNL4B	0.006865393895322149
XX-FW83563B9.5	0.006865293464996833
METTL21C	0.006864980628660275
PCAT1	0.006863001440842341
RP11-87G24.2	0.006862798716938721
RP11-91K8.2	0.006861443029353989
LINC01305	0.006861065302435687
RP11-380M21.4	0.006859163535225373
RP11-1055B8.3	0.006858410233795981
SNORA42	0.006857988586762529
AC083843.2	0.006857758469035952
IGHD4-11	0.006857587273331198
CETN3	0.0068572830597744
RP11-384O8.1	0.006856977262735458
OR2U2P	0.006856814285232778
CTD-3064H18.4	0.006856745360382721
RP11-805F19.2	0.006856493897296193
IGHJ2P	0.006856181825035901
OTUD4P1	0.006856091322821622
RP3-428L16.2	0.006855965063380529
RP11-654D12.2	0.006855545867274439
RPL35P2	0.006855242540212369
PUM3	0.006855138830342735
RP11-29P20.1	0.006854303659194141
AP001046.6	0.006854033858622395
ARHGAP40	0.0068537910792374245
UBE2D3P3	0.006853531984188536
TPMT	0.006853215907385505
AF131215.8	0.0068522982528823415
RP1-39G22.4	0.006850383876776357
PGPEP1L	0.006850205092353122
MYPOP	0.006849643009371155
CTD-2095E4.5	0.00684863870524249
CXCL13	0.006847977230362676
FOXE1	0.006847106872367974
RP11-439A17.4	0.006846996719841106
AP001347.6	0.006845767415510328
AC004125.3	0.006845328501855897
MIR5692A1	0.006845299729341884
RP11-89H19.2	0.006844046860431284
AF277315.19	0.0068433229736492174
FKBP15	0.006843297609688275
XPA	0.006842522692297171
RP11-815J4.6	0.006842298177964411
RP1-140A9.1	0.006841916921740517
AC137723.5	0.00684177394141908
RP11-340I6.8	0.006841164300603022
MC1R	0.006841144344301313
CXCR2	0.006841025754628032
EPM2AIP1	0.006841002855154383
KB-1742H10.3	0.0068408527653703735
C16orf82	0.006840320910497447
YEATS2-AS1	0.006840108774120187
RP11-424M22.3	0.0068395808752899565
MMP24	0.006839138049076505
AC011247.3	0.006838585490692401
KRT27	0.006838046248854336
ENPP7P2	0.006837677806789243
LINC00487	0.006836724466960726
RP11-366L20.3	0.006835763998659991
C19orf38	0.006835052541886437
SNORD114-4	0.0068348109142244975
RP11-40A13.1	0.006834743353516594
TNFSF15	0.006832663794112397
MIR6779	0.0068325327340581065
AP000473.5	0.006832282489679232
C19orf18	0.006832135531327978
CTA-113A6.2	0.006831733701547789
RP11-815I9.4	0.006830114906891735
AC009237.11	0.00683010701179092
RP5-1000K24.2	0.006829909747093181
SUCLG2-AS1	0.006829759774737368
C14orf28	0.00682955654752813
RABAC1	0.006828081787613714
MIR7849	0.0068279277341139555
Y_RNA	0.006827784959508663
RP11-88I21.2	0.006826452777411289
RP11-23J9.4	0.0068263955756924476
RP11-320G24.1	0.00682590136306675
RP11-7K24.3	0.006825585524984523
ZNF157	0.006825466067951263
FAM13A-AS1	0.006825233257995449
TMEM246	0.006824489263842903
ZCCHC12	0.00682400727337007
COL5A1-AS1	0.006823657800781888
NKX1-2	0.006823616861985707
PAICS	0.006822504857896514
NPAP1P4	0.0068210249616542035
AC004129.9	0.006820380912481628
QTRT2	0.006820298167264285
GLRX3P2	0.006820217160749231
AC007128.1	0.006819401568405311
GRID2IP	0.006818480541480104
PCSK2	0.006817932388598555
GYPB	0.006817890356993139
LRFN4	0.006817337865463916
IGBP1-AS1	0.006816753220461887
AC074389.7	0.0068156242562783095
RP11-314A20.5	0.006813431739761179
RP11-699C17.1	0.00681329196890943
RP3-486I3.7	0.006813224601342197
COX5BP6	0.006812597430110381
IGHD5-5	0.006811647032433679
CTD-2349P21.1	0.006810234221248768
ZBED2	0.006809044619912759
RP3-395M20.3	0.0068088446821209505
C10orf55	0.006807939477451898
RP11-21A7A.2	0.006807784530495171
AC079630.4	0.0068064880928252235
RP11-34P13.16	0.006806055511236053
RP11-473O4.3	0.006805694254325205
ARHGEF35	0.00680466015438941
SNORA33	0.006804595669063389
EHD4-AS1	0.00680340176853341
RP1-199J3.6	0.006803161854936179
KB-1507C5.4	0.006801649751637271
NUDT9P1	0.006801635404183226
WDR12	0.0067994357452038955
GADD45GIP1	0.006799294056861706
GPR82	0.0067985827434782625
SNORD113	0.006798300101436461
COL4A2-AS1	0.006797582459318826
RP5-1159O4.1	0.0067962107400427975
RP11-242D8.1	0.0067961124724872915
MIR320D1	0.006795911469750269
ITGA9-AS1	0.006794986650340351
ROR1-AS1	0.006794905789112734
TARDBPP2	0.006792445547597633
POU2F3	0.006791530533427424
AC093063.2	0.006790404674083441
RNU1-51P	0.006789747912310557
CH507-42P11.6	0.006789386637214585
OR5K2	0.006789365327452232
NSUN3	0.0067879696839012
LINC00636	0.006787679818825164
RP11-390F4.2	0.006787177343057117
AC083873.4	0.006787082392007769
PLCB2-AS1	0.0067860042314731315
LSMEM1	0.006785467642739931
MIR4323	0.006785397130514665
IL22RA1	0.006784286917820904
GLTPD2	0.0067842231419048705
C6orf226	0.006783471519668339
IGLV1-51	0.006783316973841383
Metazoa_SRP	0.006782061191757902
GABRA6	0.006780275999224569
U1	0.006780001114927367
LINC00678	0.006778977476343379
OR1Q1	0.006778728274822474
ULBP1	0.006777951841980532
TMEM252	0.00677671858262313
RP11-762H8.5	0.00677624422168996
RP11-477G18.2	0.00677621872007713
AASDHPPT	0.0067748912187772575
ERP27	0.006773516495408441
RP4-800J21.3	0.006773487383574881
RP5-877J2.1	0.006772483072984499
RP11-141O11.1	0.006772075673139935
RP11-343C2.7	0.006767164085797687
EEF1A1P12	0.006766428554474382
CSPG4P11	0.006766356829300587
RP11-719K4.3	0.006765150012460739
RP11-554D14.2	0.006764727456549334
HOGA1	0.006764121499531553
DNAJC17	0.006764074109079131
CA8	0.006763549603312437
LINC00320	0.006762662684971325
MIR4719	0.006761668119538762
ZNF658	0.006761572282264926
RP11-279O9.4	0.006760448144903035
CTNNA1P1	0.006760234747381112
RP11-120E11.2	0.006759859687934172
RPL26P6	0.00675918417569246
RNU6-847P	0.006757249014943964
CYP2D8P	0.006756829862221456
RP11-18C24.8	0.006756568588559879
RP11-321N4.4	0.006755640897066778
AC003075.4	0.006755333446686095
ZBED4	0.006754450984799389
CTC-428G20.6	0.006754193542819946
IGHV3-47	0.006753747459444375
CHSY3	0.006750887919018512
TOMM70	0.006749875935057217
NDUFB7	0.006748470880774461
FAM170B-AS1	0.006747574357209433
MIR141	0.006746737319006485
LINC01220	0.006746396844279861
CTD-2265O21.7	0.006745408412153338
AP000438.4	0.006745130255754852
AC010149.4	0.006743839931175456
AC093802.1	0.006742215874403533
RP11-119D9.1	0.006742121523033511
TSPAN8	0.006741430210940384
RPL36AP26	0.0067401440404710865
HTR1A	0.006739407949167346
PLA2G12AP1	0.006738853645692943
ZNF658B	0.006738401185314293
RP11-343J18.1	0.006737649096278723
SLC25A1	0.006737247743617965
TBC1D3L	0.006736419986325054
SNORD113-1	0.006734535219197969
RN7SKP161	0.006734020581343592
ART1	0.006733882034592442
RP11-88I18.3	0.006732743361180591
ITGA2	0.006732562683308154
RP11-686D22.4	0.006732468570375311
RP11-188D8.1	0.006731753850126556
MIR3065	0.006730240014289915
CTD-2561B21.10	0.0067297622155966805
IPO13	0.006728560257807004
TCP11L2	0.0067277176858537065
PPIAP9	0.00672763896656251
AC090044.2	0.006727547948135706
IFNA2	0.006726879664532322
GABBR2	0.006726299076112489
NBPF25P	0.006726241995776084
RP11-512F24.1	0.006725764531749961
CTD-2325P2.3	0.006725353366609573
RP11-553P9.1	0.006724761040531887
RP11-116N8.1	0.006724477300491683
RUSC1-AS1	0.006724468376742592
KRTAP5-AS1	0.006724389488945803
RP4-800G7.3	0.0067237623315620524
MIR4729	0.006723242651316923
CTD-3010D24.3	0.0067216642798941205
ZNF812P	0.006721295717387971
RP11-276H7.2	0.006720965468061182
CALM2P4	0.0067207700048128195
RP4-811H24.9	0.006719443689096974
OR2L3	0.00671698662481774
AC018799.1	0.006716847788552536
TRAJ35	0.006714662529223642
MED4-AS1	0.0067141159196010495
RAB4B-EGLN2	0.0067138002713296
RP11-264B14.1	0.006713715550407241
RP13-942N8.1	0.00671360161088434
RPS27AP2	0.006712085704097027
RP11-87G24.6	0.006711927923793354
RP11-707O23.5	0.006711827538359436
ADAMTS8	0.00671123000531078
FBXO3-AS1	0.006710569598761656
LINC00174	0.006710001315310305
RP11-76H14.2	0.006709962874257952
RPL17P36	0.0067096642874243904
RP11-158D2.2	0.006709282767958288
RP11-430B1.2	0.006709157119762835
LL0XNC01-105G4.3	0.006709030753515903
TIGD1	0.0067085678655909075
RP11-240G22.1	0.006708386487454668
RP11-534C12.1	0.006708370195765396
ATP1B3-AS1	0.006705299169800292
AC009961.5	0.006704144140262972
AC079150.2	0.006702083327221021
SNORA3B	0.00670170474284784
XBP1P1	0.006700991970912203
RNU2-46P	0.006700883423234672
WDR18	0.00670046074878304
RP11-60C6.3	0.006700371070294402
FP325331.1	0.006699352843246292
C12orf73	0.006699247348364331
RSPO4	0.0066984042449415
AC006946.16	0.006698397894961006
RP11-126F18.2	0.006698190485903923
RP11-132A1.6	0.006697690558432242
CTD-3157E16.1	0.006697200589641278
YPEL2	0.006697188254412819
PPIAP27	0.006696853520270272
RPL5P9	0.006696321055182266
PABPC1P7	0.006696168630440296
NUPR2	0.006694308984663819
CTC-338M12.6	0.006691434930612246
RP11-20G13.5	0.006691339226555445
RPL17P43	0.006690888930443447
ZNF628	0.00669050490650592
LINC00691	0.006690394282239636
NBPF19	0.006688358780277325
RP11-166P13.4	0.006688150806965305
C11orf96	0.006687300668844224
VMAC	0.006686528375101558
AC129492.6	0.006686428977005545
CTD-2104P17.2	0.006685311353077395
AC063976.2	0.006684424739375827
RNY1P9	0.006683732725277142
CDRT15P1	0.006683699518639779
WASH7P	0.006683268714622235
HBQ1	0.006683214990583501
FAM136A	0.006682775445703772
PPATP1	0.006682267095628835
FAM222A	0.006682260862293715
RP11-306K13.1	0.0066822055896333344
BLOC1S1	0.006681745736717062
CTD-2001J20.1	0.006680742377966791
CTD-2561B21.11	0.006680111132839095
RP11-507K2.3	0.006679122474324077
AC010761.8	0.00667841583512191
AC008937.3	0.006678083328269615
C4orf48	0.006677080413754273
AGBL1	0.006676905357640655
ECEL1P1	0.006676580446116684
RP11-12L8.1	0.006675375979981024
FAM228B	0.00667522835074703
RP11-23P13.4	0.00667510942437353
CAV3	0.006674008876298958
RPL10A	0.006673842690489798
RP11-297N6.4	0.006673475096003509
RNU6-606P	0.006673089393965417
SNORD115-17	0.006672587357004089
RP11-341G23.3	0.006672180815086905
CXCL6	0.006671354958129227
RAB33A	0.0066710751084902205
RNA5SP449	0.006671044162238648
MGMT	0.0066706848274166895
RP11-10J21.5	0.006670608993271641
RP11-787I22.3	0.006670529550267224
UBL3	0.006668993184009119
PTGFR	0.006668872403061652
RPS24P18	0.006668416387579768
KCNC4-AS1	0.0066676935957696885
RP11-697E22.3	0.0066675164050408
RP11-96D1.6	0.006664466430905054
MAGEE1	0.006662952823753529
RPL35AP4	0.00666234314847422
RP11-366M4.12	0.0066618405410958145
RP11-71E19.1	0.006660669817197989
RP11-30G8.1	0.006660255341360901
AC000123.4	0.006658982285253309
RP11-804H8.6	0.0066577188795956845
CTC-571O20.1	0.006657502506736262
RP4-622L5.7	0.0066565228666373
FAM83H-AS1	0.00665571403288117
LY6G5B	0.006654737925175658
CTD-2517O10.6	0.006654499462439012
KIAA1522	0.006653578404238773
MIOXP1	0.006652938451794921
RP11-227L6.1	0.006651569187906779
Y_RNA	0.006651389316285723
MIR4706	0.006651148168036548
RPL5P23	0.006651076733869485
RP4-612B15.2	0.006651025337872808
KBTBD6	0.006650135582900613
DUSP16	0.006649907389595516
FAAH2	0.006648416691215607
AC138517.4	0.006648154488162439
LRRC8E	0.006647828267827283
RP1-130H16.18	0.006647315203988898
RN7SL823P	0.006646665980014855
AC021224.1	0.00664664798733247
MT1HL1	0.006646262791638812
AL445183.1	0.006645841486683079
ROS1	0.0066456869946176856
RP11-707M1.1	0.0066447868051915165
RP11-592N21.1	0.006644479248788502
RP11-58K22.1	0.006644373767107995
RP11-291H24.1	0.006644194944743338
RP11-404K5.1	0.006644125872698592
WRN	0.0066438107434120255
UBE2CP2	0.006643614947523694
Y_RNA	0.00664313717489019
PAPOLB	0.006642406953505193
RNU6-1315P	0.006641579503206095
RP11-92F20.1	0.006640451895459064
RN7SL745P	0.006640131154840501
OR7E128P	0.006637869929393004
SOX2-OT	0.0066372299764999665
RCSD1	0.006636904244727403
KMT2E-AS1	0.006636049345280297
PPM1AP1	0.006635792103314886
RPS26P38	0.006635698307310667
Z83844.1	0.006635423783226739
BRD7P2	0.0066351236283882335
LINC00589	0.006634978596387198
MTDHP1	0.006634350624818471
RP11-290F5.2	0.006633732642549358
UCN2	0.0066336981070944335
LEMD1	0.006632829242020967
RP13-395E19.2	0.006632767025092272
HNRNPA1P39	0.006632536561924649
LINC01395	0.006632296084424731
AL049758.2	0.006632286530500895
CREBL2	0.006631627200788932
OR2AK2	0.0066305412643922045
FRK	0.00663008454986485
RP11-598F7.6	0.006629819800775622
C16orf45	0.006629210295038833
GATA6	0.006627111260358934
PGA5	0.006626811941785247
CTC-448F2.3	0.00662659630396864
CTD-2281E23.3	0.00662532164267889
AC144530.1	0.006624204022744088
UBAP1L	0.006622737022326647
RP11-181K3.4	0.00662180690332649
BTF3P1	0.006620810724399482
RP11-119H12.4	0.006620439398016037
RP11-771K4.3	0.006620191674418883
MGAT2	0.00661971956572444
RP11-546B8.3	0.006617272499607904
RP11-252A24.2	0.006614229460757105
LYRM2	0.006613623148211018
RNU6-780P	0.006612265849990384
TCAF1P1	0.006611680578999969
RP11-867G23.1	0.006611231254716617
HOXA6	0.006609184683247488
RP11-757A13.1	0.006609029638710854
CTC-455F18.3	0.006608787192183548
AC006130.4	0.006607992301298837
RP11-91I11.1	0.006606579415257292
CTD-3057O21.1	0.006606256466786927
AC009158.1	0.006606133183468828
SVIP	0.0066051588852202945
RAP2B	0.006603497480932802
AC091814.3	0.006603257783306977
FAM89B	0.006602408953198634
RP11-529J17.3	0.006601794164198902
MIR219A2	0.006600444917824814
RP11-362F19.3	0.006600408569819139
RP3-510L9.1	0.006600280979801255
EEF1A1P3	0.006600135961406624
RP11-413E1.4	0.006599081205603247
RP11-382A20.7	0.00659886638282003
UNC119B	0.006596908244483588
RP11-67L3.2	0.00659631704981785
RPL12P19	0.0065962946805717265
RP11-66D17.3	0.006595542852241236
RNU6-1223P	0.006594583468567074
RP11-616M22.12	0.0065945366405957455
RP11-77P6.2	0.006593956974895563
TMEM156	0.006593592659943816
Y_RNA	0.006593459859612045
BMS1	0.006593354574432721
RP11-411K7.1	0.006593160455944745
RP11-363L24.3	0.006592522939427915
RP11-180M15.4	0.006592066213941343
LINC00992	0.0065919162586080314
F2RL2	0.006591247139972158
ZNF469	0.006591149958022847
RP11-261P9.4	0.006591147888000786
RP13-895J2.2	0.006590697212776565
MIR641	0.0065903001889060075
GOT2P2	0.006588928528988972
RP11-646I6.6	0.006588621179367939
RP11-454P7.3	0.006588156284216314
AC137934.1	0.006588136212370692
CTB-162J7.1	0.006587949725643459
CPSF4L	0.0065878022508892515
PITX3	0.006586635778289696
MRPL34	0.006586318630193084
SLC25A5	0.00658620764388945
RN7SL320P	0.006585755103730874
GBP1	0.006585644843520115
ATP5BP1	0.006582494885276197
JARID2-AS1	0.00658195858893303
LA16c-349E10.1	0.006581527559752255
RP11-59H7.4	0.006580488205982691
NCR3LG1	0.006580442644953752
RP11-203E8.1	0.006579399848256454
RP11-89K21.1	0.00657876163985953
SNORA36C	0.006578361928602254
LINC01278	0.006578222225961908
PAK1IP1	0.006578175565103581
MYT1L-AS1	0.006578155601714903
DNAJA1P4	0.006577454825452715
RP11-286H15.1	0.006577399796963914
MBLAC1	0.006577331152114981
CTB-3M24.1	0.006577299294043097
RNU6-851P	0.006577264963528403
PDIK1L	0.00657702656573148
AC073130.3	0.006576816624315733
PLAG1	0.006576482682769167
CXCR4	0.006576388615762102
MEIKIN	0.006576199063232545
RP11-521O16.2	0.006576035174635689
FLJ46284	0.006575158777596764
RP3-354J5.3	0.006574697825070097
COLCA2	0.006574557367665323
RP11-641D5.1	0.006574152507051177
Y_RNA	0.006573936368553211
RP11-627G23.1	0.006573896062803329
FLT1	0.006573312888104881
RP11-936I5.1	0.006573250758152136
LINC00970	0.006572979097371845
RP11-12J10.4	0.00657254089965106
ARG2	0.006572399852576608
PCP2	0.006571541197072619
EBP	0.00657154030434894
FBXO32	0.006571403027032852
RP11-3L10.3	0.006570929834543258
RP11-567J20.3	0.006569708421906297
LLNLR-260G6.1	0.006569550143032178
RP11-179A10.1	0.006569133814569314
TRDJ3	0.006569043319409353
LRRC4C	0.006568752515220047
RP11-706P11.2	0.006567302453177555
FLJ21408	0.006566860073043807
ARFGAP3	0.006566314586575722
RPL26P3	0.006565501552880308
NEUROD6	0.006565016737415485
RP1-27K12.2	0.006564921256821011
MIR7851	0.006563741613114001
RNU4-52P	0.006560168999679837
CTSE	0.006559799439755573
MIR3616	0.0065596848563561514
RP11-75C10.7	0.006559471167793103
SH3GL2	0.006559116908722167
HTR2C	0.00655905404085648
IGKV3-20	0.0065569236096553445
PRICKLE4	0.006556311742792886
LINC00449	0.0065549764371359035
C7orf72	0.00655473036087879
RP3-465N24.6	0.006554116601969556
RP11-451N19.3	0.006553857308526768
RP1-16A9.1	0.006553688327475188
RP11-167B3.3	0.006553477207015746
PPP1R3E	0.006552332284691287
HULC	0.0065521381404344435
RP11-552F3.12	0.0065515614622526355
ABRA	0.006551207858609364
EGR1	0.006550373203205261
HCG4P3	0.006549516000032152
RN7SL556P	0.006549099630863022
CD2BP2	0.0065488662032534084
AC000123.3	0.006548694127084335
RPS8P4	0.006548466500200167
RP11-89C3.4	0.006547037297154525
SPCS2P2	0.006546527537789383
RP11-108P20.2	0.006546205855058536
IGKV3-15	0.00654571538642478
SMARCA5	0.006545381501003432
ENPP7P1	0.006544942321473349
RP11-51F16.1	0.006543043619068788
GNG12-AS1	0.0065424815897736485
GPBP1L1	0.006541380672682343
TXNP1	0.006541139260903962
TUG1	0.006541093332598552
CD300C	0.006540116682656803
PRSS3P4	0.006539417729643731
NTM-AS1	0.006539250155855212
LINC01104	0.006539135271473095
AP000295.9	0.006539119825990176
RP11-32K4.1	0.006539104149400188
PLAGL2	0.006538992780164913
NPM1P38	0.006538326805505292
SMAD5-AS1	0.0065381746890952625
RP11-389G6.3	0.006537534146201953
RP11-506M12.1	0.006537301501138663
IZUMO1	0.0065368774345998205
ZNF675	0.006536787952040162
MAGI2-AS3	0.006536684808330578
MIR4639	0.00653574986128006
REV3L-IT1	0.006533587996598081
ALOXE3	0.00653267286541507
YBX1P6	0.006532656707103877
ZNF616	0.006532022474850813
SLCO4C1	0.006531464566146492
KLRB1	0.006531294888854716
RP11-357N13.3	0.006530574488388782
CTC-487M23.5	0.00653017574472579
LELP1	0.006530021603903622
LINC00891	0.006528671953222762
IGHD3-16	0.006527074385437919
AC107072.2	0.006526835616989322
SNORD116-24	0.006526762276188224
PAQR7	0.006526224850871764
RP11-385D13.3	0.006526027888524574
HMGN2P40	0.006525636359711375
KRT18P43	0.006525449376157607
CTD-2527I21.9	0.006525411924842135
CDKN2B-AS	0.006524925885444732
CTD-2639E6.9	0.006522812625873449
SNORA72	0.006522757848228901
RP11-145M4.2	0.006521502287236304
LINC01524	0.006519969630267122
FLJ33581	0.006519786430722411
EEF1A1P2	0.006519574897059334
Metazoa_SRP	0.006518520652595715
OGDHL	0.006515848928661335
TMEM170B	0.006513913798031603
PPP1R35	0.006511829256810405
GCSHP1	0.006511679996169156
SNORA30	0.006511475438383673
CTC-457E21.1	0.006511163762303949
GPR101	0.0065085296211424585
ZNF562	0.006508302680632343
SPOCK3	0.006507818569713254
MBOAT4	0.00650623162168666
RFLNB	0.00650492284108464
SUMO1P3	0.006503957858072281
HEXA-AS1	0.00650337199572901
TNFRSF11B	0.006501935246366688
RP11-13N13.5	0.006501661926548843
RP11-43P8.2	0.006501195227997983
RP13-122B23.8	0.006501087674714222
CCL26	0.006500941974522121
FLJ45079	0.00650082743954063
EPHX4	0.006500807620775702
PTGDR	0.006500381061178583
RP11-1084E5.1	0.006499328345053115
AC010884.1	0.006498959046305744
AC007392.4	0.006497362759928326
ACA64	0.006496450192346417
VTRNA1-2	0.006496004219595334
AC109486.1	0.006495395041442949
WFDC6	0.0064950457049520495
GAPDHP20	0.0064941863022488595
NIFKP8	0.0064934481465179494
RN7SL181P	0.006493394313643424
RP11-187C18.4	0.006493338570537082
YWHAZP6	0.006492757864108919
RP11-686D22.9	0.006492421746957766
AC005740.6	0.006491018965569547
MUT	0.006490158788571122
VSX2	0.006490071086770723
ARAP1-AS2	0.00648978609303087
NSUN4	0.006489761687476765
PMF1-BGLAP	0.006489256160707464
RP11-387A1.5	0.006487305178774987
PLA2G4A	0.006486580468591871
RP11-85K15.3	0.006486131626394616
ZFYVE9P1	0.0064859897605076145
OVOL2	0.006485279534991441
VDAC1P13	0.006483344887536619
RP11-61K12.2	0.0064828732569453705
AP001476.2	0.0064826167655371225
RP11-981G7.3	0.00648233453343943
MIR103A2	0.006482131247426156
RP3-413H6.2	0.0064816165316084196
TRBV6-7	0.0064814806747861605
RP11-155D18.12	0.006480897941043313
CYBA	0.006480244052395088
DRAIC	0.006479927812224688
SEMA3A	0.006478473936393057
RP11-507E23.1	0.006478347488970582
MIR6851	0.006477710577243463
GNS	0.006477333311505421
MTCO1P22	0.0064757262932848645
AC069368.3	0.006475144268011931
RRAS	0.0064741207496262
FAM124B	0.006474002428916503
RNU6-140P	0.006473728865738928
FAM126B	0.006473589495054137
GABARAPL3	0.006473541773206738
RP11-44F14.2	0.006473490168437366
CTC-546K23.2	0.006472833773989473
RP11-432F4.2	0.006471773899317461
RPL7P13	0.006471765174488962
CTD-3187F8.14	0.006471367129053196
ACTBP12	0.006471264109795602
NHLRC1	0.006471182287967169
RP13-585F24.1	0.0064709099450968675
RP11-49I11.2	0.006470669120268754
RP11-533E19.5	0.006470096886435854
RP11-407G23.2	0.006467876360424409
AC012593.1	0.006466907697134988
RPL23AP31	0.006466840880899708
RP11-1008C21.2	0.006466795192939998
RP11-714L20.1	0.006466752963190095
KLF16	0.006466268053006375
RP11-556H2.3	0.006465726265454911
PLIN3	0.00646564235115857
RP11-383H17.4	0.0064649874587151875
DNAJB7	0.006464768298446464
AC004980.10	0.006464706568405956
RP3-446N13.2	0.006462747798921913
MIR6797	0.006462667732848197
RP11-566K19.8	0.006462587788045306
RP11-434D2.3	0.006460808443396729
B3GALT6	0.006460149768020441
RPS2P46	0.006459706371025787
RPL19P21	0.006458539012111934
STPG3	0.006458019344597305
SCAF8	0.006456993975947398
HNRNPDP1	0.006456986627451988
IQCH-AS1	0.006456147487177252
MIR181A2HG	0.006456075188715405
Metazoa_SRP	0.006454949960413592
RP11-611L7.2	0.006454255804602719
EEF1A1P25	0.006453994552668697
RBM22P7	0.006453918517491778
RP11-425L10.1	0.006453421556532235
RNU4-78P	0.006452496555977405
RP11-770E5.3	0.006452189327634508
Y_RNA	0.0064510232561603344
RP13-270P17.2	0.006449984509231768
RP11-178D12.2	0.006449490363290756
LINC01301	0.006449277682143773
IGHV3-74	0.006449084972030286
FAM8A6P	0.00644762869486718
ATP8B1	0.006446924333662466
OR1F12	0.006446830404728104
FZD3	0.006445601405687295
RP11-368I7.6	0.006443785266166523
SRGAP2-AS1	0.0064435650325734
RP3-468K18.6	0.006443026207603917
RP11-472N13.2	0.0064428472274869865
PLXNA3	0.0064419868668344135
ATP6V0CP1	0.006441762385718044
AC004951.5	0.006441633450815469
KNCN	0.00644131843345211
MXRA5	0.006440315327044436
LINC01594	0.006440069149666726
TGS1	0.006439485427940937
HSPB1	0.00643835136769705
RN7SL513P	0.006436982857298833
RINT1	0.006436924842014094
TMEM187	0.006435627037277114
NPM1P34	0.006435367395806858
HNRNPA1P4	0.006434924931109042
RP11-537E18.1	0.0064347533286751545
C7orf69	0.006434654282709166
PERM1	0.0064346399076578185
Y_RNA	0.006434364300132011
C17orf58	0.00643372047245581
RP11-327F22.5	0.006433182378648166
RP11-569A2.2	0.006432927499309378
RP11-756P10.6	0.0064328448291492545
MIR4477B	0.006431692725650487
NRARP	0.0064311356543649235
FGF9	0.006430944933773539
EEF1A1P24	0.006429881939825912
RP11-430H10.2	0.006429505721457058
RP11-296O14.3	0.006429267393932468
ASLP1	0.00642865302967558
RP5-1139B12.4	0.00642825215366521
C3orf30	0.006426563548065801
AC009245.3	0.006426285790429734
CIDECP	0.006425062422913801
ENPP4	0.006424844247982155
RP11-459E5.1	0.006424828419432378
RP11-157L3.12	0.00642472516723638
SNRPCP16	0.0064231109574555585
RP11-246K15.1	0.006422118105154589
ANKRD26P2	0.0064218910349874364
AC069363.1	0.0064216578498718585
SNX5P1	0.006421394812086985
RP11-736E3.3	0.006421185595906949
RP11-328J14.1	0.006421044701474599
YWHAZP3	0.006420465358763449
RP11-100G15.10	0.006419368779136899
TRIM64FP	0.006417410915215005
MIR4294	0.006416765889519857
FRG1JP	0.0064165581235859455
CTD-2256P15.3	0.006415944751886452
HCN1	0.006415720257316996
RP11-507M3.1	0.006413873200424027
BX842568.4	0.006412696136627399
RPS15AP17	0.006412625961702789
YTHDF3-AS1	0.00641240483518453
IRF2BP2	0.006412237021891133
C8orf37	0.006411937266184677
RP11-5P18.10	0.00641118265835776
MIR5695	0.00641110029517071
RP11-151N17.1	0.006409558510923448
EIF1AXP1	0.006408595944982113
KCNV1	0.006406346826426522
KRT18P6	0.006405534576371758
ACACA	0.006405432653845155
LA16c-385E7.1	0.0064053452791771855
TRAJ26	0.006405110063064229
TMEM246-AS1	0.0064034547673847055
RPL3P11	0.006402952217288044
RP11-804A23.2	0.00640224577836348
ADAMTS9-AS2	0.006402018457096065
CRIP2	0.006401643645215745
RPL23P2	0.006400885105434145
MTCO3P23	0.006400611249103673
HCP5	0.0064005582470661165
CTD-2140B24.6	0.0064005276737976805
PTPN4	0.006400449512703507
FLJ46066	0.006400333999553742
CTD-2286N8.2	0.0064002786779677814
FAM87A	0.006400145963122141
ADH4	0.00639872854588054
MMP20	0.006398481801791363
AVP	0.006396958033274599
RP1-228H13.5	0.006396318085713377
LINC00102	0.006396209241224037
SNRPCP10	0.0063959944204986414
CTC-360G5.6	0.006395340877581479
ORM2	0.006395326011323598
CTD-2576D5.1	0.006395021364455584
OR56B4	0.006394771684973721
RNU6-984P	0.006394513750130723
RP11-700F16.3	0.006394460160137274
TRBV7-1	0.006394415872381477
CTD-2290P7.1	0.006393716925253786
RP11-546J1.1	0.006392939136993243
CTC-573N18.1	0.006392778222051778
QRFPR	0.006392660864663825
RP11-161H23.8	0.006392620208565776
RP11-191G24.1	0.006392236209647812
AC062029.1	0.006392223158807351
RP11-326C3.12	0.006391478010648957
MIR200B	0.006390651435086729
RP11-315I20.3	0.006390630935147878
TRAJ13	0.0063905862255354984
CTD-3023L14.2	0.006390369834395377
ACSS3	0.006390305163788444
C12orf65	0.006390237410984491
RP11-158L12.6	0.006389614397365824
Metazoa_SRP	0.0063890810078459405
ZP1	0.006388736015305495
WNT3	0.006388466723638458
AC011290.4	0.006386836658913656
CTD-2235C13.3	0.006386826043583121
RP11-89C3.3	0.0063853142815249375
AQP2	0.006385057165050926
MST1L	0.006384728260315612
RP11-334C17.5	0.0063841800227338605
RP11-1C8.7	0.0063832109874250335
RP11-849F2.5	0.006383183561304217
CTD-2012B7.1	0.006379205458818766
CTD-2267D19.1	0.0063783112117897275
RNU1-38P	0.006377566989880672
RP11-33A14.1	0.006376394141954141
ZNF710	0.0063758946688978945
CHRNB3	0.006375859304550368
Y_RNA	0.0063756379692485555
RNU1-103P	0.006375096286937482
RP11-1102P16.1	0.0063750624402234175
RP11-632K20.6	0.006374281890198354
DHFRP2	0.006373969163968968
GPR21	0.006372615937879992
AC012360.6	0.006370255449649697
PLXNA2	0.0063698951536387775
CCDC58P1	0.006369587052122383
MIR6801	0.0063694496799032154
RP11-34D15.2	0.006369222192898625
RP11-474G23.3	0.006368496301052298
PNOC	0.006368490298427805
RP11-855O10.2	0.0063683312922900226
CUL1P1	0.006367385161310163
CTC-338M12.5	0.006366417892635022
SLC16A1-AS1	0.006365519845535796
RP3-405J10.2	0.0063651375067621686
TRDV1	0.006364893603969254
PCDHA11	0.006364756966531327
RP11-1017G21.6	0.006364422175622404
HYPM	0.006364420886643686
RN7SL113P	0.006363167073460405
RP11-717F1.2	0.0063622791942498785
RP1-43E13.2	0.006362131781563779
RPL36A-HNRNPH2	0.006361236634418756
PLA2G2A	0.0063597986342654724
RP11-500C11.3	0.006359638916265999
RP11-475B2.1	0.006359273226307607
CTD-2616J11.2	0.0063591683600419885
CTD-2132N18.2	0.006358512231584715
TMEM115	0.006357407126700897
RP11-66B24.9	0.006356466742820598
C5orf24	0.00635549630294091
RPL31P52	0.006355414135760858
VPS18	0.006355323822591998
CLPTM1LP1	0.006355225576706774
MIR27A	0.006354310611082617
RP11-495K9.9	0.006353588025476234
ARHGAP31-AS1	0.006353585327899317
RP11-706C16.7	0.006353020715274088
CASP16P	0.0063525606965827925
NUTF2P6	0.0063525309929808324
RP11-697E22.2	0.006352327760434877
WEE2	0.006351889750437156
XXbac-BPG170G13.32	0.006351728388072958
SRFBP1	0.006351529066961049
RP5-1125N11.1	0.006351152867793513
SDCBP2P1	0.006351106614914946
RP11-433C9.2	0.006350965272989059
LINC01257	0.006349907103190099
RNA5SP118	0.00634899608705118
GOLGA6L9	0.006348710684093435
RP11-182J1.5	0.006347832046012887
RP4-676J13.2	0.006347302988067809
RP11-473C18.3	0.006347083745911496
HNRNPA3P14	0.00634703877869706
PIH1D1	0.006346942214358658
RNF148	0.006346256865388802
RP11-135D11.2	0.006345857363635835
IGHG1	0.0063452651225716855
PPP4R3B	0.00634517629909149
CLDN10	0.006345160908387705
STRCP1	0.006343582689728896
PPIAP21	0.006342234162446278
GNA14-AS1	0.006341880110621871
C1QTNF9-AS1	0.006341278622691846
AMH	0.006340712662875588
C4orf45	0.006340684261261515
MIRLET7I	0.006339704443467156
CTD-2006C1.2	0.006339642908024405
AC067945.2	0.00633747233996744
DHRS4L1	0.0063372698643380234
RP11-64C12.8	0.006335956638219354
RP11-622A1.1	0.006335730114777419
NUDT12	0.006335352385229174
IGHV3-30	0.006334603188080821
RP5-1097P24.1	0.006334301620004102
RNU4-65P	0.0063337224893125835
LINC01554	0.00633340136402373
CTB-60B18.18	0.006333383349100937
LINP1	0.006332558716544305
RP5-1077I2.3	0.0063321920716683635
ARSI	0.006332092302185978
CREG2	0.0063318852080764204
LL22NC03-32F9.1	0.006331466638485459
RP11-262I2.2	0.006331088247862999
SLX4	0.0063309771772766
ATP4B	0.006330278356278072
ATP5F1P3	0.006330097021433042
RP11-408I18.9	0.006329817522259201
GPR75	0.006329671554407413
LINC01363	0.006328482271851406
LINC01336	0.006328229490160536
RP11-10O22.1	0.006327810296521241
CTA-407F11.8	0.006327720861986738
AC226119.5	0.006327123756375656
COIL	0.006326499936527998
RP11-144C9.1	0.006325322545851792
CTC-512J14.1	0.006324980377348682
RP11-6B19.2	0.006324227565042282
RP11-456O19.5	0.006323518640023384
MTND4P26	0.0063234116460132985
RP11-10C8.2	0.006323194405877784
CIC	0.006322267496892295
TNFSF4	0.0063218058127688355
RP11-654C22.2	0.006320257699085091
GNGT2	0.006320122202627199
RP11-598P20.3	0.006320014755426217
SDE2	0.006319804962713911
RP11-1182P23.5	0.00631957152151293
HMGN1P19	0.006318602894754205
CTD-2281M20.1	0.006317876399633451
RNU6-1004P	0.006317713806360223
RP11-133L19.2	0.006317608831555297
RP11-16B13.1	0.00631724941486921
EAPP	0.006316145901073208
GSTA10P	0.006315881258194383
LA16c-444G7.1	0.006315203721936426
ACSL5	0.0063142459222892185
RP11-646I6.5	0.006314212750409032
RP11-66B24.1	0.0063095423374832284
MIR4500HG	0.0063087978030499535
C14orf132	0.0063086303771728355
RN7SL146P	0.0063083480440263165
KLRC4-KLRK1	0.006307363902581962
RBMXP4	0.0063066861775884445
RP11-109E24.2	0.006305607127586044
ARSDP1	0.006304854221399627
RP11-300D11.3	0.006304205150867509
CDC34	0.006303771873069973
AC074019.2	0.006302878809725267
CTD-2017C7.1	0.006302808477164651
PLAC8L1	0.006302391604479825
COL28A1	0.006302148442442914
KLHL2P1	0.006301756662407761
TLK1P1	0.006301695567513044
LINC00473	0.0063011090164928
ZNF653	0.006300927020745219
SNORD116-12	0.006300505100850974
CTD-2583A14.1	0.006299716077604756
EEF1A1P34	0.00629887476945296
HSD17B1P1	0.006298305084981162
RP11-278C7.2	0.006297772599982327
PABPN1L	0.0062969353050586156
RP11-91J19.2	0.006296397412919059
RP11-903H12.5	0.006295275145095729
RP1-209B5.2	0.006295026750620223
NOL11	0.006294853884211274
OR2T8	0.006294016665976677
CES5AP1	0.006293509907034222
CBY3	0.006292777468838822
RP11-575M22.1	0.006292752461960206
MEIS3P1	0.006292700838228132
RP11-589C21.2	0.006292124948611964
C19orf70	0.006291209055221073
CTD-2116N20.1	0.006291102446011871
RP4-784A16.1	0.006290761121096009
RP11-168K11.2	0.006289222297594112
RP11-422P24.11	0.006288954794327739
INMT	0.006288256000743197
RP5-827C21.4	0.0062877690504100055
U3	0.006287117862784125
SGTA	0.00628704246189617
LINC01561	0.006286856082162958
RP5-908D6.1	0.006286294064062876
TAS2R5	0.006285994087258204
F2RL3	0.0062856708364134135
CCDC85C	0.006285594891396315
TWF1P1	0.006284670895884787
RP11-876F14.1	0.006284024492072348
RP6-191P20.4	0.0062834461446981595
RP11-973H7.5	0.006283376278202565
ZNF790-AS1	0.006283331327078012
ALG1L7P	0.0062827457686064495
STAM2	0.006282527246051839
RP11-66N11.8	0.006280919355911391
CTB-114C7.4	0.006280722108675717
OR10V3P	0.006279779677022966
RP11-490K7.1	0.006279777808741401
LINC00937	0.006279743314423773
IGHD1-1	0.006279590999487614
AP000223.42	0.006279282494096755
MIR6819	0.006279070375447983
RP11-737O24.5	0.006277245483829565
RP11-21L23.2	0.006276838587042441
SNORD14	0.0062765775612488835
CCL22	0.006276173078271302
CTD-2240J17.1	0.0062753650739704545
CTD-3051D23.3	0.006274064418498717
DPEP1	0.006274032614320108
RP11-157L3.6	0.006273141246547117
AC097461.4	0.00627305108595893
AC073464.4	0.006271714346572562
HSPA8P4	0.006271382704438897
RP11-455F5.4	0.006271003283511191
CTC-487M23.6	0.00627036210165389
MTCO2P11	0.006270203151924532
LA16c-361A3.3	0.006269758391375379
RPL13AP20	0.006269591517722024
RP11-458K10.1	0.006269415765084407
RP11-618P13.1	0.006268541175172965
OR7E46P	0.006268395084859864
MGC27382	0.006268192446890997
WWP1P1	0.006268081470186776
IGSF5	0.006267095420423375
PTMAP2	0.00626593997780098
FLJ12825	0.006265550225263156
VN1R51P	0.006264092533388673
LINC00359	0.006263984562162672
RP11-20E24.1	0.006263658043391014
RP1-197B17.4	0.0062636336618260065
RP11-425D10.1	0.006262960358675686
ISCA1P4	0.006261351808869259
GADD45B	0.0062611834817060145
CTD-2245F17.6	0.006260907505741994
RP11-563J2.2	0.006260816914913733
ZNF849P	0.0062593225804015475
ZSCAN16	0.006257669600019881
RP11-977G19.11	0.006257384454055832
CTB-191K22.6	0.006256391553890392
RP11-139H14.5	0.006256361889642233
NOTO	0.006256259972052659
RP13-131K19.2	0.006255790715420156
RP1-30E17.2	0.006255610676979622
RPL23AP90	0.006255013335401615
MTND1P19	0.006254962684123757
DESI1	0.006254340451566994
AC008753.6	0.00625398270057876
OR2A9P	0.00625397042810546
OR5C1	0.006253206347427826
GJC1	0.006252918147443876
CTD-2017C7.2	0.006252806818150019
AC007228.8	0.006250847610849319
RP5-1028L10.1	0.006249849111345324
AC019048.1	0.0062493798589040835
RAB27B	0.006248653590315059
MNX1-AS1	0.006248563314974586
XPOTP1	0.0062480237800446965
RP11-182J1.13	0.0062478974374338015
CTD-2515H24.1	0.0062477379100588735
RP11-549B18.1	0.006247453200694991
RP3-382I10.2	0.006246572727883723
ATP6V1G1	0.006246506069028383
TMEM181	0.0062463872510123445
RP11-468E2.4	0.006246008986478567
RP11-1109F11.3	0.006245265553387754
TFB2M	0.0062448130641070175
AC004019.13	0.006244160379451602
PIGM	0.006243716137936287
RP4-751H13.7	0.006243276672475369
DLGAP1-AS4	0.006242770797375659
AP001187.11	0.006242673014013274
RP11-883G14.2	0.006242045344307931
RP11-589B3.6	0.006241992942553474
ARHGEF28	0.006241933700221433
CTD-3220F14.1	0.006241442047985895
FGD5P1	0.006241061287896583
RPS20P33	0.006239547602559198
MIR657	0.006239351492703527
SMARCE1P5	0.006239111584842906
RP11-9N12.3	0.0062385580916058695
TUBG2	0.006238465319121046
RPS27P23	0.006238179187333648
SH3BP5-AS1	0.006237607739313117
CTD-3093M3.1	0.006237140245963713
UFL1	0.006236961884528756
RP5-827C21.2	0.006236887085128479
SRSF12	0.006236044751785293
RP11-375B1.1	0.006235454441779796
RP11-434D2.2	0.006235414625796255
NECTIN1	0.0062345822270803205
CRYBG3	0.006233563910172745
RP11-1057B8.2	0.006232689128085131
FOXA3	0.00623182401188387
RP11-488L18.10	0.0062311755622640064
RP11-10J5.1	0.0062307225253789055
RP11-720L2.4	0.0062291894930602025
FRGCA	0.006228408974990932
XXbac-BPG283O16.9	0.006228279057194418
RAB32	0.006228240114820701
RPL7AP30	0.00622807916399792
C12orf57	0.006227213805229471
RP11-599B13.3	0.006226579681276258
BTBD7P1	0.006226214507097025
ZNF503-AS1	0.006224694751693072
RP11-540B6.6	0.006223654253207375
IFITM10	0.006223635741205433
Y_RNA	0.00622349991096594
ATP5JP1	0.006223238190537642
RPS29P15	0.006223012840312868
RP11-1018N14.2	0.006222150324029074
CYCSP39	0.006221577486459299
AC092162.2	0.006220081387256262
RP11-14I17.2	0.00621943196741041
RP11-405M12.2	0.006218496571585575
BTF3L4P2	0.006217583520893604
RBMY1KP	0.006217387657932129
RP1-69D17.3	0.006217339983994262
RP11-106M3.5	0.006217022843573549
FIS1	0.006216757163934288
CTC-575C13.3	0.006215614857103029
ZNF891	0.006215254226818241
RP4-592A1.4	0.006214891760130282
NPIPB15	0.006214849624541138
FAM95C	0.006214728974663852
RP11-872D17.4	0.006214348075289509
SNORA44	0.006213852854475213
PWAR6	0.006213778539638446
PNMA1	0.006213373449215759
TRAJ45	0.006213042249802451
RALGAPA1P1	0.006212343309968277
RP11-468N14.13	0.006212131158243593
TLK2P2	0.006212085221241797
RP11-659F24.1	0.006210996172364047
RNA5SP440	0.006210611221308394
RP4-550H1.7	0.006210487834495831
SMIM8	0.006210176405396983
KLHL11	0.006210113599843923
RN7SKP18	0.0062097904214173175
AC104076.3	0.006209385962886887
ZC3HAV1L	0.006209362539536149
RP11-1090M7.3	0.006209268022620331
RP11-472B18.1	0.006208955673844323
Metazoa_SRP	0.006208939858059874
RP11-580I1.1	0.006207749471458186
TRAJ43	0.006207591153665954
RP11-154P18.2	0.006206465589724944
PELI2	0.006206301560107735
HSP90AA4P	0.006205156237563194
NHEG1	0.006204841461411423
Metazoa_SRP	0.006204453316362538
ASB16-AS1	0.0062043156555325945
SIRT4	0.006203502234112469
XX-C00717C00720L.1	0.006203445274582865
RP11-361H10.3	0.006201687018324333
KCNJ13	0.006201357443052625
RP11-358N2.2	0.006200756233882029
TARID	0.006199983997357501
OR6B2	0.006199548300635859
RN7SL417P	0.006199309171523474
DNM1P51	0.006199168763727993
RP11-431K24.1	0.006199091528163763
AC104581.1	0.00619813948569836
RNU6-94P	0.006198034049880003
USP30-AS1	0.006197775453050849
RP3-395M20.9	0.0061964287987644326
FAM167A-AS1	0.0061957578490397834
BSN	0.0061950890420352745
MIR302D	0.006194973082527598
CTD-2095E4.3	0.0061949536655440535
RP5-1121H13.1	0.006194653696898845
CTD-2292M14.1	0.006194632994596041
RPL36A	0.0061943501646387405
SMIM9	0.006193156289897728
RP11-690D19.3	0.006192932094989365
CTD-2196E14.6	0.006191435779063368
MRPL45	0.006189290500867719
RP11-11N7.4	0.0061877469589467484
MARCKSL1P2	0.006187375475402988
RP11-415J8.3	0.00618701199193472
RP11-186N15.3	0.006186854297539115
ELFN1	0.006186836157075769
RP11-377G16.2	0.006186563816789903
LLNLR-268E12.1	0.0061864261674744545
WSPAR	0.00618614106107547
KERA	0.006185859778720995
CTD-2353F22.2	0.0061848330308182575
RNA5SP61	0.0061846419449026885
AC068831.17	0.006184008981910257
RP11-646D13.1	0.006183958794683785
SUGT1P3	0.006183729686325061
RNU1-143P	0.006182520459989222
C9orf69	0.006181612329620599
TMEM159	0.006181496557588626
LINC00092	0.006180868224757838
TOMM20P1	0.006179753674796311
RP11-390E23.6	0.006179608431428365
AC005077.14	0.006179290294982604
TRBV8-2	0.0061790110548381565
SGMS1-AS1	0.006178816775548499
JUN	0.0061775563549746025
PLA2G12A	0.006177485024464166
RPL22	0.006177099191534644
RP11-386M24.6	0.006176756235559238
EPB41L4A-AS2	0.006175939158378892
LL0XNC01-7P3.1	0.006174319542595596
EIF3G	0.006173106328219093
NEFL	0.006172887467730275
LINC01574	0.006171487853379462
AC006116.22	0.006169344819603585
RAMP2	0.006168440458569421
RP11-390F4.10	0.00616838893569888
LINC00519	0.006167472181877601
NAA25	0.006167331326238917
ANKRD62P1	0.0061671516809868555
HMGN2P10	0.006166835425470795
RP11-752L20.5	0.006166721320541526
MSRB3	0.006165989889126818
RP11-539I5.1	0.006165970954060249
RPL34P22	0.0061659346220181875
CTB-92J24.3	0.0061658546609111905
AC003088.1	0.006165240382103507
SVOP	0.0061642754974358125
RP11-813P10.1	0.006163447407391895
EEF1A1P29	0.006163235010820358
FAHD2CP	0.006162894777824944
AP001610.5	0.006161765672683177
AMIGO3	0.006158597663962782
TIMM13	0.006158093840235215
RNU6-476P	0.006158072910334737
ZBTB45P2	0.006157523763125324
RP11-670E13.3	0.006157226041722081
RP11-844P9.1	0.006156946436583055
CARHSP1	0.006156617500247172
CIRBP-AS1	0.006156408579620347
MYBPC2	0.0061559644071101545
AC093627.10	0.006155858643471096
RP11-148B18.4	0.006155446463705381
BMS1P2	0.006155343017474036
RP11-29G8.3	0.006155043265823061
RP11-973H7.3	0.006154096627053925
DUXAP5	0.006154046864877504
RP1-68D18.4	0.006153384112460724
VTRNA1-3	0.006152039990860928
RP11-386M24.5	0.006150783511929105
RP11-295G20.2	0.006150052796075507
RP11-864J10.4	0.006149298324030365
KLHL14	0.006148903280092788
C7orf71	0.006148582797252713
IGKC	0.00614815515765609
RP11-254F7.4	0.00614808635851044
RP11-1217F2.1	0.006147478508377647
CTD-2542C24.2	0.006144528692594653
EEF1A1P7	0.006144051794596096
RP4-781B1.5	0.006143903975245818
CTD-2376I20.1	0.006143725088149824
RP11-890B15.3	0.006142278617177793
LINC00857	0.006142151717427474
CTD-2325P2.4	0.006141541698442549
NACA	0.006140741735684782
TXNDC16	0.006140624610209085
BCL7B	0.0061403036883212695
CALML3-AS1	0.006140159860530629
ZNF845	0.0061396032841924695
RP1-261D10.2	0.006139024551975147
CTB-47B11.1	0.006138416061894261
GNL2P1	0.006138214278576917
LINC01615	0.006137931147161056
ALDH1L1-AS2	0.00613730156551634
RP11-49C9.2	0.006137231115913865
CTD-2313N18.7	0.0061363917894144415
SLC22A3	0.006134729663281137
LINC01570	0.006133705417150201
AC110602.1	0.006133054058470971
SRGN	0.00613267869993283
ARHGAP8	0.006132144829866656
MIR4772	0.006131621101645445
AMER1	0.006131453301042014
IGHD2-2	0.006130850541196901
HCG15	0.0061306036550775374
RLN3	0.0061298918821686395
RP11-5G9.6	0.006129578273302952
C11orf87	0.006129563618677617
CTAGE14P	0.006129422455019773
RP11-238I10.1	0.006129347687171064
RP11-822E23.7	0.006127672049002938
CD320	0.006127648658887446
AC012462.1	0.006127512729118496
TYW5	0.006125711814353108
EIF3LP1	0.006124831263841111
MEX3A	0.006123932636798547
PLEKHM1	0.0061238899177732346
RP11-481G8.2	0.0061238613420437175
CTD-2050E21.1	0.006123687023900801
CTD-2653D5.1	0.006122816927959459
CNN2P1	0.006122676210295231
TRIM36	0.006122041129165706
RP3-406A7.5	0.00612145274259888
LRTM2	0.006121186204472736
DIRC2	0.006120834645344088
FAM63B	0.006120196421460811
RP11-490N5.3	0.006119261235581618
LINC00667	0.006119071735375522
FAM170B	0.006119023913569292
RP11-147I3.1	0.0061189918849346514
AC090602.2	0.006118886882313173
CTB-17P3.4	0.0061174323571992085
RP4-669P10.19	0.006116839282514263
AC005220.3	0.006116459819308783
ZNF32-AS3	0.0061154899827120905
CTD-3022L24.1	0.006115038941101706
ZNF700	0.0061147640683122655
SH3GL1P1	0.0061141189773527595
RN7SL233P	0.0061126953922471874
RPL9P32	0.006112457987615703
MYH4	0.006112413920854067
MIR6858	0.006112339489977778
SHC3	0.006112039653261199
RNU6-1068P	0.006111227740195505
RPLP1P6	0.006110918751877768
RP4-681L3.2	0.0061107314843539895
OR2L5	0.006109871877729116
AC092155.1	0.006109864165361899
OTUD6B-AS1	0.006109828489996153
RP11-666A8.7	0.0061075822864259674
ZNF322P1	0.006106964440238333
RPL34P6	0.006106473212645388
RP11-771F20.1	0.006105101898321775
OR1D3P	0.006104976371838486
SRM	0.006104786244098435
SMC3	0.006103673418295763
SLC23A3	0.006103473360678198
C11orf24	0.006103316882400391
RP11-271K11.5	0.006103194765970285
FAM84B	0.006101334159861239
RP11-298J20.4	0.0061008884270160706
AC091633.3	0.006100461335959303
RP11-190A12.8	0.0061001857730070014
SMKR1	0.0060998119689045826
AP000487.4	0.006098011639705237
Y_RNA	0.006097376467505977
RP11-301M17.2	0.006095100677180233
AC008592.4	0.006095098716558984
RP11-386B1.1	0.0060937115736835815
PDCD6IPP1	0.006093471519642868
RN7SL361P	0.006093391181605033
PCDHB1	0.00609332779012726
RP11-1137G4.3	0.006092630582644727
TRABD2B	0.006092554196911531
RP11-323F24.3	0.006090960902606757
RP11-700H6.4	0.0060905938140687855
RP11-276M12.1	0.006090244752456257
SMIM2-IT1	0.006089801378769412
RPL12P23	0.006089472496332112
RP3-388N13.3	0.006088923601937602
RP11-659P15.2	0.006088917818735846
RP11-989F5.3	0.006088527043319053
RP11-368I23.4	0.0060878836735296284
LA16c-380A1.1	0.006087208468543799
RP1-18D14.7	0.006086724295066007
RPUSD1	0.006086537194777034
PCMTD1P3	0.006086331530313326
HNRNPA1P62	0.0060856622164593595
MIR1291	0.006084630938298496
CTD-2591A1.1	0.006084274124235101
MTATP6P20	0.006084183324271439
RGPD4-AS1	0.006083923563131403
PFDN4	0.006083626670323541
LRRC58	0.0060835537249901836
CTD-2008P7.8	0.006083487515309602
ST13P6	0.006081259185584297
AC093390.1	0.006080923541798866
RP11-434H14.1	0.006080609666397859
AC034243.1	0.00608053746577851
AC064871.3	0.006080301242359975
GPR182	0.00608023421290483
RNU6-1164P	0.0060798435357709655
RP11-565F19.3	0.006079430652545411
RP11-244F12.1	0.006079323304088951
RP11-552F3.9	0.006078897285809443
AC008073.7	0.0060788009049550775
CTD-3179P9.1	0.006078052267536715
OR7E121P	0.006077202124233098
RP11-519C12.1	0.00607719585209957
RP11-556G22.2	0.006077084886468918
RNA5SP511	0.006077065751476407
RPL9P9	0.006076978992732206
RP11-227F19.5	0.006076854156589906
Y_RNA	0.006076771070525318
NELFB	0.0060755393831998265
RP13-554M15.5	0.006075153449701547
RP11-231P20.2	0.006075083203177183
RP11-972P1.10	0.0060745007412812526
RFPL3S	0.006074320323032201
TAS2R3	0.006074265617449498
RP4-753D10.3	0.006073700692678906
MLNR	0.006073391611934353
NLGN2	0.006072337235835158
ZNF787	0.006071531661681752
BX842568.1	0.006070228301438692
RP11-532L16.3	0.0060685640643211025
LYG1	0.006067152018796969
RP11-747D18.1	0.0060659091156841476
CTC-332L22.1	0.006065425379593182
RPL35P1	0.006065202943750356
XRCC6P5	0.006064764273767146
RP11-959F10.5	0.006063917246103141
AC004381.7	0.006062679526280928
RP11-403I13.8	0.006062034551250997
F10-AS1	0.006061823445619879
RPSAP28	0.0060618105638911976
LYPLA1P3	0.0060610053340672135
RP11-164H5.1	0.006060480873596707
RP11-441F2.2	0.00605932494888895
RP11-867O8.5	0.006058698878179049
MMP21	0.006058188101469682
RNA5SP290	0.006058084628345329
PES1P2	0.006056560204588142
RNU1-124P	0.006055688815355966
VSIG10L	0.00605535332538425
XIST	0.006054933329316219
PCDH9-AS3	0.006054282898627052
RP11-728G15.1	0.006054216587392752
ENTPD1-AS1	0.0060540665550484945
HNRNPA1P41	0.006051874561160425
RPS6P20	0.00605073557720173
RASL10B	0.006050619072058964
CASC23	0.006049775959193651
RNU6-1065P	0.00604965377649035
CTD-2033D15.2	0.0060494031746123516
RNY3P7	0.006049102883171429
RPS4XP7	0.006047935533093029
CYCSP10	0.006047531214800636
AC011288.2	0.00604646589125482
RP11-6O2.2	0.006046436494854196
FKBP9	0.006046274110594085
AC007041.2	0.00604605662292496
RP11-179A10.2	0.006043106409999615
COX6B1P4	0.0060420213123053
RP11-701H24.7	0.0060413645007919145
RP11-483E23.2	0.006041348852196397
SSMEM1	0.00603996435290143
CTTNBP2	0.006039707638451506
RP11-440I14.3	0.006039468738503487
RP11-452L6.7	0.006038734800343416
SULT1A4	0.006037630665519304
RP11-474C8.7	0.006036497269856673
C22orf39	0.006036027929771761
ENPP7P10	0.006036009387264763
RP3-395M20.2	0.006035719663718187
NANOGP9	0.006034500839800138
RPL23AP42	0.006034460915235041
RN7SL744P	0.00603339214562746
BBS12	0.006033101748477659
AOX3P	0.006032930415945673
SPTBN5	0.006032693022490426
LMO7DN-IT1	0.006031300449521942
CTAGE16P	0.006030916052554786
GPR79	0.00603091203642004
TOB1	0.006030460165390739
RN7SKP78	0.0060301646376234
AFG3L1P	0.006030052916633585
RP11-168K11.3	0.006028664586602174
YWHAG	0.006028664083229115
PRPS1P2	0.006026382080175141
AC011513.4	0.006025018183066676
MRPL9P1	0.0060249157826646384
RP5-997D24.3	0.006024330248406573
RNU6-446P	0.00602380433573028
RP4-612B18.3	0.006023185717343346
CHMP2A	0.006022100276811527
RP11-793A3.2	0.006021924021522774
LL22NC03-88E1.18	0.006021806447134762
CTA-299D3.8	0.006021089584202051
RP11-460G11.2	0.006020903263816281
FAM41C	0.006020716647265955
RP11-416H1.1	0.0060204311518107494
TTC39DP	0.006020103001556199
ELOVL2-AS1	0.006018878239176026
RHOXF1-AS1	0.006018561388093675
RNA5SP40	0.006017939137420999
RPL7AP15	0.00601786834234791
CFB	0.006017405664094325
FAM157B	0.006017128145626182
GS1-259H13.2	0.006016714859930386
RPL21P33	0.006016550071764444
MC2R	0.0060165408147451836
GRIN2B	0.006015896503241048
RP11-378A13.2	0.0060156636282563845
RPL19P16	0.006015193856511299
RP11-361D15.2	0.006014773879012221
RP11-299J3.8	0.006014731364178262
C3orf67-AS1	0.00601426894103335
SASS6	0.006013688951076582
PKD1P6	0.006013446821141942
RNU6-512P	0.00601341228595251
YBX1P4	0.006013127268868387
U95743.1	0.006012221634569272
RP3-426I6.5	0.006011305718927845
CTD-2331H12.5	0.006010797762667427
SLC25A25-AS1	0.006010136335802612
GTF2A1L	0.0060096706254733935
RNVU1-3	0.0060093320551292805
BNIP3P30	0.0060092101751071155
TRIM75P	0.006007570366160006
FAM74A6	0.006007057974457221
POLR2K	0.006006535107652946
RP1-206D15.6	0.006004750236554125
OR51E2	0.0060044646534167774
TMEM38A	0.006004125237984874
AC090505.6	0.006003932597107807
CTD-2525P14.5	0.006003733856216902
SNORD62A	0.00600365204853731
CTD-2515H24.3	0.006002633333994206
CLEC12B	0.006002131435274668
NDUFS8	0.006001989221773752
PDE7A	0.006001230640378152
HMGA1P1	0.006000575533299735
AC005336.4	0.006000360168904282
OR2C1	0.006000194599547486
RP11-482M8.1	0.005999997500413414
FGF18	0.005999439134626117
PRH1	0.005997221122984407
AC012354.6	0.005993600087293646
KB-68A7.2	0.00599335736168611
RP11-546D6.3	0.005992272098189782
SAMD9	0.005991482667494528
MIR1273C	0.005991235796681594
OR13J1	0.005990751114153839
RNU6-448P	0.005990359453367475
THAP12P5	0.005990181225199709
RNU2-30P	0.0059897336285889835
RP11-366L20.2	0.005989406806770531
RP11-560J1.2	0.005988461131743192
SNORA11	0.005988392792795465
RP11-815J21.4	0.005987038675783326
SLC20A1P2	0.005986291057801185
PPP1R2P1	0.0059862596043156815
PURB	0.0059847434409300414
AC106883.1	0.005984333585979105
RHPN1-AS1	0.005984285858733681
CCDC192	0.0059838159566076065
RP3-412A9.17	0.005983546146936319
AC018359.1	0.005983084072215031
ZNF705G	0.005982905631717923
TMSB4Y	0.005982771255525673
RP11-849F2.9	0.005982232340761387
ALLC	0.005981525545283155
AC092106.1	0.005981517599749631
AKAP6	0.0059812836700724
ZNF420	0.005981202163063401
HPDL	0.005980623467320825
SNX29P2	0.00597976786186023
RP11-185N2.1	0.005979216765153902
RNA5SP132	0.005978106814485438
RPS15AP18	0.005977744521788931
RP11-272L14.2	0.005976118019677231
RPL7L1P9	0.005976068774417593
PACSIN1	0.005975312779267521
RP11-523H24.3	0.005975202735076198
HNRNPA1P40	0.005974407309789903
KRT19P1	0.005974280704259166
RP3-395C13.1	0.0059739416732724065
RP11-496H1.1	0.005973691313765778
RP11-230C9.2	0.005972558233137555
RASSF5	0.0059722192910713475
CD83	0.0059717000241253475
RP11-430H10.3	0.005971629019299339
SFSWAP	0.005970957593544016
RASA3-IT1	0.005969147499164814
CTD-2385L22.2	0.005968588049567961
RP11-98I9.4	0.005967974253936077
IGHEP2	0.005967805080434394
RP3-508I15.18	0.005967375477453151
HIGD1B	0.005967240598127791
RP11-631N16.2	0.005967187045865734
NCLN	0.00596528661084948
RASSF8-AS1	0.005964947378592721
NXPE2	0.00596489791263039
GUSBP2	0.005964178819036061
RP3-431C21.1	0.005963767632738592
RP11-98F14.11	0.005963519135029876
RP3-507I15.2	0.005963242594144033
RP11-1191J2.2	0.005963051255035925
MRPS9	0.005961508531064953
RP11-114N19.5	0.005961473655956437
RP4-671G15.2	0.005961357816550683
ESCO1	0.005961352864453719
MIR548AC	0.005959970188108599
RPS3AP40	0.005959445918095413
RNU7-97P	0.005958591871917193
CH17-302M23.1	0.005957797644851083
RN7SL689P	0.005957389503357244
BEST4	0.005956549598220833
RPL39P5	0.005955998749486886
KAT2B	0.005955913317520694
AC010524.2	0.005955269092248763
MYCBP	0.005955130858131754
RP11-672L10.6	0.005954906455268172
GS1-259H13.7	0.005953850008042697
Y_RNA	0.005953115259714771
RP11-177H13.2	0.005952885245659742
SHISA8	0.005952783299351236
CTB-96E2.6	0.005950956429049961
ZNF609	0.005950524967403437
HECW2	0.005949436975876523
GLUD1P7	0.005948917985769366
RP11-677O4.6	0.0059479892999788776
C1orf226	0.005947824525955971
RP4-799P18.5	0.005947817916895872
RP4-715N11.2	0.0059472779740151385
AC093673.5	0.005946647692117856
HNRNPCP1	0.005945473142204399
AC079776.4	0.005944992130083631
GOLGA7B	0.005944918883244209
CTA-293F17.1	0.005944667133617911
RP1-79C4.1	0.005944463181842019
RP11-515O17.2	0.005944066901474882
MIR29A	0.005943667883994159
MTND3P10	0.00594242343113448
AC015849.12	0.005942164198841912
EIF4BP2	0.005941985851660828
MIR3678	0.005940791007207888
RP11-349J5.2	0.005940647824497817
TSPYL1	0.005940453086173393
AP006621.8	0.0059399334569242715
RNU6-1278P	0.005939710657621069
RP11-187C18.3	0.0059390055977660405
RP11-522B15.3	0.005938883140271213
ZNF887P	0.005938819718710604
ZC3H10	0.005938741659990374
CACNG3	0.005937715462157566
RP11-389G6.4	0.005936947734797705
AL022344.7	0.0059357473356889375
RPS6P22	0.005934640363138726
RP11-993B23.3	0.0059344726719174675
AC016909.1	0.005933365615190974
CTA-444M12.3	0.005932943071522627
RP11-188I24.1	0.0059318442327110175
CTD-3195I5.4	0.005931079825356428
CHST14	0.0059308148312082
RP11-1060J15.9	0.005929993979412589
RNU6-151P	0.005929978781010965
NPM1P18	0.005929367866283532
RP11-308B5.2	0.005929256772646874
HSPD1P16	0.005929022991586125
OR7E47P	0.005928492339446843
RP11-273G15.2	0.005928070427219805
MIR6077	0.0059272643984611875
CTD-2562J15.4	0.005926765004049843
TOPORS	0.005926520969058561
CTB-1I21.1	0.005926515502727531
RP11-867G2.8	0.005926315902872923
CYP51A1P1	0.005925680644810666
A1BG-AS1	0.005925442930731273
RPS17P14	0.00592518981812486
FCGR3B	0.005925098154256906
MPV17L2	0.005924560931740731
CTB-12O2.1	0.005921854777977454
RPL7L1P8	0.005921723885083023
LINC00427	0.005921572664925047
MEMO1P1	0.005921326694868708
RPS20P14	0.005921299906199198
RN7SL715P	0.005921247047704319
RP5-1142A6.5	0.005920855398733761
KRT33B	0.005920834609844492
RP4-684O24.5	0.005920448342342218
RP11-350J20.12	0.005919417485224714
LKAAEAR1	0.005919239606362333
RP11-313J2.1	0.005918251815649674
RP11-449J21.3	0.005917811787638531
MT-TL1	0.005916304764240863
MIR4292	0.005915196790193428
TBC1D3	0.005915148810622704
CDH9	0.005915073365174721
MIR670	0.005914058503178229
LGMNP1	0.005913964366265532
CCDC54	0.0059138476865773565
HMGB1P1	0.005913635968012556
EIF4EP2	0.00591333144786858
G6PC2	0.005913267414452887
RP11-1055B8.10	0.0059132069421868735
RP3-395P12.2	0.005912460409390107
KRT39	0.0059121652798842725
RP11-422N16.3	0.005912119980818142
AC005487.2	0.005911675317434841
MIR548AG2	0.005909407771483057
SNORD115-31	0.0059085729452727
DDO	0.005908437332625049
RP11-804A23.1	0.005908422939061225
RNU6-432P	0.00590783487700764
NOP58	0.005907689297241312
RP11-325E14.2	0.0059070703464204795
RP11-26J3.4	0.005906286932871996
CTD-2108O9.4	0.005906116882652896
CNFN	0.005905591724817704
SLC16A6P1	0.005904361230803259
SNORD53_SNORD92	0.005902381940488295
RNU6-294P	0.005902360327355115
MIR1302-10	0.005901805144264895
AC008991.1	0.005901132231847112
RP11-110J1.2	0.005900884663389663
CH507-9B2.8	0.005900719691304116
MAGI2-AS1	0.005900022506817544
GPC1	0.005898680473402465
RP13-582O9.7	0.005897770222051436
RP11-203F10.6	0.005897289116171171
CTC-260E6.6	0.0058964581135701735
RP13-685P2.8	0.005896031292054972
RP11-739G5.1	0.005895986014534392
ZNF253	0.005895755374097983
RFTN2	0.005895538372213209
RP11-274B21.10	0.005894275092359571
SLC25A15P3	0.005893708221279999
SNORD114-6	0.005893359385417888
CTD-2145A24.5	0.0058928896525777185
CTD-2026K11.3	0.0058917121902342315
RTN4RL1	0.005891706574776367
RNU2-38P	0.005891488198058658
OR1R1P	0.005891151343821843
GS1-124K5.9	0.005890561654045415
HTR1E	0.005890505621692981
CTD-2516F10.4	0.005888736733869317
AP003385.2	0.005887198779053444
CTD-2026G22.1	0.005887158006009739
PTK6	0.005885216808069132
GNG11	0.005885046818778997
CPEB1	0.005884937012263535
PCBP1	0.005884843221431415
POMK	0.005884580802616359
IGHD5-12	0.005884334812576878
CECR7	0.005883718624540817
RP11-484N16.1	0.005883701098745401
HSD17B11	0.00588365733757335
RP11-355K23B.1	0.005883430486612009
RP11-676M6.1	0.005883187180727191
RPL18AP16	0.005882914363583148
STS	0.005882715030228017
EEF1A1P10	0.005882482585253399
C4BPA	0.005882171636643135
RP11-438B23.2	0.005881940035692752
MIR4689	0.00587900763212599
IPO7P2	0.005878296235131648
RN7SL621P	0.005878214353984733
LLNLR-304G9.1	0.005878205922618486
KB-1930G5.3	0.0058781741238038065
RP11-20D14.6	0.005877986667824511
TRAJ28	0.005877391065220112
RP6-91H8.5	0.005877109037452744
RP13-895J2.8	0.005876769693413938
AC093590.1	0.005876663070404309
RP11-713M15.2	0.005876498533988275
CTB-55O6.4	0.005875829618854313
RP11-872J21.5	0.0058754780414968675
IGKV3D-15	0.005875194770368877
TOLLIP-AS1	0.005875077035449071
CTD-2002J20.1	0.005874357191169471
TPRG1-AS1	0.005873621911463918
C15orf65	0.005872134002672723
RP11-172F4.2	0.005871427520446516
PTX3	0.005871281327341494
AC006000.5	0.005871064402071856
GNAS-AS1	0.005870865861103925
Metazoa_SRP	0.005870457527206293
PIGN	0.0058703739494538635
RP4-597N16.1	0.005870074014833288
RPS4XP17	0.005869302097437031
RP1-71H24.1	0.005868792267944806
RP5-1120P11.4	0.005868706355057733
MSRB1P1	0.005868524022089021
LAMP3	0.0058680099151057164
HNRNPA1P26	0.005867821953330742
RP11-483I24.1	0.005866907575698984
CEACAM22P	0.005865771936365573
NUPR1	0.005865431354747177
RPEP3	0.005865350196035351
CTC-499B15.6	0.005864803252269918
SNORD36C	0.00586461145611488
DUSP5	0.005864025395352566
RP11-115D7.3	0.0058636705039933935
PNMA2	0.005863467732994277
PNMA6B	0.00586321666644321
CCDC96	0.005862835540747847
RP11-304F15.4	0.005862409712459225
RP3-329A5.8	0.005861162976578053
LINC00316	0.005861022984187139
LRRC40	0.005860760131273338
ISPD	0.005860594538688684
SLC36A2	0.0058602512206515295
RPS12P26	0.005859810219362905
RP11-124O11.1	0.005859453952770132
VEZF1P1	0.005859293625314452
EEF1B2P3	0.005858842166079349
RP11-44F14.9	0.005858662569074398
TMEM105	0.005858487489653803
AC093899.3	0.005857888594984233
ST13P3	0.00585778589520502
RP3-395M20.12	0.005857021826527903
SLC25A15P2	0.005856582443560705
PRSS55	0.0058564714683233265
MAGIX	0.005855411058479083
ELOF1	0.00585522927321756
RP11-131L23.1	0.005854829579329637
RP11-588P8.1	0.005853608872346604
RP11-46I8.1	0.005853539242651095
RP11-108M9.5	0.005853158274120387
RP1-267L14.6	0.0058526921507803115
AP001189.4	0.005851805566948324
CTD-2227C6.2	0.005851134070778227
ASNSD1	0.005850821364791563
RPL9P3	0.00585013103399281
RP11-95P2.3	0.005849724706013462
RPS27AP12	0.0058491067773956
AC002480.3	0.005848835420289624
YWHAZP4	0.005848499567688329
RP11-295H24.3	0.005848290145551893
RP11-662M24.2	0.005847217766173758
CTD-2550O8.5	0.005845334554232346
RP11-963H1.1	0.0058449262547158945
PRKCG	0.005844882794472651
RP11-455J20.3	0.00584474054468937
FUT9	0.005844568811950795
HTR5A-AS1	0.005844166129534069
AC004158.3	0.00584363185803449
RP5-1178H5.2	0.005843327443413734
AC005498.3	0.005842631208962172
RP3-388M5.8	0.005841880029868522
AC011516.2	0.005841738224825611
DACT3	0.005841279055217141
AC008641.1	0.005841042508651313
LINC00582	0.005840696760449601
RP4-673M15.1	0.005840658808068357
RP11-20I23.7	0.005840306202236637
RP11-170L3.4	0.0058396546820687
AC131056.5	0.005839654499441659
NPIPA3	0.005839632049262193
RP11-193F5.1	0.005839331475028158
RPL23AP12	0.005839080401590693
RP11-188P20.3	0.005839031845378114
GPR89P	0.0058385647726702655
RP11-63B13.1	0.005838504587477476
MIR218-2	0.005837654866787257
OR5AK1P	0.005837149799539926
LINC00637	0.005837063214716994
SF3B6	0.005837034203830799
RP11-20G13.3	0.0058362266324207745
RP11-216B9.6	0.0058360984648561185
RP3-402G11.26	0.005834953474994324
RPL5P14	0.005833530215849617
RP11-96D1.3	0.005833429876468067
RPS3AP2	0.005833306515970281
PARG	0.005832514094497708
TWISTNB	0.005832185592141543
SNORA14B	0.005832056484163055
RP11-63A1.1	0.005831465910192774
SULT1A2	0.00583128641438746
RP11-49G2.3	0.005831144520166214
AC015977.6	0.005830743732876817
PLEKHF1	0.005830581496772359
RP11-881M11.4	0.005829753316440166
RP11-5P22.1	0.0058284788733021
FUT11	0.005827835637297089
RP4-738P15.1	0.0058277646794090985
RP11-13K12.1	0.005827078715927477
GTF2I	0.0058267541737409825
RP11-253M7.3	0.0058265939575612045
RP11-16F15.2	0.005826217443587231
ZNF189	0.005826082145279559
ATP6V0C	0.005825871340400262
RP11-1055B8.1	0.005825715853836545
RP11-206M11.7	0.005825064022786984
OR2A20P	0.005824727078982421
U52111.14	0.005823606207878771
RN7SL563P	0.0058219407595421924
RP5-1054A22.4	0.0058217634328192195
EIF2S3	0.0058207443856906765
AC131056.3	0.005819533902819931
METTL25	0.005818690239824935
RNA5SP450	0.005818657249482576
AC000124.1	0.005818558564903437
FOXJ3	0.005818398324467687
C16orf74	0.005818186781387023
LINC01593	0.005818064303238268
PPP1R37	0.005818045185291832
RP11-26P13.2	0.005817923569054278
IGHV4-31	0.005817747949962447
DSG2-AS1	0.0058177465379808425
CTC-471C19.1	0.005816764100282646
RP11-410D17.2	0.005816522725925562
RP11-281P23.1	0.005816305104974851
RP11-196G11.3	0.005816176254434614
RP11-321M21.1	0.00581605937838053
RP11-1074O12.1	0.005815094671931288
RP11-814P5.1	0.005814690468893209
RP11-227G15.11	0.005814153286801168
SLFN5	0.005812958860607156
IGLV1-44	0.005812092788889351
PSMD5-AS1	0.005812064122542696
NKPD1	0.005811866338634789
RP11-780M14.1	0.005811657044594646
CRYGC	0.0058113437458018995
CYCSP23	0.005811200613782525
RP13-582O9.6	0.005811064464418346
HIPK4	0.005810720305716773
SPG20-AS1	0.005810585808007371
S1PR2	0.005810446778285018
AC006042.6	0.005810418318934694
GYS2	0.0058103877453221705
CTD-2281E23.1	0.005810349809222172
RPL5P25	0.0058096810586047085
MGAM2	0.0058085308074319044
RN7SKP74	0.005808187316252541
DYNLT3P1	0.005807654185173085
ERVFRD-1	0.005807209597790602
Y_RNA	0.005807053917958026
RP11-303E16.8	0.005806939258737171
ZNF639	0.005806869656006934
LINC00578	0.005806799959783233
KCNK15-AS1	0.005806445123039376
ST6GALNAC4P1	0.005805721317887894
RP11-104G3.2	0.005805488091176134
RBM27	0.005805478047935434
BTBD8	0.00580521508433327
RP11-55L4.2	0.005804808256048845
C17orf97	0.005804362532233573
RBMXL1	0.005804303879941727
CTC-527H23.3	0.005803924194433511
MT1DP	0.005803743013751042
RP11-111F16.2	0.005803468948634849
IGLC2	0.00580338204166761
MIR3667	0.0058032406595254285
RP11-417F21.2	0.005803082783876988
Metazoa_SRP	0.005801769503512293
DDIT4	0.005801488290042947
RP11-548N1.1	0.0058013349939786745
PTCRA	0.0058010074095074145
IGLVI-63	0.00580089793461637
RP4-680D5.8	0.0057998718655214625
AC087163.2	0.005799381369461542
AC144838.3	0.005799336300218127
RP11-20J15.3	0.005799311520497288
RPL23AP59	0.00579883522205699
KRTAP4-1	0.0057983891187174405
RN7SL719P	0.005797016184457796
TUBB8P11	0.005795775270319968
B3GNT4	0.00579551228297015
RPL5P22	0.0057953751864117786
HSP90AA2P	0.00579397849474699
MIR770	0.005793722707835125
RP11-451J24.1	0.005793656456639528
CITF22-1A6.3	0.0057934896927237176
C22orf29	0.00579335557314483
RN7SL521P	0.005792292603299249
RP11-187A9.3	0.005792059595787717
RP11-342M1.3	0.005791797059495291
DGCR5	0.005791725025207673
LMAN1	0.005791555035369147
MFSD9	0.005791303323036107
Metazoa_SRP	0.005791024361561099
RP11-35O7.1	0.005789915140204157
RP11-333E1.2	0.005789346843579206
RP11-90B22.1	0.005788896819323458
CTC-459M5.1	0.005788407717975446
LMBRD2	0.005786142641054741
RP11-309L24.2	0.005785911026059669
CTC-304I17.5	0.005785716868001749
DTX4	0.005785699707971248
LINC01364	0.005785456482777026
RP11-484O2.1	0.005784886288331473
U8	0.00578480607689763
GUCA2A	0.0057840291539781345
RP11-15I20.1	0.005783886073434372
Y_RNA	0.005783078504188441
RP3-453C12.14	0.00578296022154141
MIR3197	0.005780856876352254
AL022237.3	0.005780342297805109
HOXC11	0.005780210050042297
RP11-849F2.10	0.005779587139334003
RP5-1024G6.5	0.005779287217117845
RP11-295H24.4	0.005778756266640726
TTK	0.005777543837008091
GPR141	0.005777517012584651
AC017002.2	0.005776690478457035
ANXA2P3	0.005775897762354632
NPM1P40	0.0057758890588923755
RP11-567M16.2	0.005775575150305859
PSMD7P1	0.00577532140456755
MIR6776	0.005774412295892931
RP11-158H5.8	0.005773995490242753
PNLIPRP2	0.0057736919580356596
LINC00543	0.005773677488685581
RNVU1-2	0.005773587819124905
SNORA15	0.005772503120256183
RPL31P28	0.005772169372973918
TMEM144	0.005771237414753272
RP11-456H18.2	0.005770922904611211
UBD	0.005770539533359301
CTC-325J23.2	0.005769302313920493
CTD-2011F17.2	0.00576920165113448
ZNF180	0.0057690477483769535
TRAJ29	0.005768874216080081
GS1-358P8.4	0.005768839900270033
RN7SL76P	0.005768761863421516
AC241585.1	0.005768534557478798
RP11-435F13.2	0.00576738695301961
RFPL3	0.005766079081578509
LINC01503	0.005765679177551179
IGHV7-34-1	0.005765178973216758
CXCR1	0.005765012206042367
ANKRD10-IT1	0.005764428589115928
RP11-666O2.4	0.00576377951091176
PSPN	0.005762959365864637
RP11-732A19.6	0.005762208135544341
MCRIP2P1	0.005761821203347574
RP11-644K8.1	0.005761619554121943
RP5-1195D24.1	0.005760480196452842
RP11-483G21.3	0.0057603823169543695
RP11-571M6.18	0.005759841686670086
SIX3	0.0057593744280741085
DBIL5P	0.0057585115407011705
PRKG1-AS1	0.005756430129983642
ZNF316	0.0057550812341856114
RNU6-1081P	0.00575467816420933
AC104306.1	0.005754633468915792
RP11-550I24.3	0.00575448163685068
HNRNPA1P61	0.005754465687875137
AC104532.4	0.00575361485236869
RP11-480D4.6	0.005753134667928126
ZNF550	0.005752150365382169
TXNDC8	0.005751789552567659
RP1-232P20.1	0.005751694300200556
ZNF518B	0.005751667324211312
CH507-24F1.2	0.005751631769783014
LL22NC03-88E1.17	0.005751626782009516
AC009487.6	0.005751482478617584
SNORD114-21	0.005751340280690483
AC016700.6	0.005750960059340712
CYP4F35P	0.00575038131845165
LRFN3	0.005750279302546486
CTC-367J11.1	0.005748998619526876
AC008074.5	0.005748762050929651
RP11-401L13.4	0.005748427806545641
RPSAP14	0.0057483050351993985
LINC01435	0.005748234065301831
RP11-454C18.1	0.005747742932591649
KRT8P19	0.005747400544567036
AC073343.13	0.005746350747327819
CTD-2291D10.4	0.005745123123226409
Y_RNA	0.005744407460941309
PPP2R2DP1	0.005744375096688399
CTD-2501M5.1	0.005743169485028101
RP11-485M7.1	0.005739945594150669
RP11-346I3.2	0.0057393618956007
AC009237.8	0.005739336257670339
CTB-92J24.2	0.005738124056180335
RPLP2	0.005737685344783396
AC010524.4	0.005737569024481107
PLA2G2E	0.005736601297058394
ADAM20	0.005736191786171027
AL591806.1	0.00573603895426112
CDKN2AIPNLP3	0.005735859947418304
Six3os1_1	0.005734736717105248
AC002075.4	0.005733729005277914
SHPK	0.005731954396710491
RP11-17E2.2	0.0057318846300210965
TRABD2A	0.005731549766902715
VCAN-AS1	0.005730927738865235
MXRA5Y	0.005730612072173788
RPS12P10	0.005730521337636205
PRR13P7	0.005730138642860952
RNA5SP309	0.005729988586902732
CTD-3185P2.1	0.005729748599511057
MIR7152	0.005729503282941979
SNORD115-45	0.005729311564730664
RP11-368N21.5	0.005729022645544073
PAICSP5	0.005728941328688726
RP11-299J5.1	0.005728270109601044
DUSP27	0.00572808821063571
RP11-419C23.1	0.0057279984835302295
RP3-407E4.3	0.005727455596599661
RPL7P43	0.0057273339604441064
LINC01591	0.005727253852942758
RP11-218M11.7	0.0057270107043889415
CDK11B	0.005726677664072516
LRRC59	0.005726675822715037
RP11-1024P17.1	0.005726385870974657
GHc-210E9.2	0.005725291698850485
C2orf27AP1	0.0057241226045449504
MIR4773-2	0.005723436614923733
DNAJC9-AS1	0.005723393281911327
EEF1A1P26	0.005723269762344647
RP11-691N7.6	0.005722883239265657
RP11-143H17.1	0.005722723567979737
SBF2-AS1	0.005721851631659683
IRAK3	0.005721487472859414
ODF1	0.005721470365293392
RP11-440I14.2	0.00572024315296192
LINC00457	0.005719707744741974
RP11-414C16.1	0.005719397473427271
GPR55	0.00571865980220161
RPS15	0.0057183809574803774
RP11-173C1.1	0.005718225065757157
SLC35G5	0.005717936640692028
CTD-2380F24.1	0.005717684394346072
ASB9P1	0.005717296641024646
AP006222.2	0.005717084951035088
MIR149	0.005716968766448905
RP11-399K21.13	0.005716360620279733
RPL10P2	0.005715528130572712
AC124789.1	0.005715504433878509
RP11-509A17.3	0.005715483758618969
PABPC1L2B	0.005715322538846638
HINT2	0.005715242088159422
RP11-775H9.3	0.00571468971564646
RP11-492D6.3	0.005714654523651003
TRDV3	0.0057136203315413855
IMPA1P1	0.005712829859218901
MIR5692B	0.0057122602375239365
OR52B2	0.00571202733897424
RP11-565F19.2	0.0057116601225821175
TPSP2	0.005710817035874975
IHH	0.005710788587928637
CFAP20	0.0057089724969217786
RP11-480I12.9	0.005708853003211218
RP11-4K3__A.3	0.00570881253530044
AL772307.1	0.0057083605056693154
RP11-231I16.1	0.005708221590182181
AC096670.3	0.005708121293420349
NEFH	0.005707879783252262
RP11-204C16.4	0.005707765941934745
LRRC57	0.005707153762746387
SECISBP2L	0.005706916275409016
AC016716.1	0.005705492053200862
PSMD12	0.0057051919437605065
CTD-2021H9.3	0.005705095107553397
ARMS2	0.005704932819566996
RP11-365F18.3	0.005704577436135417
PPIL4	0.005704268425675993
PKD1P6-NPIPP1	0.005703788401380497
PPY2P	0.005703261366478709
RP11-763B22.6	0.005702204820419505
ATP5A1P8	0.005702196526916
CTD-2278I10.1	0.005701762278698073
HNRNPA3P12	0.005700893431496629
RPL4P5	0.005700334103789133
AC096558.1	0.005698466569863473
CAMK1G	0.005698066969382636
RP1-120G22.11	0.00569775952056903
RP11-103J17.1	0.005697525240436384
RP11-244M2.1	0.005697108743888836
TMEM160	0.0056967980875571225
RP11-11N9.4	0.005696723882341597
RP11-157J24.2	0.005696711564557817
C17orf102	0.005696341698651323
HTR3E	0.005696234799089894
CH507-42P11.8	0.005696083722789978
MYOT	0.005695400320801341
MAN2B2	0.0056952324536554185
Y_RNA	0.00569491427584358
AMER3	0.00569436721195037
ELOVL4	0.005693934739386307
TCEAL5	0.005690620180872731
SNORA60	0.005690381244558473
RP11-169K17.3	0.005689748792981927
PSMA6P4	0.005689661918284719
RP11-518K17.4	0.005689647936089019
RNY4P24	0.005689184287090529
RP3-406P24.4	0.0056888559766407314
CTB-85P21.1	0.005688638864778364
RP5-1073O3.2	0.005688055120368884
RP4-706A16.3	0.0056879342765316036
NUBP1	0.005687719467756425
AC074212.6	0.005687473076861885
ZNF213-AS1	0.005685479272642204
RN7SL231P	0.005685255533205683
SLC25A47P1	0.005684856236215294
CTB-13F3.1	0.005684618697760906
MTAPP1	0.005684582359958766
KCNH8	0.005684179868849249
RNA5SP345	0.005683581676989721
RP11-236J17.6	0.005682799760516747
RPS18P12	0.005682658456352335
AC009166.7	0.0056822457880062694
HID1-AS1	0.005682142506093641
PRDX6	0.005681064377499428
AGBL1-AS1	0.005680276401850875
CTD-2583A14.8	0.005680082005683233
EEF1B2P6	0.005680005222913758
CBX3P2	0.005679749083648954
TRIM33	0.0056788118069557155
INA	0.005678454098557762
RNF103-CHMP3	0.005677986851455274
FAM167B	0.005677714613664932
RP11-826N14.2	0.0056771229872108735
SDC1	0.00567695399492872
RNU6-388P	0.005675861487911801
RP11-613M10.8	0.005674312692650381
RP11-58C22.1	0.00567410610987498
RP11-168F9.2	0.005673884592350758
SLC16A14	0.00567383462564165
ACTG1P20	0.005673796335014318
OR7E91P	0.0056736609272307345
ZSCAN25	0.005673500269872614
RP11-259P15.1	0.005673384909491825
FXYD6P1	0.0056732551773250785
AC079807.4	0.005673238096097191
RP13-638C3.3	0.005672703084191882
KCTD11	0.005672126203123129
RP11-628O18.1	0.005671757706705479
GCOM2	0.005670906153358408
RP11-486O13.2	0.005670591438919532
RP5-1067M6.3	0.005670126182531041
RP11-553K23.2	0.005670111961500279
HBZ	0.005669996861871253
RP11-723O4.7	0.005669184430930623
AC015922.7	0.005668908666040479
RP11-620J15.4	0.005668788134429507
DNASE1	0.005668601281475061
RP11-265D19.6	0.0056685936171692874
RP11-635O16.1	0.005668169338290844
PSMD10P1	0.005668123997373199
HSBP1L1	0.005668029050786634
MIR199A1	0.005667392018856997
KRT18P26	0.00566690907561996
LST1	0.0056662659388134655
SELENOWP1	0.005664777745637737
RPSAP54	0.005664545106233421
RP11-545A16.3	0.0056641791290174244
RP11-817O13.9	0.005663643258764486
LINC00163	0.005662651635199669
RBMS2P1	0.005660893383754435
PRAF2	0.005660782048015855
RNU6-247P	0.005660740007647244
MARCH5	0.005660627846472482
AC018462.2	0.005660486402677423
TNFRSF21	0.0056604745496328865
RP11-613M5.2	0.005659809841636174
RP11-342D14.1	0.005659776842302255
PPM1E	0.0056589846927602855
RPL21P12	0.0056588406693757805
RP11-450H6.3	0.005658527239522293
RP5-1033H2.1	0.005657842687475178
FAM231B	0.005657774096684631
AFG3L2P1	0.00565716031578932
COX11P1	0.005656887757775036
AC009963.5	0.005656868791346551
RPL9P5	0.005656294216858041
GPR152	0.00565614275519176
RP11-881L2.1	0.00565605681272884
RP11-426J5.1	0.005656051870101454
RP11-50D9.1	0.005655966328160707
CTD-2081C10.7	0.005655519980104149
RP1-131F15.2	0.005655096591400119
AC109642.1	0.005654702986201108
CRIPT	0.005654174254089943
LRRC37A11P	0.005654041155435378
MTND6P3	0.00565338726019922
RN7SL405P	0.00565334604076451
ZNF321P	0.005652862836871784
RP11-231C14.6	0.005652745130784075
RN7SL111P	0.005652733777671139
RP11-17E3.1	0.005652580018071046
CTA-292E10.7	0.005652525275124261
RP11-831A10.2	0.005652522010516452
TPBGL	0.0056525199084070344
TAT	0.005652386403586894
RNU6-1175P	0.005652062118769488
RP11-305L7.1	0.0056515027330586096
KRT18P15	0.0056513652390609015
MIR4760	0.005651214661481054
RP11-688I9.4	0.005649989145842516
AP000350.7	0.005649739831091077
SNORD123	0.005649314035935881
RPL9P28	0.00564928907157507
ANKK1	0.005649061065260769
TMEM218	0.0056487876406998505
FDX1P2	0.005648620808225886
KRT73	0.005647341942804711
RPL4P3	0.0056467114159873275
CDC42EP1	0.005646557087131662
CTC-510F12.4	0.0056464880257424705
SRRM4	0.00564624887657603
CTD-2034I4.1	0.005646168019879364
RP11-335O13.8	0.005645877187267808
CTD-2006C1.13	0.005645871742565639
GS1-393G12.14	0.005645346932048486
RP11-566K19.5	0.005644490724599397
RP11-325P15.2	0.00564404903890425
Y_RNA	0.00564377463572823
OR9A3P	0.005643753680978456
XXbac-BPG252P9.9	0.005643213683331484
ERVV-2	0.005642639746938889
HLA-DQA2	0.005641984794485445
AC137932.6	0.005641496993660882
RP1-257I20.14	0.005641410329424546
MIR574	0.005640605407566904
MIR1180	0.005640316913576494
PCAT4	0.005639899768726964
GJB5	0.005639612041576828
RP11-734J24.1	0.005639530038964879
RNA5SP342	0.005639378030045453
RPL7AP4	0.0056392218195478756
OR2K2	0.005639125079597575
AC007556.3	0.005638810828731681
RDH14	0.005638031744673471
MTATP6P1	0.005637837768807821
HTR3C	0.00563732477088274
RP11-12D16.2	0.005637046974472613
RPS29	0.005636672154908915
WFDC21P	0.0056361608547108415
RPL7AP11	0.005635758075253156
NGB	0.005634759660343343
IPMK	0.005634633808231899
RP5-1126H10.2	0.005634582666973655
uc_338	0.0056343309668215455
LINC01355	0.005634008236080001
UBA52	0.005631920680754835
PYROXD2	0.005631476382244865
RN7SKP145	0.005630670323335765
HMGB1P11	0.005630653171879922
RP11-624C23.1	0.005630560417734853
ITGB1P1	0.005630167097699561
AC010127.3	0.0056299198917663905
MSANTD2	0.0056297631102412175
MED21	0.005629698256079209
RP11-805I24.3	0.005627372125434314
CH507-9B2.3	0.005627232011468717
RP11-126O1.4	0.005626865379788966
RNU6-731P	0.00562566517787054
RP11-337N6.1	0.005625605516728561
MIR1271	0.00562495951382746
FAM224B	0.00562461257506593
RP11-640L9.2	0.005624548469677286
TIMM8A	0.005624543721667084
AF186192.5	0.005623794603964855
AC008155.1	0.005622733512303638
OR1K1	0.005622615725507145
PRDM12	0.005622509169220423
MATN1-AS1	0.00562218576262822
DRD5	0.005622181984422882
RP11-442G21.2	0.005621430679168941
RP11-1099M24.8	0.005621264240164748
DNAJB4	0.005621050148765918
RP11-83B20.3	0.005620105729224728
EEF1A1P8	0.005619987559538737
CTD-2561B21.8	0.005619957015351953
MIR320C1	0.005619614732704183
C1QBP	0.0056195829511017726
RP11-734C14.2	0.005619454057891883
AC092755.4	0.005619324952338433
BTBD2	0.005618563181913717
RN7SL750P	0.0056177876328618965
RNU6-431P	0.005616875694652615
RP11-439E19.7	0.005615900067923897
ENDOG	0.005615316418116922
RP11-55K22.2	0.005614503822508902
MTND6P9	0.005614211057585655
RP11-305L7.7	0.005613981200941457
CTC-350I8.1	0.005613937839728911
IGHV5-51	0.005613813219299864
RP11-121A14.3	0.005613204204654688
GOLPH3L	0.005612869494857023
RP11-354E23.5	0.005612623491066215
HSPE1	0.005612543478083502
KDM4D	0.005612294269643576
RPS26P28	0.005612020849162363
RAPGEF2	0.005611953312346471
METRN	0.005610541348854667
RP13-16H11.9	0.005610182647062277
mascRNA-menRNA	0.005609919386139282
RP11-394I13.3	0.005609602735653516
RP11-512C24.3	0.005609598743884206
RP11-303E16.7	0.005608966281289965
ARHGAP23	0.005608915998784021
RP11-171L9.1	0.0056083272306710116
SNAP23P1	0.00560832179586347
PVRIG	0.005607740806779922
CTC-499J9.1	0.005607093619550595
DHX40P1	0.005606567861217714
RP5-1110E20.1	0.005606541145142073
IFNA13	0.005606006465729802
AC092687.4	0.005605695098239296
RERGL	0.005605635431021586
SUPT16HP1	0.005604982887170958
SFTPA3P	0.0056048372468460676
GABARAP	0.005604786460840684
RDH10	0.005604779260896519
HIST1H4PS1	0.005604716449936616
RP11-332K15.1	0.005604082504845062
Z69720.2	0.005603595696308198
DNAJB5-AS1	0.005602705908088447
RP1-241P17.4	0.005602462936880882
TLR8-AS1	0.00560165321273573
RP11-274H2.5	0.005601648596072846
MRPL49	0.00560117558649474
AC090587.5	0.005601105758235109
AC008074.1	0.005600655327897757
RP11-781P6.1	0.005600532558818816
ZNF260	0.005600353520763313
RP11-347C18.4	0.005600346987826524
CD300E	0.005600037683759558
RP11-136H19.1	0.00559978875988766
KRT72	0.005599723278246891
CATSPER3	0.005599673962828101
HMGB3P32	0.005599140134431909
RP11-295G24.5	0.0055991022925581104
RP5-1056H1.2	0.005598266948671428
RNF152	0.00559822363263289
AC006116.17	0.005597668309178229
RP11-120K24.4	0.005596231243689115
UNG	0.005596163891696811
NPM1P37	0.005596154729798358
HMGB3P7	0.00559530907917088
RP11-6N17.1	0.005594360347150977
RPL37P23	0.005591162060667326
RP11-165I9.10	0.0055909724309309555
RPL37AP1	0.005590156069706369
LINC01249	0.005590003141739454
KRT32	0.005589663219994891
PPP1R2P3	0.005589280918081507
AL590762.6	0.005589127023006691
RP11-510I6.2	0.005588804549525833
RP11-405F3.4	0.005587419349884228
LINC01269	0.00558558508682405
RPL31P40	0.005585577709453182
AL162426.1	0.00558501736991488
AC005550.5	0.00558475684772728
GALNT18	0.005584174817860915
KRTAP10-2	0.005583933106074981
AC024619.2	0.0055837560972153855
LINC01087	0.0055835972797753635
DACT3-AS1	0.005582506142545073
ISX-AS1	0.005582380321754247
NPM1P33	0.005582109553599537
EEF1A1P38	0.005581711620305336
AP001372.2	0.005580736892023191
CTD-2235C13.1	0.005580255292835145
ZNF737	0.005577471971795343
ZNF252P	0.005577044823051249
RP11-1100L3.7	0.005575968234265475
RP11-372E1.1	0.005575898261374903
RAB13	0.005575765245703272
HSP90AA5P	0.005575420065288108
PHLDB3	0.005575183556437484
MIR106B	0.0055745507530783394
Y_RNA	0.0055740951921318385
RP11-404K5.4	0.00557372211254502
TPT1P13	0.0055736533667399306
FAM90A2P	0.005572978267966351
AC012307.2	0.005572525858698165
SPERT	0.005572071973878665
MIR548XHG	0.005571362626601504
SNHG25	0.005570923386294925
RP11-61A14.4	0.005570646888714333
RPS17	0.00556977127881415
RANP3	0.005569234397410864
RP11-772C9.1	0.005569040162147998
OR7E62P	0.005568772108195857
AC009474.2	0.00556809505768596
RP3-476K8.3	0.005567838050917512
POU3F1	0.0055672295748556
RP11-927P21.1	0.005567164165642906
RP11-317N8.5	0.005566792311516465
RP11-329N22.1	0.00556655208607001
BNIP3P10	0.005565159780492255
RP11-686D22.2	0.0055648068339877585
AC016683.5	0.005564551816522542
HYPK	0.005563301270201323
AC009229.5	0.0055629823311412994
RNU6-828P	0.005562795238849667
TMEM59L	0.005562277232102383
RP11-430A19.2	0.005561782273954026
RP11-370I10.2	0.0055613561579168
AP000432.1	0.00556122130151623
RNU6-135P	0.005561024114973296
LINC00327	0.005560367699972512
RAP1AP	0.005560113173810257
RP11-20O24.1	0.005559933765524719
RP5-1085F17.3	0.00555927801140905
MIR5194	0.0055589069396979355
LEF1	0.005558544247013544
RP11-100K18.1	0.005558021054843206
TIMM8AP1	0.005557240649791268
MIRLET7G	0.0055568703593040225
FAM155B	0.005556203301132576
RPS15AP27	0.005556189144321297
TMEM41A	0.005555556937877057
RPL10P6	0.005555511063309018
SLC51A	0.005554393229094211
RP11-386G11.10	0.0055527161019451685
RP11-567C2.1	0.005552355885240484
OR7E29P	0.005550498008061639
RAET1E-AS1	0.005550418177878941
VTI1BP3	0.005549949600367154
PWAR5	0.005549508903950444
RP5-1180C18.1	0.005549005442894898
RP1-22N22.1	0.005548258143552204
ELFN2	0.005547929638701035
RP11-216P16.5	0.005547887427568657
RP11-493E12.3	0.005547480046406444
AC079154.1	0.005547376353685714
RP11-83B20.4	0.005546866215050572
RP5-1121H13.3	0.005546419232978488
TRHDE	0.005545779078601231
FOSL1	0.005545471374265474
SFT2D2	0.005544601736021062
AC017083.2	0.005544525734701689
SNAPC1	0.005544233305912541
LINC01431	0.005544214128808632
RP1-278D1.2	0.0055435074511424615
RP11-69H7.2	0.005543390918048118
BHLHA9	0.005543333743028295
RRP15	0.005543183253039614
KRT40	0.005543085337481762
MIR6512	0.005542826466026751
RP11-122K13.12	0.005542554883021988
HTRA4	0.00554227680586221
POTEKP	0.00554112658309356
AC073094.4	0.005540951602591501
RNU6-479P	0.005540304558810928
RP11-26J3.3	0.005539818137943293
WASH4P	0.005539321016655733
PLA2G3	0.005539099471547197
RP11-172F10.1	0.005538417466249854
CTD-2313J23.1	0.005538342872913364
RP11-561O23.8	0.0055381539661433846
RP11-427L15.2	0.0055376816166031
PRF1	0.005537518081671483
MIR200A	0.0055372950006897185
RP11-271F18.4	0.005536864001563157
NR2E3	0.005536736780147646
ATP5F1P5	0.005536619524374236
PDZK1IP1	0.005536122229183365
RP11-168L22.2	0.005536025239985748
LINC01585	0.005535977057285812
F2R	0.005535454770977468
RP11-571F15.3	0.005534473814901184
AC005392.13	0.00553423640395732
RNU6-1053P	0.0055341249103056205
ABCG2	0.00553380911324653
MIR98	0.005533801073740648
PNPO	0.00553366750281297
RP1-15D23.2	0.005533515082935053
RP11-25L3.3	0.005532735823531188
SNORD116-1	0.005532679778190389
RP11-1217F2.9	0.005532678506759647
INHBA-AS1	0.0055324738769262985
RP11-298D21.2	0.005531549170729518
AC008781.7	0.005530988778381454
MT1L	0.005530332421678259
PPIL1	0.005530110335997418
LINC00242	0.005529626120182002
Y_RNA	0.0055288159533177115
RP11-468E2.10	0.005528443711459578
RP11-117L5.1	0.005528037999170649
RP11-617D20.2	0.005527589873262588
RP11-787D18.1	0.0055269901146229265
NDUFB1P2	0.005526123718935159
RP11-365P13.5	0.005525582213477287
RP11-295G12.1	0.005525464049775095
C1RL-AS1	0.005525375908259919
RP4-669P10.20	0.005524767097008079
EXOSC3P1	0.005524758649434211
MFSD5	0.005523916434434624
RP11-618I10.1	0.005523473114260544
CMTM6	0.005522822846023802
LINC01559	0.005522565036777356
MT2P1	0.00552255911994384
SIM1	0.005522092245033496
RP11-64C12.3	0.005521818486466705
GLTSCR2-AS1	0.005521777455391183
TNP2	0.005520941486776252
XXbac-BPG157A10.21	0.005520121015535132
GID8	0.005520082319232319
CLDN9	0.00551997663262862
LRRN4	0.005519671056466115
ISY1	0.005519481325443208
GCNT4	0.005518984468685973
AC005255.3	0.005518623205443926
FASTKD5	0.0055186051758292325
SLC25A1P5	0.005518083307178128
OR13C2	0.0055177080164840525
MRPL50	0.005517671799874579
U91328.19	0.0055174390477441765
CTD-2012J19.2	0.0055172858379979655
RP11-460I13.2	0.005516678982037408
NEURL1-AS1	0.005515615685441505
Y_RNA	0.005515397640083731
RP11-533F5.2	0.005515312662844844
SCARNA21	0.0055150250989932734
LIPC	0.005514893482337839
SNORA42	0.005514531914693783
DDTL	0.005514122065164778
AC000067.1	0.005514011640035672
ORM1	0.005513845936787595
Metazoa_SRP	0.005513631520662283
RP11-111A21.1	0.0055136140631272396
RNU6-1212P	0.005513356800185404
LINC01517	0.005512261305046852
CTB-158D10.3	0.0055121344822114445
SNX18P9	0.005511830230658437
RP11-282M24.1	0.005511225855599254
RP11-49K24.8	0.005510608853203765
TMEM14A	0.005510242834269373
SPRED2	0.00551016461087224
DECR1	0.00550974644415366
RP5-961K14.1	0.0055093642963030525
RP11-662I13.2	0.005508914426630675
RPS6P16	0.005508736471194793
RP11-740N7.4	0.005508572346346696
RP11-410N8.1	0.00550850885640406
ATP6V0E1P2	0.005508398893867893
RN7SL748P	0.005508242344296073
CH17-262A2.1	0.005507740050486987
CH507-154B10.2	0.005507232652958419
RNU2-28P	0.005506184999156323
PMS2P10	0.005505881725017011
RERG-AS1	0.005505425230102367
AC004386.4	0.005504185631268519
DOCK9-AS2	0.005503797108558975
TMEM229B	0.005503487135985835
EIF3J-AS1	0.005503168581658516
FAM58CP	0.00550305748266273
LINC01474	0.0055027595976529075
CAHM	0.00550239518565552
RP11-202G11.2	0.0055023156867310755
CTD-2330J20.2	0.005502129666940991
PHKG1	0.005502108650176755
SNHG10	0.005501911076499577
FSTL3	0.005501745779196897
CTC-461F20.1	0.005501566138846541
IGHV7-56	0.005501286143059842
OR11H7	0.0055009076904049105
AC093787.1	0.005500464446849271
HNRNPA3P10	0.005500217792601475
RP11-670E13.6	0.005499413204220412
RP11-554E23.4	0.0054994024559570755
RP13-143G15.4	0.005498827052460593
SNORA59A	0.005498780125733709
FDXACB1	0.005498606471297681
PTMAP4	0.0054969484518700195
RP11-318A15.8	0.0054969465125777875
HMGA1P3	0.005496790758562927
BANCR	0.0054963769881221465
RP3-495K2.3	0.0054962806773650825
TEX41	0.005495234122797004
WDR82P2	0.005494869260077514
RPL3P5	0.0054948045655038155
ATP5G2P3	0.005494728739413688
SAA4	0.005493937304392344
TTLL7-IT1	0.005493884598498492
MIR4632	0.005493619365670068
TMX4	0.005493444130686168
RP11-893F2.5	0.005492642348435328
RP5-998N21.4	0.005490870634785273
ARL2BPP1	0.005490700452039496
RAB3D	0.0054899279767580125
CHMP6	0.005489598971762577
CPN2	0.005489550313771869
RP11-342K6.3	0.0054886374609607195
ZNF582-AS1	0.00548846631657873
CTD-2228K2.7	0.005488068842264828
LLNLR-246C6.1	0.005487668286659358
PARP4P3	0.0054876553009767645
Y_RNA	0.005486411924426821
YAE1D1	0.005486277392634054
LINC00525	0.005486188700457067
RP11-351A11.1	0.0054859873780622815
AKAP5	0.005485129660553052
MIR32	0.005484980482123207
ALG11	0.005484555818920266
MIR4717	0.0054845061378468824
MTCO3P13	0.005484230858420972
AC010980.2	0.005483696311351981
CCDC155	0.005483213904022462
AVEN	0.00548256792139692
CTA-212A2.1	0.005482555967840354
RNU6-910P	0.00548204469803199
RP11-87G24.3	0.005481665670486186
RP11-77K12.10	0.005481447480452534
AC078941.1	0.005481153095183808
ANAPC16	0.005481143523785315
HTR5A	0.005481129954334781
RP4-604G5.1	0.005480540401705665
Y_RNA	0.005480488534448907
RP11-631M6.2	0.00548017406261868
LL0XNC01-237H1.2	0.005480011015046161
TTC9	0.005479656401034699
RP11-280O24.3	0.00547964579280744
RP13-15M17.1	0.005479605684529751
RPS16	0.005478088322688964
RP11-219B4.5	0.00547787764255169
U8	0.005476690316639656
CXorf40A	0.005475314626413714
RNU4-49P	0.005474245825610921
RPSAP51	0.005473635191319827
Y_RNA	0.005473559917218319
NECAB2	0.005473030774485656
MTCO1P20	0.005471818292736996
COX6B1P3	0.005471536300716755
RPL24P8	0.0054710130989141645
C6orf58	0.005470923588727767
SNORD75	0.005469847873342423
RP1-267L14.3	0.005469111944795255
PTGES3P4	0.005468991765453015
RP11-677M14.5	0.005468653265725276
USP38	0.0054675808809434324
RP11-674I16.2	0.00546731559340514
CTA-963H5.5	0.005467202648181838
RPS19	0.005466296532714204
MTND1P23	0.00546616915882099
FAM185BP	0.005466019936602001
RP11-115C10.1	0.005465502984081075
RP11-465B22.3	0.005465392192062973
RP11-347C12.11	0.005464020842473682
RNA5SP218	0.005462000715455303
RP11-763B22.3	0.005461972092575431
RLF	0.0054617006185010974
CKS1BP7	0.0054616366637458575
KIF18A	0.005461353136763998
LYZL2	0.0054612942568337975
UQCRQ	0.005461156857688465
RPL30P14	0.005460982366281339
DNAJA1P3	0.00545982404715792
MTND1P2	0.0054584739530550265
RNF133	0.005457720836092473
RP11-379H8.1	0.005457376906673895
RNU2-19P	0.00545724543949695
RP11-670N15.2	0.0054560940065583215
RP11-172H24.4	0.005455986850561084
CTU1	0.005455953703784677
AP000302.58	0.0054554162082938685
AP000692.10	0.005454844775070564
AC068134.6	0.005454795873132265
TRIM60P19	0.00545418282938512
SNORA74	0.005453640385704647
RPS7P5	0.005453123798184226
RPS4XP6	0.005453039851260667
AC008060.7	0.005452583902666437
AP000343.1	0.005452192745586566
RP11-597M17.2	0.005451817656267708
RP11-482M8.3	0.005451693456425638
ZNF280A	0.005451167380911078
EEF1A1P4	0.005451102942596063
HOXA11-AS	0.005450878276470623
FURIN	0.005450063872260201
RP11-216B9.8	0.005449971562585812
MIR3170	0.005449892129341538
ISCA2P1	0.005449645027832694
R3HDML	0.005448836991276397
ZNF460	0.005448422111731846
HAMP	0.005448034453623176
RP11-380N8.7	0.005448006217675915
RP11-163E9.2	0.005447967972125326
NKAIN1P1	0.005447786359917955
RP11-56P9.10	0.005447337311360443
RP11-640N20.8	0.005447249097557679
CELA2B	0.005447159843946748
GS1-124K5.7	0.005446952344955875
SPINT3	0.005446951751236178
AC093162.5	0.005446208859338002
RP11-510M2.5	0.005445902702162035
RP4-791M13.4	0.005445525501687772
AC006946.17	0.0054451919908611295
MRPL3P1	0.005443800628567376
TRIM51FP	0.005443770839201778
RP11-323F24.4	0.0054430108992271145
RPL10AP2	0.005442627769562858
AC002539.1	0.005442387440720227
MTA2	0.005441947097780727
AL157902.3	0.005441887616700557
SRD5A3	0.0054411272769859425
LINC01372	0.005440592354249913
ID4	0.0054405757090524
CLPP	0.0054403267925026534
FAM180A	0.005439984608625614
HS6ST3	0.005438490556574714
RP11-452G18.2	0.005437881613464747
CTD-2193P3.2	0.0054369892355107955
PSAT1P2	0.005436713334627736
RP11-332H14.1	0.00543585052172096
LIN28B-AS1	0.005435595771091708
ZNF431	0.005434486674621694
RP11-297D21.4	0.005433999406244444
CFHR5	0.005433981036405495
RP11-752L20.3	0.0054327774706183505
CTD-2243E23.1	0.005431961457532197
SPON1	0.00543174121576382
AC079305.10	0.00543111608628039
AC099850.1	0.005431012785154585
TRIM80P	0.005430693971608085
CTD-2297D10.2	0.0054306770297932235
SNORA7	0.005429964350233325
RP11-519G16.5	0.005429420712339412
CHST11	0.005428862881038817
GLYATL1P4	0.005428750984375917
KRTAP8-3P	0.0054286464307226655
RBPMS-AS1	0.005428412996406452
SCGB1C2	0.005428309413031077
A2ML1-AS1	0.005428302731764706
OIP5-AS1	0.0054281720610369
PATE2	0.0054280766880226185
PTGIR	0.005427976892083195
CCR10	0.0054271924562229535
RN7SL480P	0.005426933953007702
RP5-998H6.2	0.00542651570620091
SLC35F6	0.005426200956468348
AC243756.1	0.005425814467920493
RP11-338O1.2	0.005425720754814087
CTD-2619J13.3	0.005425581290821132
IRF2BP1	0.005425397747904308
CTD-2650P22.1	0.005424890284197801
NPM1P19	0.00542482638197738
HDAC1P1	0.005424758431152172
MIR544B	0.005424204992657935
MTND4LP14	0.00542378455006182
RP11-64K12.1	0.005423578813604776
LINC00665	0.005423476580806324
C5	0.005422856984362526
MIR541	0.0054226934568860595
MTDHP4	0.005422581577972782
KRASP1	0.005422240832557577
MIR4648	0.005421866987073885
RP11-923I11.4	0.005421245459047354
SETP14	0.0054209402730586755
RPL17P50	0.0054207460425634135
LINC01618	0.005420396351199939
AC092569.2	0.0054203652703900315
RP11-1029M24.1	0.005419816598088643
ACTRT1	0.005419441938906913
RP11-544M22.13	0.005418491355880131
SSRP1	0.005418344766220014
RPS4XP4	0.005418148246695025
RP11-388C12.5	0.00541794558562636
CTB-55O6.10	0.005417884392289236
RP11-44N21.1	0.005417705433437048
RP11-514D23.2	0.005417133618398606
GRM3	0.0054168180574281685
PTGES3L	0.005416785776722333
SIGLEC18P	0.005416138270577675
RP11-517C16.4	0.0054157770027655925
UQCRB	0.005415393707302478
RP11-452H21.4	0.0054153036156701275
RP11-873E20.1	0.0054151524297116555
DCAF13P2	0.005413504857869786
GNPNAT1	0.005413028554836558
ITPKB-AS1	0.005412959933145665
RP11-484D2.2	0.005412950187080206
FAM132A	0.00541271929201281
UQCRHP1	0.005412075602406969
H2AFJ	0.00541155926139611
EIF4BP3	0.005410776261452243
RP11-154J22.1	0.005410699236761898
RNA5SP187	0.005410494506989232
RP11-1094M14.1	0.00541047709294878
RP11-575A19.2	0.005410374600820004
PRDX2P2	0.00540974361289045
PNRC2P1	0.0054096672097134
WASF4P	0.00540962206011403
RP11-165E7.1	0.005409615345096449
SOX7	0.005409138016149016
RP11-626H12.3	0.005408871908779973
RP11-1H8.5	0.005408732191149191
SKI	0.005408368324552147
AC068196.1	0.005408291521547248
SLC6A17	0.005408159557403383
RP11-106M3.3	0.0054071939225281565
MIR370	0.005406888639876462
RP11-793H13.11	0.005406563196725463
RP11-114N19.3	0.005406563027056393
Y_RNA	0.005406412655799663
RP11-493L12.4	0.005405754941361473
CTD-2515A14.1	0.005405250162250912
ARSEP1	0.005404117208190394
TERB2	0.005403283122966289
AP001628.7	0.005402965271650765
RP11-731J8.2	0.005402691392909425
LAGE3	0.005402629566417647
C9orf106	0.005402561666408916
RP11-154H23.4	0.005401973437037354
MTCO3P11	0.005401567469535389
RP11-33E12.2	0.005400719209730377
TOB2	0.005400704348907793
ZNF785	0.0053991122242321955
MKRN2OS	0.005398371430589834
FOXF1	0.005398120377456329
CTD-2007H13.1	0.005397260319435064
MTNR1A	0.005397008173007772
RP5-1189B24.1	0.005396976298955553
CHMP1B2P	0.005395879874191841
RP11-431K24.2	0.005395610041138384
SLC25A6P5	0.005395247427178337
RP11-619A14.3	0.00539521911042106
RP11-778D9.4	0.005394851108836286
FLJ35934	0.005394663347515984
RP11-61E11.2	0.005394623881086975
RP11-777B9.1	0.005393327733481541
TMSB15A	0.005393146519246054
RP11-110I1.6	0.00539289374719452
RP1-313I6.12	0.005392793900392159
RP11-304F15.7	0.005392241170842516
SNORD115-4	0.005392079143074673
SLC6A7	0.0053914617242519
DDX39BP2	0.005391365417834726
RPS15AP9	0.005391359284648973
MIR6505	0.0053913435033996916
RP11-295D4.1	0.00539124758511535
ZNF22	0.005390593516358668
RP11-81M19.3	0.005390056217338325
PRELID3BP5	0.005389624521635626
EEF1A1P5	0.005389273300445326
AC093106.6	0.005389014478636221
RP11-400K9.1	0.005388878000390345
bP-21264C1.2	0.005388756233489939
RP11-464D20.2	0.005388040842337725
UTP20	0.0053872130388916036
LINC00475	0.005387168525498615
LINC00463	0.005387167511462826
OR6B3	0.005386643464995015
KLF7P1	0.0053865530692633985
DNAJB9	0.005385075256897614
RP11-74M13.5	0.005384807704618748
HIST2H2BA	0.0053834598957661
RP11-685N10.1	0.005382949022959204
FLNB-AS1	0.005382631738795429
RNU6-1148P	0.005382276676926562
RP11-203P23.2	0.005381382057145878
FKBP4P6	0.005380859276522288
CRHR1	0.005379978718556698
ACE2	0.005379679706938127
RP11-435O5.7	0.005378021392709109
IMPA1	0.005376929736860238
BGLT3	0.005376095798279551
RP11-586K2.1	0.0053760783047608505
DGCR9	0.005375940294106131
RP11-234B24.4	0.0053758177446143925
RP11-80I15.1	0.005375271663007839
RP11-146F11.2	0.005374905283905068
OXCT1-AS1	0.0053744043586292384
RP11-359B12.2	0.0053743818151926
PARS2	0.005374119202823226
RP11-247C2.2	0.00537381424141045
SBK3	0.005373737078773708
RNU5A-7P	0.005373242297085017
RPL12P40	0.0053731279974701856
FAM149B1P1	0.0053715238744861836
AC141928.1	0.005370843544850959
CTD-2015B23.2	0.005370377699436475
RNU6-1301P	0.005370142106707411
LINC01436	0.005370135289452281
LIN7A	0.005370004194526492
OPA3	0.005369824725351265
ALG5	0.005369417491246943
C16orf92	0.0053692902128007515
ARF4P4	0.005369094594980003
RP4-657E11.10	0.005368706254498078
RP11-108O10.2	0.005367340312813768
MIR3174	0.005367007845517244
CTD-2623H2.7	0.005366977931579103
RP11-673E1.4	0.005366941912448942
LINC01122	0.005366731727138253
RP5-1116H23.4	0.0053667126957227815
RN7SKP275	0.005365943180124526
FAM71E1	0.005365847131523455
FBXO17	0.005365611729920894
RP11-753H16.5	0.005365004012282301
PLPPR2	0.005364738612664775
DDX11L2	0.0053640748537647385
AC097499.1	0.0053640683655250656
TMEM150B	0.005363976937187889
GLI1	0.0053634817008778625
RP11-384M15.3	0.0053634767524212
RP11-420H19.2	0.005363211968585017
HOTAIRM1	0.005362600225752516
RP11-168P13.1	0.005362540419714182
RP11-716H6.2	0.005362394308830317
RP11-380O24.1	0.005362324379429902
CYP26C1	0.00536232188948448
RPS27P12	0.005362155934582077
AC010761.14	0.005361454816120108
CTD-2636A23.2	0.005361089661817566
RP11-521I2.3	0.005360653756580207
RP11-108K3.1	0.005360604572455472
ZNF605	0.005360214577382878
CTC-552D5.1	0.005360166032648727
LEMD3	0.005360089251059536
RP13-635I23.3	0.00536007958020159
PDE6H	0.005359020113641432
RP11-45F15.2	0.00535864059207317
RP11-272G22.3	0.005358064727991271
KIF2B	0.0053569848873557735
RP11-408A13.3	0.005356869313068607
RP11-123K19.1	0.005356757753601591
FAM19A1	0.005356574646233516
AC241377.1	0.005355892310555533
RP1-191J18.66	0.00535563417045346
MARK2P15	0.005355254724719474
LINC00998	0.005355254528705809
RN7SKP106	0.005354789938054157
LAMA5-AS1	0.005354407911407419
SP2-AS1	0.0053543215744605395
RP11-458F8.1	0.005352806384651711
RP11-536C5.7	0.005352746163067995
C17orf75	0.0053524078674195615
RP11-283I3.2	0.00535158131637915
RP11-646E18.2	0.005351020879166962
SUMO2P17	0.0053505983535580585
NCCRP1	0.00535032686336716
HMGB1P26	0.005349783580184243
RP11-145A3.1	0.0053497532087329975
CTC-281M20.3	0.005349107209857569
RP11-234N17.1	0.0053490465009166255
UMAD1	0.005349010273210355
RP4-681N20.5	0.005348957486448142
RP11-218F10.3	0.0053488524958880575
GPR148	0.00534748254711284
RING1	0.005347390946260315
RP11-307B6.3	0.0053471337196147216
RP11-415D17.4	0.005346398343469517
TFAP2A	0.00534606530435435
RNU6-1134P	0.005345990083396636
SNX19	0.005345755627233783
HAUS1P1	0.005345304457128517
RP11-325N19.3	0.005345245461811031
C8orf4	0.005344821732749271
AC007326.10	0.005343945466535832
LINC00560	0.005343936391939282
KB-1517D11.4	0.0053437834198005255
RP5-1154L15.2	0.005343717982906109
ST13P4	0.005343374252119477
SYNJ2BP-COX16	0.005343119306759154
RP5-967N21.11	0.005342823681762553
CTA-351J1.1	0.005341891525685095
ZDHHC24	0.0053404391628454175
RP11-311H10.7	0.005339530868476639
CTD-2260A17.1	0.0053393169656387515
SLC25A2	0.0053388187533219954
AC093326.2	0.005338351706898524
RN7SL288P	0.005337662055704935
CTC-435M10.3	0.005337180332181118
SFTPD-AS1	0.005336016187151204
AC104650.1	0.005335515302113611
MIR6740	0.005335335401028549
LINC01119	0.005335238930118971
AC016757.3	0.00533339753992697
SNHG22	0.005333345235812826
RP11-799D4.3	0.005333180872438232
OR2B11	0.005332829807380836
CTD-2550O8.7	0.005332411957688969
DDX43P1	0.005332209041198646
RP11-1007O24.2	0.005332130713018176
RP5-837J1.4	0.005331677483425319
RPL23AP65	0.005331572617679271
RP11-95P2.4	0.005331368748516317
RP11-155O18.6	0.0053301370792626975
RP11-393N4.2	0.005330096998476692
RP11-332J15.1	0.005329968798992428
IGLV2-11	0.005329057172170773
BBS7	0.005328179178432782
RP13-225O21.5	0.0053279889347924115
TMEM110-MUSTN1	0.005327411120549434
C8orf44	0.005326854492264258
CXorf40B	0.005326719608461295
RP11-498C9.4	0.005326490876669662
RNU6-486P	0.005326073511670853
AC024592.9	0.0053260521703274895
RP11-495K9.10	0.005325850438754213
ZNF862	0.005323902858588745
MED17	0.005323108880031894
RP11-404G16.2	0.005323039261135384
MTATP6P22	0.00532292607285104
CTB-57H20.1	0.005322761628161428
TMEM129	0.005322745215670459
CHRNB2	0.005322610406811365
RP11-473P24.2	0.005322492694796937
PCDHGB5	0.005322354907337875
WDR88	0.005322012419288857
ARGFX	0.00532154455750198
RP1-309H15.2	0.0053213097517219275
SPTLC1P2	0.005319896111492463
AP001596.6	0.005319779097911851
ATP5A1P3	0.005319230273289398
RP11-304L19.1	0.005318134980768269
RP11-113D6.6	0.005317569179439317
RP4-593H12.1	0.005317386493296741
CTC-304I17.2	0.005316184456348332
RARA-AS1	0.005315961004272325
CYCSP33	0.005315851319192183
RP11-304L19.3	0.005314527919855309
RP11-33N14.3	0.005314467608887612
CTD-2308N23.2	0.0053142994234360325
RPL30	0.005314025003130198
RP11-109M19.1	0.005313793291229475
LINC01204	0.005313713648385318
TRAJ24	0.00531253656334847
C2orf68	0.005312371819810766
KCNK9	0.005311735142764754
RP11-317G22.2	0.0053113710233968535
AC100830.3	0.00531056254973812
CTD-2034I4.2	0.005310500822185293
LINC00176	0.00531010199263174
FBXL8	0.005310097712458773
ADRB1	0.005310001957552858
RP13-977J11.9	0.005309755460388147
FOXI3	0.005308906188410509
RP11-1C8.4	0.005308681005152812
RP11-157L3.11	0.005308560901439818
RP11-130N24.2	0.005308355854642629
TCEAL3	0.005308269084881579
BTF3P13	0.00530717832306925
NLRP10	0.005306861427239511
AC018359.3	0.0053061233152889
MTCO1P21	0.005305135597547959
LGALS17A	0.00530502939443133
RPL23AP15	0.005304671524724991
CTD-2528A14.5	0.005304278734800639
RP11-326C3.16	0.005303968830639505
RP11-46H11.2	0.005303229529897509
COX6B1P5	0.0053032215701147
RP11-276H7.3	0.00530211731392079
RNU4ATAC	0.005301776105696009
RP11-747H7.3	0.005301675049707514
KRT18P65	0.005301598004958771
HSPD1P7	0.005301077933016884
KCNJ4	0.005300010335310206
SNORD100	0.005299385032406128
STRADBP1	0.005299301308297714
RP11-575H3.1	0.0052991360720168815
MIR221	0.005299133438762143
CTD-2006K23.1	0.005298942631600714
RP11-693N9.2	0.005298525763936828
ST8SIA3	0.005298459897982755
CDC26	0.005298308762911268
RP11-53B5.1	0.005298136522305985
RP11-797A18.6	0.005298114004727681
AC006273.4	0.005297529949539648
LCN8	0.00529742614434395
RP11-326A19.2	0.0052971283282173655
HIC2	0.005296281960216349
RP11-452C13.1	0.005295722332249979
Y_RNA	0.005295495456106123
COL4A2-AS2	0.005295256486165928
RP11-113K21.1	0.005295205841073992
CTC-558O2.1	0.0052951969331981544
RPL23AP53	0.005295136225952567
RP11-333I13.1	0.005294392093014849
RP11-466A19.1	0.00529210958235739
RP11-341G23.2	0.005291471005710382
YY1	0.0052904806751548515
MIR6859-4	0.005289661472924909
RPS15AP16	0.005289567389930788
ARX	0.005289351145777145
LINC01598	0.0052883595316016545
RP11-359E10.1	0.005287572940556126
RP11-20I23.1	0.005287563599520762
RP11-174O3.3	0.005286760591458047
RP11-861E21.1	0.005286708348814799
CH17-53B9.2	0.005285884270031707
FBXW4P1	0.0052855511280982485
NDUFV2P1	0.005284972372531072
RP11-168O16.2	0.005284820912144516
AC114765.1	0.005284633224871622
GALNT12	0.00528364777794436
IFNA6	0.0052833084218016045
HEPACAM	0.005282930588531704
CTAGE13P	0.005281530832977463
XXbac-BPG181B23.6	0.005280483624454322
TPTE2P2	0.005280426460438619
RP11-108M9.3	0.005279865504714031
RP11-491H19.1	0.0052792004809646504
RP11-257O5.2	0.005278669097198547
CBL	0.005278477351894083
RNU6-460P	0.005278438408590053
SLC9A2	0.005277801242680818
SNORD124	0.0052776076458001826
TECPR1	0.005277378796546834
AC245100.1	0.005277275644271147
RPL12P6	0.0052771742685175935
AC008063.2	0.005277133643750537
CYP4A26P	0.005276698863602772
RP11-397E7.2	0.005276257157206598
UGT2B25P	0.005275284240565223
CASC8	0.005275188034641927
PEBP1P1	0.005274586163622959
CTD-2528A14.3	0.005274467396426968
RPAP3	0.0052744084852383594
MIR3164	0.00527427768012515
RP11-433P17.1	0.0052741076328466354
TRIM31	0.005274060722858415
UBXN10-AS1	0.0052738515158665174
LINC00968	0.0052735931147806295
RP11-35J10.4	0.005273519215120449
OR10V2P	0.005273442718655052
ISCA1P6	0.005273343349933613
AC011747.4	0.00527327902040824
RP11-746M1.8	0.005273069683803201
RP11-862L9.3	0.005272882682832853
CST6	0.005271685759659275
UNC93A	0.0052715839122481475
RN7SKP75	0.0052714550702946455
CTD-2169H9.1	0.005270626689166893
RP11-410K21.2	0.005270501738132689
RP11-744H18.1	0.005270263189992301
GTF2F2P1	0.005270048775327147
RP11-159H22.2	0.005269981695953168
KCNMB3P1	0.005269380474381945
RP11-291I6.2	0.005269242396062572
RPL23AP57	0.005268864632518503
TMEM5-AS1	0.005268565350797315
PPP1R36	0.005268498242595852
ST6GAL2-IT1	0.005268472012906474
MGP	0.005266491410348466
RP11-661C8.3	0.005266279099798583
MAP3K8	0.005266103024701822
C4BPAP2	0.005265558266445358
SNORA33	0.005265457034585102
CTD-2044J15.1	0.005265292968481721
TRAV18	0.005265113932265678
MIR3619	0.00526507268612783
MRPL15P1	0.005264982901745435
AC021016.7	0.00526485907744629
SERPINE1	0.005263996554005624
FITM2	0.0052631988672898
CTD-2562J17.6	0.005263016763753413
RP11-438E8.2	0.005262382082347372
NR0B2	0.005262051404326884
TRMT10C	0.005261872773104007
PCDHAC1	0.00526185125524
RP1-80N2.4	0.005261700988682302
RP11-961A15.3	0.005260449536789863
RP11-303E16.9	0.005260194758384875
SEPT4-AS1	0.00525995512618361
CTC-535M15.1	0.005259935205208485
RNU6-42P	0.005259663706646997
RP5-926E3.1	0.005258983154178961
CEACAMP5	0.005257772802967355
PPP1R2P6	0.005257590702085011
SLC5A4	0.005257168496536024
PTENP1	0.00525683559203669
RP11-708J19.3	0.005256019151565225
RP11-59D5__B.2	0.005255845545803153
RP11-1038A11.2	0.005255665832079512
MRPS18AP1	0.005255616478745082
AGAP14	0.0052551675115872845
AC124312.1	0.0052544249623005
RNU6-1262P	0.005254191570368798
SNORA4	0.00525416288404013
RP11-403P17.2	0.0052540857163366605
LINC00969	0.005253358878156627
RP3-369A17.2	0.005251843027970574
IMP3P2	0.0052517098916837895
RP11-839D17.3	0.005251263644480056
TRAV30	0.005251060502618018
ZNF192P2	0.005250377116165887
RP11-116O18.3	0.005250366913673885
PRR5-ARHGAP8	0.005249476723763603
RPS18P13	0.005249473670638551
CASC9	0.005249212317515358
RN7SL204P	0.0052490222613369554
TRAJ30	0.005247440438163516
MIR181B2	0.005247183850867458
uc_338	0.005246147463134081
RP11-160H22.3	0.005246140109726366
HEMK1	0.0052459293107023405
RP11-326A13.2	0.005244739362237033
RPA2P3	0.005243798555689212
TMPPE	0.005243443156985478
CLDN4	0.005241814241002582
RP11-66N24.3	0.005241233478078762
GM2A	0.005240200548361876
NPM1P50	0.005239410073539046
OTUB2	0.00523900502551637
RP11-263G22.1	0.005238925199397649
RPL15P21	0.005238857175470993
CDRT4	0.005237369159911992
RP4-816N1.6	0.005237007846164622
AC005522.7	0.005236105422206835
ST13P19	0.005236045522905723
EP300	0.005235321431111063
RP11-804M7.1	0.0052352912277716605
RP11-44F14.8	0.005234904681070944
RNU6-891P	0.005234612733377166
LINC00906	0.005234029112533283
AC007906.1	0.005234017595275197
HTT-AS1_2	0.00523396119407684
RP1-130G2.1	0.005233513516425871
ZNF726	0.005233447109111349
IGHJ2	0.005233069785519064
LINC01289	0.005232861655976565
DKK4	0.005232470118704168
RNU6-944P	0.005231475325661696
RP11-457M11.6	0.005231336901718255
AC009095.4	0.005231203899189191
RP11-147L13.8	0.005231082392311637
CNOT11	0.005230920472539029
CTD-2357A8.2	0.005230692775661396
OTUD1	0.005230062992361047
SNORD51	0.005229923680407781
MS4A10	0.0052297653262503244
MIR331	0.0052297049265350405
RP1-92O14.6	0.005228963738279533
UPK2	0.005228490100004563
RP11-19G24.2	0.005228409483968481
QRSL1P2	0.005228378689261401
LINC00393	0.005228362405505098
RP11-834C11.10	0.005228189624056805
C18orf25	0.005227513089431064
S1PR1	0.005227083824107797
PABPC1L2A	0.005227049581713496
RP11-288C18.1	0.005226675612016787
AC026150.8	0.005226364562011655
SLX1B-SULT1A4	0.005225454469837252
LINC01299	0.0052253256521449494
LINC00885	0.005225117534898598
LINC01477	0.0052250188292269064
RP11-660L16.2	0.005223941608214205
MISP	0.005223914227675189
RP11-134E15.2	0.005223889363854707
LINC01235	0.0052235805349293086
SNORD38	0.005223342890182766
RP11-169F17.1	0.005223247152560986
ENPP7P3	0.005223226537732396
BCRP3	0.0052232161320090115
CLEC1A	0.005223124500110095
RP1-187B23.1	0.005222434572171052
AC008984.2	0.005221883869776491
Y_RNA	0.005221812568527376
DBP	0.0052211715536442755
RP3-507I15.1	0.00522088980275749
BARX1-AS1	0.005220396994332596
SNORA51	0.005219747800000781
OR3A1	0.005219716335997592
RP11-420N3.3	0.0052196781281049634
RP11-546B15.1	0.005219643161729396
FPR1	0.00521940784310056
HEXIM1	0.005219157743525869
AC013791.1	0.005219103094243068
TMEM109	0.005218392020122025
MIR365B	0.0052182946116451565
Metazoa_SRP	0.005218279975635653
FENDRR	0.005218241981251611
RP11-12J10.3	0.005218008798060704
FAM186B	0.00521784452132067
MIR4482	0.005217358351109917
RP11-1G11.2	0.005217301953561021
AP000679.2	0.005216575810616714
PKN3	0.005216512888000537
AC022154.7	0.0052164439754356804
RP11-434I12.5	0.005216169828634245
SPAG5-AS1	0.005215638165971564
AL691477.1	0.005215496067047414
ZNF92P3	0.005214842021836636
AC005251.3	0.005214751009649396
ADAMTSL4-AS1	0.005214126289825619
MIR4672	0.005213772281272213
RP11-377D9.3	0.00521331444452554
RN7SL268P	0.005212333908399009
LINC01169	0.005212253805263427
RNU12	0.005212212136564102
KRCC1	0.005212001588151406
RP11-557H15.4	0.0052118274142750175
MED13	0.005211581572040736
RNU6-180P	0.005211519489294618
CTD-2244C20.1	0.005211315282064225
MIR4266	0.005210845473387326
HNRNPMP1	0.005210831331427458
RP3-380B8.4	0.005210708340060963
AF064858.8	0.0052100308634014676
RN7SL517P	0.005209716969834628
RP11-15A1.3	0.005209327020351401
RNU4-68P	0.0052091892199339655
RP11-796E10.1	0.0052090677905247355
RP3-449M8.6	0.005208697932585966
RPL5P18	0.005207089486243599
RPS19P7	0.005206646225462798
IFI44	0.005205271262410233
AC087430.1	0.005205136687778434
RP11-69I8.3	0.005204917025144446
RN7SL395P	0.005204718774567971
ALG1L3P	0.005204554728678295
RP11-84H6.1	0.005204208903416354
RP11-555M1.3	0.005203785851561192
HSPE1-MOB4	0.005203317909939632
DUTP3	0.005202850061607285
RP11-723O4.9	0.00520279180389191
RP11-212D19.5	0.005202215569715711
MTCO2P20	0.005201364334193561
CTB-193M12.5	0.005200583161625605
CTD-2210P15.3	0.005198534077802023
RP3-406P24.5	0.0051984285620687454
LL09NC01-251B2.3	0.005198164944157909
RP11-195C7.1	0.005198121023953593
RP11-123O10.4	0.005197160585842123
NARF-IT1	0.0051970108031390684
RP13-104F24.3	0.0051968478303553575
RP11-400F19.6	0.0051965524364296885
NUTF2P2	0.005196500947521706
RP1-315G1.3	0.005196200690791395
RP11-379F12.4	0.0051961069570963915
ACBD3	0.00519573707445442
RP11-231E4.5	0.005195191665359916
RP11-2C24.7	0.00519440780883805
MIR296	0.005193975224015128
LINC01105	0.005193718779980345
AHSA1	0.0051935059467826065
CCDC191	0.005193315053826274
RP11-21M24.2	0.005193131732894669
RBBP4P3	0.005192992743815369
AC005609.17	0.00519273167492238
RNU6-638P	0.005192234557129118
TPTE2P1	0.005191361408631412
SMARCE1P6	0.005191290613236528
RP11-390K5.6	0.005190882398712459
ZNF10	0.00519086725215643
RIMKLBP1	0.005190569551673499
CAPN6	0.005190516879567191
SLC9A6	0.005190045931691738
RP11-408P14.1	0.005189896891819622
RPL5P4	0.005188786584945275
CCT5P2	0.005188310457013697
CTC-493L21.1	0.005187615285459835
RBBP8P1	0.005187165556257001
NCBP2-AS1	0.005187015434100081
CCDC53	0.0051851298441684054
Y_RNA	0.005184903651704838
ARFGEF2	0.005184648909172013
RP4-587D13.1	0.005184573123919445
IGLV8-61	0.005184559234323429
PPIHP1	0.005184206251004795
RP11-701H24.8	0.005183964042267343
RPS3AP44	0.005183715482259522
UBXN7-AS1	0.005183634416741268
RP11-817J15.2	0.005181994722407289
HNRNPA1P57	0.005181342410786535
RPEL1	0.0051808110261937395
RP11-547D24.3	0.005180188547462926
SMCR2	0.005179632780998885
RP11-563N6.6	0.005179039074971741
RP11-740D6.3	0.005178306069061276
ZBTB45P1	0.005177782551029927
RP11-671P2.1	0.005177449795155732
RN7SL650P	0.005176824617797047
OR2B8P	0.005176778598114267
EIF1AX	0.005176684167235529
RP11-616M22.3	0.005175864945354634
RP5-1185I7.1	0.005175501926446091
SNORA24	0.005175487765560321
SLC38A11	0.005175435015192068
XX-FW83128A1.2	0.005175378093148912
YWHABP2	0.005175021001125797
AC008746.5	0.005174953253426877
BATF2	0.005174899359225472
RP11-358B23.5	0.005174739688613014
RP11-416A14.1	0.0051743131226456565
MIR124-2	0.00517387946567007
MYL8P	0.005171936914950694
RP11-434D12.1	0.005171560451458616
PPP4R1-AS1	0.005170018310733249
MIR6750	0.00516972229247191
RN7SL587P	0.0051696401893214115
RN7SL220P	0.005169301568354914
RP11-58K22.4	0.005168979633800804
SLC9A7	0.005168952158950795
TRIM51BP	0.0051688330581527294
PRADC1P1	0.0051687072399221
CHRM3-AS1	0.00516869920283712
CFAP44	0.005168660599239757
AIP	0.005168534884174268
RP11-17P16.1	0.005168431206901298
LINC00443	0.005167796805699273
RP11-84A19.4	0.005166820184343697
IL25	0.005166726845636513
RN7SL200P	0.0051661908275517894
RP13-514E23.1	0.005166084181364953
RPSAP5	0.005164271349328272
Y_RNA	0.005164221557079375
SNORA81	0.005164217837584051
GOLGA8IP	0.005163332581923376
TIMM44	0.005163254577780107
EBLN3P	0.0051615675624754305
AP000437.3	0.005161450000088891
PKD2	0.005161112679784454
RP11-175P19.2	0.005159319970228541
CEP95	0.005158063075894519
AC139100.3	0.005157598775785442
Y_RNA	0.005157249151206049
RFX1	0.005157092632680133
RP11-299L17.3	0.005156905038398167
AC093627.9	0.0051566199476525704
PRR29-AS1	0.005154938705713495
SNORA50A	0.005154286813839677
MCM8-AS1	0.005154217403025891
CTD-2269F5.1	0.005153661048676812
RP11-369E15.3	0.005153357976139192
ZNF317P1	0.005152013843687525
RP11-462B18.2	0.005150681041843815
RP11-153K11.3	0.0051502853653516275
RP1-234P15.4	0.005148636201909145
KB-7G2.8	0.005148610240574474
N4BP2L2-IT2	0.005148591244707758
CTC-439O9.3	0.005148272764379522
RP11-10J21.3	0.005147251528079699
RP11-90J7.2	0.005146879807775022
TRBV5-3	0.005146842749060373
FBXO16	0.005146823044528929
RPS21P1	0.0051454799103878785
SKOR1	0.005145419262123691
AL109761.5	0.005145200561016406
CTD-2036J7.1	0.0051446425775488755
ZFP3	0.005144618920402063
LSM11	0.005144340169030258
RP11-448G4.2	0.005143904290374315
RNU6-1085P	0.005143549066952662
AC068522.4	0.0051428813780989985
RN7SL665P	0.005142155609120515
RP11-540N6.1	0.005141942480404811
RP11-61K9.3	0.005141914533129287
GAPDHP74	0.005141239167379852
RP11-340L3.1	0.005141091651001797
TMEM99	0.005141064575342816
HMGN2P19	0.00514095395328107
RP11-10K17.6	0.0051407625826674665
RP11-432J24.5	0.0051405355009533915
RP1-168P16.1	0.005140029465270024
FBXO33	0.005139904079196606
LINC01207	0.005139707558723554
RPL9P29	0.005139704281511965
ODF3L1	0.005138282417457898
RP11-817G13.3	0.005138272481747266
RP11-97N19.3	0.00513810560783028
RP11-1084I9.1	0.005137856012707744
RP11-44D19.1	0.005137786256302827
KLHDC1	0.005137615718990915
RP11-805F19.3	0.005137122404325176
RP11-83B20.7	0.0051364202867174346
DDX10P1	0.005135835747249207
MAST4-AS1	0.005135261661059594
RNU6-481P	0.005135084720278865
KRBOX1-AS1	0.005134891803820162
ZNF335	0.005134828382793968
IGLV3-12	0.005134463923788237
RNA5SP154	0.005133915273005278
HEATR1	0.0051337964699376395
RGL2	0.005133494467288586
PMM2P1	0.005133466810664207
LINC00106	0.0051328884415416266
SPIB	0.005132770364593633
RP11-2C24.5	0.005132182516020904
RP11-22L13.1	0.0051318622624789995
RP11-434C1.4	0.005131723676733354
RPL21P93	0.005131237579974238
RP1-309F20.3	0.005130981113918953
Y_RNA	0.005130445908326346
RPL5P6	0.00512999449544809
PINK1	0.00512974179913003
HLA-DRB1	0.0051293831853795775
RP3-437I16.1	0.005129213224935508
RP11-482L11.1	0.005128856220686994
RP11-672A2.5	0.00512717408114974
RP11-153F1.1	0.005125941701408197
KRT18P17	0.005125640358586939
LINC01164	0.005123987710593415
PPIAP15	0.005123463179973483
SRF	0.005122262429092644
AC023137.2	0.005122204190433715
AC073410.1	0.005122148092029258
RP11-156K23.3	0.005122101771682822
TPT1P14	0.005121783164333984
MFSD1P1	0.005121371119007346
RPL7P48	0.005121228732029555
RP1-72A23.1	0.005120752299082036
HIST1H2BL	0.005120562756693866
HCG4P5	0.00511983349881211
RP11-3K16.2	0.005119755241580158
SNORA81	0.005119505713667024
RN7SL752P	0.00511947731366257
RP11-15K2.2	0.005119344312890315
PWAR1	0.00511913795635771
RHEBP1	0.005118911913819974
MIR1305	0.005118788426595835
HYDIN2	0.005118696129705019
SNORD19B	0.005118430353554398
MTCO1P25	0.005118416326143513
RPS3AP6	0.005117354174796212
LINC00601	0.005116607351312178
RNU6-1005P	0.005115969518179824
RP11-485M7.2	0.005115926984021595
MTMR4	0.00511575986541182
RPL23AP92	0.005115723627288798
CTC-559E9.5	0.005113617571981857
AC016739.2	0.005113149803829
RNU6-520P	0.005112668431995797
SNORD116-4	0.005112593800533863
SETSIP	0.00511257533786253
AC011525.2	0.005112332796500541
RP11-78A19.2	0.0051116501013924506
RP11-79E3.1	0.005111585150686053
MIR4633	0.005111028462249247
RPL7L1P2	0.0051108717863569695
CTC-444N24.11	0.0051082966607434
Y_RNA	0.005107916712935056
OR7E130P	0.005107749456229767
RP4-620E11.8	0.005107500774351512
DUSP7	0.005107349515429022
MTCYBP28	0.005106894176889179
Y_RNA	0.005106691026950868
AC098828.3	0.005106484327709908
RNY4P14	0.00510645169364464
CH507-216K13.2	0.005106045731584633
KIZ-AS1	0.0051059241620429125
RP11-158J3.2	0.005105860932734028
CTC-325H20.4	0.005105122448310437
RNA5SP464	0.005104696145514721
RP11-477N3.1	0.005104495663779868
RP11-66B24.7	0.0051034706288208415
NUCB1-AS1	0.005102667297677263
RP11-243M5.3	0.0051024805504755145
RAB9B	0.005101363289738225
BZW1P1	0.005101342699431773
FRS3	0.0051013090993645305
RP11-449H3.2	0.005101027233608577
CTD-2583A14.11	0.005100733909852093
RNA5SP496	0.005100126008190579
SPCS2P3	0.005099784311808443
AC142119.1	0.005099510671220213
ARHGAP18	0.005099425079772526
RNU6-1154P	0.005099295359484363
OR1E1	0.005099203820017328
TAF1L	0.005098496680873802
AC023449.2	0.005098441863145209
RP11-10H3.1	0.005098374893113313
NMB	0.0050980789910596005
RP11-778J16.3	0.005097504292627999
RP11-791G16.5	0.00509573113212089
GJB4	0.005093802379509746
ANTXRLP1	0.005093591003622061
MSTO2P	0.005093218229132293
AC010240.2	0.0050927903148999965
RN7SKP251	0.005092675409483808
RN7SL834P	0.005092634875441554
RP11-265E18.1	0.005092546368641069
TDRD1	0.005092348478760811
RP11-341G5.2	0.005092020435985465
NHSL2	0.0050917046000924756
MIR219A1	0.0050912436725669445
RP11-356M6.1	0.0050905662857178595
RP11-88H9.2	0.0050901163356413094
CAPN14	0.005089884160902398
PAICSP4	0.005089866717479496
BPIFB9P	0.005088903919723076
PAIP1P1	0.005088424532824016
RP5-903E17.2	0.005088246447516603
C17orf51	0.005088156567867272
RP11-1258F18.1	0.005086496635274729
GS1-519E5.1	0.0050850620080573625
RP11-264J4.8	0.005084544816961958
GPX1P1	0.0050845210426463125
CTD-2655K5.1	0.005083981112900129
AL117190.1	0.005083626484783717
RP11-493L12.6	0.005083508356425368
GOLGA8VP	0.005083469789937417
WARSP1	0.005082725052313259
AC016716.2	0.00508145877219643
DDX52	0.005080908361383202
MPHOSPH10	0.0050804255179681375
MTND1P20	0.005080031074775316
RP1-81D8.5	0.005079883251635076
FLJ42969	0.005079769027228269
RP11-152O14.4	0.00507946479364917
RN7SL446P	0.005079184731917268
VPS4B	0.00507875604989652
TMEM151A	0.005078707063606983
AC007773.2	0.005078315736071186
RP11-119J18.1	0.005078089012313689
TRPV4	0.0050776476689822075
LINC01348	0.005076082306567621
AF011889.2	0.005075561187943791
RP11-545P7.9	0.005075374076995019
RPL12P10	0.005074926411264291
RP11-525E9.1	0.005074822839985525
RP11-168J18.6	0.005074781556493362
ANKRD63	0.005074469857583159
CTD-2532K18.1	0.0050740452250843775
AC098820.4	0.005073428237553787
AC005498.4	0.00507329055572902
RP11-157F20.3	0.005071985748240272
RP11-371I20.2	0.005069930627393324
RP11-220I1.2	0.00506979495817181
RP13-401N8.3	0.005069776506554674
RP11-440D17.4	0.005069274780060541
PRTN3	0.0050692476352166265
AP000866.1	0.005068567015713333
RP11-227D13.5	0.005067885655507802
SNORA5C	0.005067650014653739
RP3-523K23.2	0.0050674545967380425
ACTG1P1	0.00506717020886213
RP11-480C22.1	0.005066295085149604
RCC2P8	0.005066107360941753
LMBRD1	0.0050659886379613925
RP11-343H5.6	0.005065935340822869
RP11-1E4.1	0.005065907540829958
AC055733.1	0.0050657373031805075
BCL2L12	0.00506510605583428
CTD-2292M16.7	0.00506497651722671
RP11-401N16.2	0.005064534055627779
AMY2B	0.00506445602391122
NCBP2L	0.0050637829292733945
CTC-265F19.3	0.0050635083070213185
PTTG2	0.005063397752661881
KRTAP9-8	0.005063396700119316
RNU6-509P	0.00506307316827603
MIR346	0.005062285125651628
FOXI1	0.005061960136028529
RP3-332B22.1	0.005061503862221106
AKR1C8P	0.0050609126691607605
LL22NC03-86D4.1	0.005060822940497517
NAPA-AS1	0.005059812379445912
CTC-457E21.5	0.005057720974724776
RP4-605O3.4	0.005057673745873275
AP006621.9	0.005057493267096319
IGHV3-63	0.005057398268401529
RP11-205A8.3	0.005057257481736105
CTD-2311M21.3	0.005057074114739562
LINC00159	0.005055767860392363
RP11-415D17.3	0.0050556300945017035
BRI3P1	0.005055461891023953
RP11-197P3.5	0.0050548468471038385
RP11-10G12.1	0.00505477823945502
RP11-714G18.1	0.0050540857832166814
RP4-735C1.4	0.005053819981794888
RP11-354P17.15	0.005053733879148709
RNU6-1165P	0.005053504662735751
FAM163B	0.005053486327520269
GCM2	0.005053388225321442
C1DP3	0.005052616600993079
RP11-333E13.2	0.005052216027851437
RP11-27I1.6	0.005051835048365355
AC096574.5	0.005051645682513502
RPS20P2	0.005050257471273926
MIR4417	0.005050201491496771
RP11-192H23.5	0.005050180381479262
RP11-142C4.6	0.00504960723244637
CTD-2013N17.7	0.005049340485942693
RP11-554D20.1	0.005049094356577719
AC005104.3	0.005047656015044565
GEM	0.005046338575696707
CHDH	0.005045380655185006
MIR5092	0.005044646267681725
RP3-468B3.2	0.005043406566991051
RP11-480I12.2	0.005043068563068049
CDPF1	0.005043042018854706
CTC-559E9.12	0.005042996624026327
SOWAHB	0.005042785096940862
GLIS3-AS1	0.005042771921347685
RP11-133K1.8	0.005042259758178339
Y_RNA	0.00504155272526187
RN7SL775P	0.005041439935055246
RP1-225E12.3	0.005040154001986046
HSP90B2P	0.005039830676153988
RP11-1079H9.1	0.005039733228634837
SNORA31	0.005039182264381314
MFAP1P1	0.005038934046017014
RP11-274B21.2	0.005037950215650745
CTD-3116E22.6	0.005037907088114437
REM1	0.005037806957833505
DNAJC19P9	0.005037466220710741
PRKX	0.005037183924852569
RXFP2	0.0050371305835384475
MKRN1	0.005036447360017223
DKFZP434H168	0.0050356608736594685
SNORD114-30	0.005035606318027917
CSNK2A3	0.005035568272490234
RP11-216L13.17	0.005035497637593324
CTD-2616J11.10	0.0050343448055177
RP11-462G2.1	0.005034248128457118
RP11-120I21.3	0.005033651650292571
AC019172.2	0.00503284763974621
RP4-742J24.2	0.005032724980143581
OLA1P1	0.005032717214446263
MYHAS	0.005032613052566051
HLA-E	0.005032597722231665
LINC01344	0.005032571278929992
CTD-3060P21.1	0.005032374790653375
TCF21	0.005032229918292294
HDGFP1	0.0050318597925807585
GALNT4	0.005031189113675117
CD27-AS1	0.005030951560996345
MIPEP	0.005030033177016677
HNRNPA1P50	0.005030007906717467
RPS6KA2-AS1	0.0050288367436906985
RNASE7	0.005027404561730752
SCD	0.005027231183938918
RP13-516M14.8	0.005026986160424336
NUP210L	0.0050257951559754535
RN7SL337P	0.0050239863105860484
AC025918.2	0.005023966970433654
RP11-316N24.2	0.005023463569510485
OR2T10	0.005022226194549077
CHIAP3	0.0050221741191578346
RP11-68L18.2	0.005021759596253427
PADI6	0.005021470596891484
CHCHD6	0.005020732903051371
FEM1AP2	0.005020532676371513
RP11-16L21.7	0.005020433960417548
ABCC5-AS1	0.005019364230690542
RPL7P16	0.005019165110291669
RPS10P27	0.005018624544959273
MIR4655	0.005017837482307585
RP1-278E11.3	0.005017125015306879
RPS3AP46	0.005017110645419719
RNA5SP284	0.005016862063607655
RP11-34P1.2	0.0050164547209087165
EEF1DP4	0.005016300648736346
UNQ6494	0.005015958835841526
SNORD116-2	0.005015256925239659
ADGRD2	0.005013507601035788
RP11-366M4.18	0.00501321198849625
AC007238.1	0.005012329590102071
RP11-452K20.1	0.005012306831757401
AC012358.8	0.005010943276512538
BCAR4	0.005009895188873586
FAM174A	0.005009750785827392
RP4-799P18.3	0.005007132735543292
Y_RNA	0.005007086555353291
B3GNT8	0.005006351777560237
CITF22-49D8.1	0.005006343544356356
KB-1410C5.4	0.00500543740423327
ZNF408	0.005004864932508307
MGC45922	0.005004046068007389
GHET1	0.0050035819283404245
CTD-2506P8.6	0.005003524399170296
RP11-420H19.3	0.0050034991691930075
FAM229B	0.005002325106242768
LIN54	0.005001324126841039
WI2-80269A6.1	0.005001253010933401
RP11-572C21.2	0.0050005557654825145
IGKV3-11	0.005000445379803091
HAUS6P1	0.005000233075803966
Y_RNA	0.004999562097591382
RP1-177A13.1	0.004999066439624346
CTD-3233P19.7	0.004998697370817959
CDC73	0.004998577927901729
RP11-429E11.3	0.004998552409480165
CTB-162E12.1	0.0049984535176946865
RPSAP62	0.004997814569347416
RPL23AP3	0.004997555110318619
MME-AS1	0.004996629401759946
RPS19BP1	0.004996222602129478
PCDHB12	0.004996160548727189
ST6GALNAC2	0.004996151568718227
AC013472.4	0.0049953734983889785
CTD-2270P14.1	0.004995139260139109
RP11-428O18.6	0.004995103746897339
RP11-574K11.5	0.004994324729014108
SYNPR	0.004993911277860046
GPR143P	0.004993486650554343
MIR6775	0.004992999854848965
RNY3P8	0.00499263779937428
ZBTB24	0.004991653659171684
RP11-93H12.3	0.004991500214581939
RP11-348H3.2	0.004991146510414948
TRIM52	0.00499105786151404
B4GALNT2	0.00499032063130859
ASCL5	0.004989856173473811
CTD-2545G14.6	0.0049891386488713834
RP1-313L4.4	0.004988976604003425
SLC17A7	0.0049889406850368734
CLEC4D	0.0049885262209993855
LA16c-359F1.1	0.004988471702958208
RNU6-228P	0.004987966117177683
RP11-696N14.1	0.00498773781996672
RP11-549L6.2	0.004987731400499266
RP11-758P17.2	0.004986947096927675
FAM200A	0.004985616733649598
RP11-420O16.2	0.0049854368916732485
SNORD81	0.0049850192539145155
MIR129-2	0.004985011321401559
PARP4P2	0.0049849948564638855
RP11-54O15.3	0.004984917134259274
RNA5SP151	0.004984817250812053
RP11-817J15.3	0.004984755352297824
RBM19	0.004984690537871443
MIR4513	0.0049846801695905526
SPATA3-AS1	0.004984496295456953
RPS26P52	0.004984447449139926
AC092580.4	0.004984088782599928
AC002550.6	0.004983885368844909
AP001468.58	0.0049835601486791755
WTH3DI	0.004983244694724425
ABCC6P1	0.004983227087463497
CTD-2227E11.1	0.0049827830899210135
CTC-559E9.9	0.004982517181494865
RRM2P2	0.0049825065764232904
WNK3	0.004980989217310514
RP11-258C19.7	0.0049807863968525535
MIR548AR	0.004980229749867558
RAB6B	0.00498020971084114
RP1-151B14.9	0.004979950259762588
RP11-525G12.1	0.00497903739870249
GLTP	0.004978921406007173
RNU2-7P	0.004977579907017935
HNRNPA3P3	0.0049775416500993
RPL13P2	0.004977210042053232
RP11-296C13.1	0.0049766365708901585
KB-67B5.12	0.004976057366265263
AC009413.2	0.004975764030424551
RP11-380I10.2	0.004975628589813787
RP5-1165K10.2	0.004974967709100543
MT-TM	0.004974716077929008
RP11-182J1.10	0.00497450727060233
AP001350.4	0.00497333435096891
KNOP1P5	0.004972876653969313
RP11-351N6.1	0.004972413114813197
RP11-674P19.2	0.004972321338559843
RP11-621K7.1	0.004972067153170619
TMEM62	0.004971931659789548
RP11-96O20.4	0.004971692374848498
CTA-276F8.2	0.004971145310773653
AC005009.1	0.004971048593522242
BPIFB1	0.004970906942746578
RPL14P3	0.0049705546420847615
RP3-423B22.5	0.004968696276955979
SYP	0.004968613796126793
AC067969.1	0.004968557346046678
IGHVIII-38-1	0.0049677575930401
GLIPR1L1	0.004967737825936718
U3	0.004967075092428613
RP11-2B6.2	0.004966559560536239
MIR298	0.0049659971074152735
RP11-80H18.3	0.004964941407719128
NRAV	0.0049647887580058486
RNU6-1246P	0.004963619715749043
CTD-2228A4.1	0.0049634118800740545
RP1-251M9.3	0.004960937910654038
RPL21P1	0.004960810949037193
AP000867.14	0.004960788881216323
TMED10	0.004960471108188993
LSM14A	0.0049601107845257284
IGHV4-39	0.004960065129515899
RP11-261C10.5	0.004959805525669048
MTCYBP4	0.004959550108280464
RP5-1021I20.1	0.004958842112469293
STAT5B	0.004958684124221705
MTBP	0.0049585208561878326
RP13-297E16.5	0.00495805639102039
LINC00664	0.004957550604410849
RPL7AP73	0.0049569920349129964
MIR378D2	0.004956619983780958
RGAG4	0.004955339108054786
RP11-255E6.6	0.004954611824202993
OR7D2	0.004954308930061917
RP11-316O14.1	0.004954080595467323
TYMSOS	0.004953983327528681
LINC01605	0.004953425357295993
RP11-15P13.1	0.004952841733323366
AC002331.1	0.004952378511699806
RPL5P27	0.004951119793880043
HSD3BP1	0.004950528995764502
CTC-510F12.3	0.004950504309717003
RP11-1191J2.5	0.004950131172403749
RP11-460H9.1	0.004949767956372614
MMP11	0.004948745964473465
DENND5B-AS1	0.004948361984864322
ZBTB20-AS4	0.004948274914393563
RP11-760D2.5	0.004947960836808575
SLC30A1	0.004947881242305543
SNORD116-17	0.004947472585103096
RP11-80I3.1	0.004946440087385048
RP5-1186N24.3	0.004946425465620644
RP3-426I6.6	0.004946284129133218
RPSAP61	0.0049457278551408666
RAG1	0.0049456611046186936
RPS2P28	0.004945648408295917
RNU7-49P	0.004945485636407567
MAPKAPK5-AS1	0.004945079862376261
TRIM42	0.004944973051803094
RPL12P29	0.004944904091933081
PIGW	0.0049441897999195645
RP1-63G5.7	0.00494378922221902
TMCO2	0.004943770334716388
RP11-234B24.2	0.004943517839856122
ATF6	0.004943224075294606
HSPB8	0.004942897630703278
RN7SL368P	0.00494272169995798
RP11-781M16.2	0.004942285377619516
RP13-638C3.2	0.004942154544518139
PCAT6	0.004942154372571299
AC011933.2	0.004941639141103522
RP11-1026M7.2	0.0049412616881789355
TOMM22	0.004941106716446711
LINC00390	0.00494085751660508
TP73-AS1	0.0049406656846440345
RP1-67A8.3	0.0049400715167988
CTB-186H2.3	0.004940034153820068
FAM46B	0.0049399167902849875
AC104534.3	0.0049397571135374515
FAM187B	0.004939654382785431
CTD-2651B20.4	0.004939041574525454
AP001065.15	0.004938717849073455
ENOX1-AS1	0.004938179271088713
RP11-334E15.1	0.004938074096237713
SNORD77	0.004937478779993776
RP11-712L6.7	0.00493726490734902
ZFR2	0.004936787627590849
VDAC1P11	0.004935790022683743
SNORA51	0.004934555288442167
RP11-677M14.7	0.004934535567316515
SNORA63	0.004934317069419036
IGLV3-24	0.004934291568537849
GPR22	0.004933870678487191
RP11-104E19.1	0.0049334328817012794
AC104076.2	0.00493331395669066
AGTR2	0.004933279906190085
LINC00239	0.0049332380289302214
THEM6	0.004933027226427725
RPL17P22	0.004932315118610899
TRIM26BP	0.004932301936188463
RWDD4P2	0.004932184855966042
RP11-543C4.3	0.004931900786757887
CPEB2-AS1	0.004929841358006529
RP5-823G15.5	0.004929719799711764
ZNF749	0.004928930970654114
snoZ196	0.004928840567012991
ZDBF2	0.004928138252168763
CTD-2373H9.3	0.0049278431087305995
AC002116.8	0.004927617810586139
AC012506.2	0.004927073223365501
SRPK2P	0.004926883493184299
RP11-348F1.3	0.004925865020640362
MTCYBP13	0.004925801584950899
SNORD115-40	0.00492542629303639
RP11-108P20.4	0.004925243103899085
PIP	0.004925117405549286
LINC00643	0.004924456754269423
RPS4XP2	0.0049243695705483
HSFY3P	0.0049239064846219194
RP11-463O12.5	0.004922540856851106
MIR762HG	0.004922313580341068
RP11-267M23.1	0.004921280966132006
MIR6762	0.0049204929928049375
CATIP-AS1	0.004920128684640047
NETO2	0.004919361785054657
RPL6P27	0.0049187205866090475
RN7SL403P	0.004917681028399792
CTB-49A3.2	0.004917069034367682
RP11-552D4.1	0.004916986515889028
TRIM52-AS1	0.004916209835174844
RP13-895J2.10	0.004916090956371155
RP11-157J24.1	0.004915878578728585
RIT1	0.004915709838745135
RNU4-28P	0.0049145425965287926
AC133680.1	0.004912953594853136
RP11-767N6.2	0.0049128532968061925
FAM45BP	0.0049125710053117425
MYCBP2-AS2	0.004911396349771249
SLC35G3	0.004910812276421974
IGLVI-56	0.004910795168936018
RP11-557L19.1	0.004910623102075336
RP11-350D17.3	0.004909949693711971
RP11-462G12.2	0.004909844161530645
AC109631.1	0.00490950622662313
AC007679.4	0.0049093431940922
MIR621	0.004909219857763925
RP1-209A6.1	0.004908469693404218
RP11-707M1.7	0.004907902424100603
CTA-972D3.2	0.0049076142204379225
RP11-788M5.3	0.004907495468970608
MRPS10	0.004906801742890406
RP11-138I1.3	0.00490632302379017
U3	0.0049052342520534776
UBE2Q1-AS1	0.004905076731223116
ZNF528-AS1	0.004904879452496543
Y_RNA	0.0049047013385171995
RP11-499E18.1	0.004904544602775455
YAP1P1	0.004904530044099151
BYSL	0.004904296155990797
CTD-2147F2.1	0.004904235589495826
KCTD13	0.004904184512522502
SETP2	0.004903290060760431
TYRO3P	0.004903129126063238
NAIF1	0.004902965943295531
PCDHB18P	0.00490251353127037
RAB3A	0.00490251094824214
RP11-762H8.3	0.004902492154075787
AC007040.6	0.004902443665066716
PABPC1P4	0.004902411473138117
SH3RF3-AS1	0.004902035327930157
RP4-541C22.5	0.00490173981779395
CTD-2207P18.1	0.0049016187194473055
DAXX	0.004901134779928881
RP5-892K4.1	0.004900730361595088
RP11-478C6.4	0.004900188324703112
Y_RNA	0.0048995629033354296
AC007115.3	0.004897936643840666
RP11-804N13.1	0.004897443123272951
RP4-635A23.6	0.004897162933670942
IGHA1	0.0048963040376680264
RP11-41L14.1	0.00489470928981418
LINC00635	0.004894154547257117
ZNF969P	0.004893772891832708
OR2L1P	0.004893646014210241
MOCS1P1	0.004893171359481983
RP11-667M19.9	0.004892955703679179
ZSCAN1	0.004892871027761899
RP11-154H23.3	0.004892561250794404
GADD45G	0.004892377496919507
PPIAP6	0.004892363439551096
HNRNPH1P1	0.004892258841864785
SNORA15	0.004892077935156931
RP11-295K2.3	0.004891529764854436
HIGD1AP5	0.004891500864768499
YRDCP2	0.004891477889742564
RP11-69J7.1	0.004891370966777132
RP11-403D15.1	0.004891226070195787
RP11-490B18.5	0.004891008122633432
H3F3BP1	0.004890902878492945
CTA-250D10.19	0.004890545066274625
FOXQ1	0.004890050728339817
RP11-418H16.1	0.004889863921195144
RP11-135F9.4	0.0048897906799208486
RNA5SP394	0.004889385152298779
LINC00623	0.004889295750080767
AMN1	0.004889220792429514
C9orf147	0.004889127454836537
DDX50P1	0.00488875097231599
SLIT1-AS1	0.004888257117478806
LINC01569	0.004887818186879442
RP11-159H10.1	0.004886628573563348
HCAR3	0.004885370977749027
GDF9	0.004883543100426643
ENSAP2	0.004883051413082525
RP4-580N22.2	0.004882955901151856
RP11-972P1.11	0.00488216349000687
LINC00324	0.004881766578594538
UBAC1	0.004881677943390242
RP11-771K4.1	0.004881524814999845
RP11-717A5.1	0.004881522384535293
MIR4668	0.004881296508141419
RN7SKP192	0.004880616213767679
AC002985.3	0.0048803328118580324
AC079776.1	0.004880236699371321
CTB-47B8.1	0.004879925853112472
RP11-545M17.1	0.004878171629301376
RP11-127I20.8	0.004878003209460644
RP11-379L18.1	0.004876392105329571
RP11-61J19.5	0.004875926403808018
AC079610.1	0.00487562168279491
ANKRD34A	0.0048754942957459375
CHP2	0.004874692843566839
RPL23AP43	0.004874453418071271
COX6CP16	0.004873805543677484
AGR3	0.004873486476319175
RP3-523C21.3	0.00487289817015131
GJD4	0.004872311145761277
NDUFA7	0.004872222371924921
BMS1P8	0.0048721461326462325
LLNLR-276E7.1	0.0048720012577293725
RP11-82L20.1	0.004871624844044302
U2AF1L5	0.004871585198694286
BTF3P14	0.004871454963163849
CTD-2587H19.3	0.004871132864715737
MIR6780A	0.004870160815424325
BMS1P1	0.00487012156808852
CTD-2647L4.1	0.004869797829149394
PRR34-AS1	0.004869637667165644
RPL21P129	0.004869453419307538
DSCC1	0.004869350028131007
RNU2-15P	0.004869325569619341
TSR1	0.004868606075006267
ATP6V1G2-DDX39B	0.004867944112460328
ALPP	0.0048678325556738055
RP5-882O7.4	0.004867395086749415
ZNF716	0.00486716958748215
RP11-91P24.5	0.004866363237172273
AC073284.4	0.004866314665892444
GOLT1A	0.00486563522331661
ZNF736P9Y	0.004865380505008737
RP11-314B1.2	0.004865096611691056
AC078851.1	0.004864877005994257
DOCK9-AS1	0.004864159688918237
AL357140.1	0.004863864967113878
LDHAL6FP	0.0048637354220425885
RP11-455B3.1	0.004863317520298779
RP11-338N10.1	0.004863300711202997
RP11-278L15.6	0.004863022517558057
RP11-449D8.1	0.004862530415023334
IFI27L1	0.004861485925540608
TPI1P2	0.004861072941270225
LINC00608	0.004860935309703782
LINC01108	0.004860931906995184
NPM1P32	0.004860650603642843
CA11	0.004860567576173553
METTL12	0.004860280114497556
UBE4A	0.004860148521124575
LINC01586	0.004859915328796621
LINC01612	0.0048599001830952285
MIR661	0.004859122626703877
RP11-498D10.8	0.00485894444558264
AC006116.19	0.004858112200335296
PHF5A	0.004857789990794128
NSMCE2	0.004856061453132444
RP11-446E9.1	0.004855911643030486
SNX2	0.0048555391055679275
RP11-379B18.6	0.00485500313411807
RPL35P3	0.004854270310951703
RP11-680L20.1	0.004854219519358837
RP11-356J5.13	0.004854162155071964
RP11-17E13.2	0.004854053306499654
LAMP5	0.004853765807715567
Metazoa_SRP	0.00485300411104893
RP11-111M22.2	0.004852958557467378
RP11-452J21.2	0.004852795418333686
RP11-405F3.2	0.004852628611401355
ZYG11A	0.004851742650393869
GS1-166A23.1	0.004851616245915354
MIR130A	0.004851490653299696
DDC-AS1	0.004851274298565564
RP4-580O19.2	0.004851176307512534
CIB3	0.004850365680599499
MIR3939	0.00485020900271865
SCN3B	0.00484993174319119
LINC01012	0.0048498674054271
Y_RNA	0.004849632147427072
NPM1P35	0.004848424909646222
RP11-343L5.2	0.004848196789024507
MIR6071	0.004848160914443969
AC027612.6	0.004847947579727351
RP11-133N21.7	0.004847018134965607
KB-1440D3.14	0.004846416013247401
CTC-250I14.3	0.004845002184788727
RP11-319G9.4	0.004844908618653091
ZNF724	0.004844790239607831
RP11-166B2.5	0.004844618284168325
CTXN3	0.004844279805274631
PCDHB15	0.004844216249477965
ZNF77	0.004844042360569443
PRR13P5	0.004843994063869832
RNU7-171P	0.004843050680792839
RP11-3B7.7	0.004842605019185106
Metazoa_SRP	0.004842569184109691
RNA5SP493	0.004842519721002711
OR2BH1P	0.004842455985987922
MTND1P10	0.004841709015138311
SLC41A2	0.004841503542258609
ZMYM1	0.004841226920051763
Metazoa_SRP	0.0048411618598166615
ZBED3-AS1	0.00484114619975416
Y_RNA	0.0048410795476099945
RP11-83M16.5	0.004840693006670711
RP11-93G5.1	0.0048402855906231855
RP11-269G24.4	0.004840089771319433
RPL5P8	0.0048400024583609685
RP11-62H7.3	0.004839709808321609
SNORA31	0.004839266170380253
RP11-506K6.4	0.004838569473776381
TSSK5P	0.004837255545567541
ZNF885P	0.0048371100157956655
RP11-70O5.2	0.004836913472695668
LINC01473	0.004836462612411048
FAM166A	0.004835142399309677
RP5-1055C14.6	0.004835032033060579
RP11-476C8.2	0.004835005713150017
TOMM34	0.004834964391090692
APOH	0.00483460264853008
ETAA1	0.004834560517067203
L34079.4	0.004834465075725213
RP11-334E6.2	0.004834101450785541
AP000361.2	0.004833898899462029
RN7SKP285	0.004833845402766911
RP11-386G21.1	0.004833060480109894
RPL23AP55	0.004832885771747306
EMC2	0.004832858773185453
RP4-791C19.1	0.0048323183961104
MIR3908	0.004831856507800986
RN7SKP276	0.004831795016282099
RP11-517P14.2	0.004831592403647584
AC022182.1	0.004831467367228372
AC007362.3	0.004830482474277195
AC004692.4	0.004830324471154524
RNU6-1055P	0.004829932480742509
SLC43A1	0.004829579666128662
RP11-667K14.9	0.0048291826785113595
SSTR4	0.004828728630055553
RP11-955H22.4	0.004828447006538903
SPTLC1P1	0.0048276356271983005
KSR1P1	0.004827596029020644
C21orf62-AS1	0.004826373844246604
RP11-363D14.1	0.0048263249114676166
CTC-270D5.2	0.004826299193775988
XKR5	0.004826222479949382
LTB4R2	0.004825714052309418
GSTA2	0.004824671046870105
RP11-751K21.1	0.004823639844962456
RP11-6O2.4	0.0048232768642592965
RP11-143A12.3	0.0048230392028285355
LINC01621	0.004821830268434377
RPL17P44	0.0048213715155718895
SPNS2	0.004820390205658045
MIR4299	0.004820151352029087
RPS5	0.004820111919007405
RP11-15M15.2	0.0048187274160167845
RP11-313D6.3	0.004817805789353665
TET2-AS1	0.004817315207366128
CLDN6	0.004816845002752113
ZNF497	0.004816360113567874
RP11-131L23.2	0.00481634942245244
FAM8A4P	0.004816093471448311
FAM90A1	0.004816037367861192
LINC00254	0.004815640059099864
CTD-2256P15.1	0.004815348983247346
RP11-536C10.12	0.004815195064523171
FBXL4	0.004815104516284179
TRAJ23	0.004815019028614145
CTD-2659N19.4	0.004814697051437268
RP11-14K3.7	0.004814516321266936
ENPP7P5	0.00481406311354593
CTD-2193P3.1	0.004813994227846585
CCDC117	0.004813984272603324
JSRP1	0.004813067221501593
PDIA3P2	0.004812942342472893
RNU6-179P	0.004812628535176687
ABHD13	0.004812445528449732
SOCS6	0.004811342980322765
RP11-678G14.5	0.004811338136715454
TNRC18P1	0.004811162714045526
RPL21P65	0.004811090586810492
SACM1L	0.0048110124502964155
RP5-1103B4.3	0.004810778778307977
LINC01623	0.0048106000985089
CALY	0.004810473160713001
EEFSEC	0.004810297805462305
AC024937.2	0.004810226068108019
HIST1H2AH	0.004809215964156154
STRADA	0.004808179461665989
GFOD1	0.004807813236670659
NACA2	0.0048077183276813845
RPL21P127	0.004807709954666272
LINC00662	0.004806712400559639
SUZ12	0.004805596785294899
CCL24	0.004805277135147979
RP11-301G21.1	0.004805194483507902
RP11-299L17.1	0.0048047224853623085
PSAPL1	0.004804662702089404
GNG3	0.004803901734345787
UBE2Q2P6	0.004802792601520283
SNRPGP4	0.0048021991198006035
SERPINB10	0.004801714975145655
C16orf87	0.004801693641412531
RP11-90H3.1	0.004801409442322524
CTD-2574D22.6	0.004801343227569321
AL157359.4	0.004801311540172793
RP11-398K22.12	0.004800933571317924
AC138472.6	0.004800925730919722
AC018766.6	0.004800706882419205
NFATC2IP	0.004800673248784511
LINC00342	0.004800571745277633
RPL8P2	0.00480029683573304
CTD-2292M16.8	0.004799934405942106
IFNL4	0.004799851928036184
IGLV7-43	0.0047992822553718775
RP11-519G16.3	0.004799218770586621
FCGBP	0.004799203571531752
SRP9P1	0.004798472211955331
RP1-58B11.1	0.004798198678528666
RP3-446N13.1	0.004797970297417938
RP11-271K11.1	0.0047979163016223575
RP11-219B17.3	0.004797761044591587
C2orf16	0.004796974539337094
PGAM4	0.004796849773757609
LINC01160	0.00479663542152581
CTC-559E9.1	0.004796405534833536
CTB-31O20.2	0.004796081814479057
MIR4270	0.004794943616263245
RP11-846F4.6	0.0047947841567359
TYW1B	0.0047941052346596414
MIR597	0.004794023092232115
ANXA9	0.004793736877216104
PBX2P1	0.0047934980740633295
RP4-758J18.2	0.004793228482546308
MTCO1P12	0.004792679625064855
U47924.6	0.004792258971475775
RNU6-528P	0.004791396075524575
CTD-2017D11.1	0.004791268707613712
FKRP	0.0047912130296070285
C5orf51	0.0047911004722575486
AC004471.10	0.004790666346467364
AP000697.6	0.004790498429535742
ZBTB43	0.004790363204829417
AC005105.2	0.004789685620417054
SI	0.004789393662711742
AC007618.3	0.004789066097608889
CIB4	0.004789002589802368
MIR3192	0.004788911690152108
RNA5SP146	0.004788910393208635
COPRS	0.004788479204868334
SAMMSON	0.00478827128865988
VENTXP6	0.00478801908374562
RP1-118J21.25	0.004787723883071566
TRIM51DP	0.004787685149514129
RHNO1	0.00478761081749429
RP11-138H8.8	0.004787528121247404
TMPRSS11F	0.004787406716838379
CFHR1	0.004787202796233327
SCTR	0.004787169312841089
MIR573	0.00478695493871753
SNCB	0.004786439583900376
IGKV3-7	0.0047860232332641636
RNA5SP247	0.004786017087175662
UNC93B3	0.004785653184470902
RPL24P4	0.004785647482849919
C1orf216	0.004785026476151539
PGBD5	0.004784984284829323
HPCA	0.004784848284098282
CICP13	0.0047840500057068
PTX4	0.00478396950073935
RP11-1081L13.3	0.004783752583075249
COL6A4P1	0.004783752521944565
CTD-3051D23.1	0.00478296386527757
RP11-219J21.1	0.004782393863379638
CADM4	0.004782074924444393
RP11-138H11.1	0.00478096128009398
CCRL1P1	0.00478071405760462
PPP1R26P1	0.004780524112682133
FARSA-AS1	0.004780409400775502
AC005592.3	0.004780397488697994
RP3-425C14.4	0.004780230479333326
EIF4A1P6	0.004779931811056647
AL109763.1	0.004779753747278584
EEF1A1P14	0.004779100306299592
SNORA25	0.004778956806932646
RP11-612B6.2	0.004778597778108609
CTC-482H14.5	0.004778321068331397
CACNG8	0.004778139571099468
ABT1P1	0.004777403590353241
CTA-313A17.5	0.004776834701283673
RNU6-181P	0.0047768187977042294
CTD-2152M20.2	0.004776057140218671
LINC00870	0.004775953604455856
CYCS	0.004775062149280553
ATP1A1-AS1	0.004774839829951376
INSL3	0.00477459423155815
KRT18P32	0.004774311914853411
RP11-370F5.4	0.004774274209595969
IFNA11P	0.004774021637945053
GS1-124K5.2	0.004773265859895841
C1orf228	0.004772583313858094
RNU6-1208P	0.0047722423694290216
RNU1-85P	0.0047712165553442775
IGLV10-54	0.004771118983907698
RP1-95L4.2	0.004770528165653326
PPP2R3C	0.004769788647304177
EIF1AY	0.004769603000092026
RP11-328J14.2	0.004769126441509427
CFAP44-AS1	0.004768780315229323
TAS2R7	0.00476808196341287
RP11-216N14.5	0.004766651041369092
XXbac-B444P24.14	0.0047666035231815965
OR1M1	0.004766093397476155
ZNF543	0.004765638368774595
RP11-615J4.3	0.004765214098814512
PDP2	0.004764770085992228
ANKRD36BP2	0.00476412481850541
RP11-7G12.1	0.004763884729327289
MIR3613	0.004763488390533432
RP11-358D14.3	0.004763291290095265
RP11-803D5.1	0.004761986845866544
RP11-644F5.11	0.0047619473652126335
RNU6-611P	0.004761468595248885
RP5-821D11.7	0.004761034195950095
CTC-499B15.5	0.004759699912024686
RP11-158M2.2	0.004759248671371106
AC012074.2	0.0047590602316248025
SMPD2	0.004758973868940884
RP11-302L19.3	0.004758855504484049
RPL37A	0.004758584163863658
BRD7P4	0.004758195043110413
SUCLA2P2	0.004757999173929101
RP4-736H5.3	0.004757367654938778
RNU6-316P	0.004757027844672222
RNU6-965P	0.004756840248970433
RCC1L	0.004756177211267538
SMURF1	0.004755906228176152
CTD-2553L13.9	0.00475574887408833
RP11-87O11.1	0.004755421893212863
KB-1732A1.1	0.004755240758261537
RP11-245D16.4	0.004755013463375731
KRT18P64	0.004754601339371405
CORO1C	0.004754344474967505
MTND5P14	0.004754318828565593
PSMC1P1	0.0047542691178886435
ZSCAN5A	0.004753919202254233
RAET1E-AS1	0.004753787975126333
AC005943.2	0.00475330115534277
RP11-326I11.3	0.004752999124079029
MIR4457	0.004752970751800962
CTSV	0.004752938284828168
NUFIP2	0.0047528320705891094
RP11-386G11.5	0.004752552301286364
HNRNPA1P27	0.004752309896256975
CTD-2017F17.1	0.004751704259123093
RP1-257C22.2	0.00475170037596824
ZFP82	0.004751116014708004
MAIP1	0.004750691437465756
AC096579.15	0.004750553929953893
SLC32A1	0.00475025098243389
RP11-30K9.6	0.004749909265546091
RP11-584P21.4	0.004749622417891708
SNORD113-9	0.004749545088029173
MTND2P9	0.004749497969271889
RP11-756A22.7	0.004749310791983393
KRT8P12	0.00474928098380103
AUNIP	0.004749149130633805
AKAP8P1	0.004748344013896873
DUSP1	0.0047482223025255305
RP11-151H2.3	0.004747916169952114
MIR6719	0.004747755389644886
CTD-3193O13.1	0.004747743946202662
KRT8P9	0.004747520274429429
RP11-320M2.1	0.004747201091074241
CHST4	0.004746585751292766
SNORD114-7	0.004746472838966454
RP11-739N10.1	0.004746195646648577
RP1-228H13.1	0.004745424828411565
CRAT37	0.004744792115092429
FAAHP1	0.004744751503622537
Y_RNA	0.004743946822209181
AC139100.4	0.004743908263719419
DNAJB1	0.004743796173372028
RP11-434H6.2	0.00474327580938968
SULT1C4	0.004742965988944614
CTC-265N9.1	0.004742902100407449
RP11-665C14.1	0.004742358076275993
RPL10AP6	0.004742023485432517
RP5-1041C10.3	0.004741988331645801
FAM66B	0.004741956667892422
LRRC14	0.004741849884106918
RP11-196G11.5	0.004741557754732506
AC133633.1	0.00474137835140799
MISP3	0.00474111869636739
EIF3H	0.0047409069048817655
IGFALS	0.004740364435834547
RP11-576C12.1	0.004740275847350897
SNORA67	0.0047391717209136364
GREM1	0.004738567607585563
LINC01347	0.004738062898269249
RP11-1042B17.3	0.004737492328900334
RP11-775H9.2	0.00473745001711256
SCOC-AS1	0.004736740273840843
RNU1-67P	0.004736153880189055
SLC35B4	0.0047358130180387955
HELB	0.004734875054766486
LINC00656	0.004734519407487424
RP11-885N19.6	0.004734464062891734
RPL17P34	0.004733418813350818
AC015849.2	0.004731981231790681
RP11-519G16.2	0.004731396465181393
RP4-655J12.4	0.004731235642944609
RPS5P3	0.0047302852988352915
SCGB1D5P	0.0047301099227119265
BSPH1	0.00473006700154978
CPO	0.0047300141583283386
RP11-600L4.1	0.0047298327587932485
ZNF611	0.004728690837195011
MYADML2	0.00472781466796609
MIR339	0.004727703882762444
CHRAC1	0.0047264011147765414
CTD-2574D22.4	0.004725844718016603
RP4-647J21.1	0.004725777628351532
RP5-1096J16.1	0.0047255512136330806
RP11-337C18.8	0.0047250386920680365
SCARNA11	0.004724297281691704
RP4-621B10.8	0.004724057325166551
OR51K1P	0.004723824496802746
RP11-529H2.2	0.004722944267110546
PPP1R11	0.004722627892274329
RP11-213G2.5	0.00472222277381617
RPL7AP53	0.004722129744155782
RP11-789C17.1	0.004721788680267393
DUXA	0.004721474648070719
TMEM184C	0.004721316488195056
RP11-174G17	0.004720685383629077
LINC01606	0.004720649545065288
IGHV3-33-2	0.004720403933498141
RP11-434P11.2	0.004720020270179546
RP11-147L13.7	0.004719461161518135
RP11-338H14.1	0.004719126505811321
RP11-73B8.2	0.004719058785314344
FAM83H	0.004718765003340534
MIR1255B2	0.004717780913183976
RP1-95L4.4	0.004717522372018973
LARP1P1	0.00471751371993485
CTD-3214H19.16	0.004716449161719941
HNRNPA1P6	0.004715989359563471
GS1-24F4.2	0.004714964980505521
RP11-757G1.5	0.004714895693125617
AP000281.1	0.004714320185300612
TRIM13	0.004714275643430394
BHLHE40-AS1	0.004714198351630906
LINC00551	0.004714161303291973
COL6A6	0.004713894516908664
MIR4710	0.004712964648236199
RP11-364B14.1	0.004712744685932578
RP11-354E11.2	0.004712129026575496
RP11-706C16.8	0.004711698673984408
SNORD115-20	0.004711662836275237
RP11-196G18.3	0.004711368594612847
RN7SL606P	0.004711177689144964
RP5-858L17.1	0.004710514827200345
RP11-497G19.2	0.004710308123619194
LINC01237	0.00471023603426026
AC012501.3	0.004709919953374542
EDEM1	0.004709872280256002
GAS8-AS1	0.004709842763461289
SLC17A1	0.0047094053265723705
SWSAP1	0.004709311233994255
CEP72	0.004709304696045089
LINC01402	0.004708539784126856
AC012360.4	0.004708255308499466
NPFFR1	0.004708152507241101
SIX4	0.004707751895375446
RPL7AP34	0.004707692079536863
RP11-574K11.8	0.004707467496860461
EEF1A1P17	0.004707286266946507
RP11-140L24.4	0.004706986716771525
B3GALT4	0.004706541998472737
RNU7-18P	0.00470562652526067
RP1-102H19.7	0.004705558934278499
MLLT1	0.004704628133140106
RP11-753B7.2	0.004703951500217207
HIST1H4I	0.004703425488716493
AC068490.2	0.004703186190917306
TRMT5	0.004703148515753934
snoU2_19	0.00470297805663571
RPL12P44	0.004702814234432407
MYBPHL	0.004702345720154064
GTF2E2	0.004702324834289213
RP11-402N8.1	0.004702229178082826
RP11-49O14.2	0.004701529126947304
RP11-907D1.3	0.004701489915972446
AC104024.1	0.004701434251734919
RNU6-757P	0.004700881022218875
RPL17P49	0.004700764077783611
RP11-132N15.1	0.004700500933951173
RN7SL836P	0.004700323975277379
IGHV3-38	0.00470023624126149
RP11-712C19.1	0.00469962682004604
PGAM5P1	0.004699486413995985
CCDC177	0.004699253868174108
RNU1-122P	0.004698863728759065
HMGN2P21	0.0046988290946406545
RP11-299J3.6	0.0046986645858030605
RNU6-510P	0.004698321409385759
CTD-2542C24.14	0.0046977907842108415
CTD-2240J17.4	0.004697405626132229
AF111168.1	0.004697140723349002
SMG1P1	0.0046962693561860905
HOXA5	0.004696226146343061
RNU6-11P	0.004695811793511202
LINC01494	0.004695671350131114
RP11-115A15.2	0.004695620212815914
RP11-327P2.5	0.004695567022532289
CUEDC2	0.00469438736725863
ZNF322	0.00469431147017386
AC003006.7	0.004694047764271537
PIGV	0.004693997879501825
SMG7-AS1	0.004693984171293868
RP11-609L3.2	0.004693810193538568
CAPN12	0.004693686564057812
FEM1A	0.004693650008777175
RP11-669M16.2	0.004693633933538583
AC093642.1	0.004693034872586141
CFDP1	0.004692717405716155
RP11-290M5.4	0.004692221013290796
RP11-114M1.1	0.004691876626488273
MIR1252	0.004691089413055258
AC004911.2	0.004691013935022311
RP13-152O15.5	0.004690901874491301
RP3-512B11.3	0.004690845510535593
SLC35E1P1	0.004690825392222961
PROK2	0.0046908175797078806
NEURL4	0.004690739446368113
MED30	0.004690644482103896
GOLGA8O	0.004690126359643028
TEX21P	0.004689322151611792
SMPX	0.004689261834326587
RP11-508N12.3	0.004688759425974257
RP11-270B14.1	0.004688430431776777
MIR222	0.004688035263964016
RP11-87H9.5	0.004687779258288918
MIR3158-2	0.0046867536882739015
RP11-983C2.3	0.004686478241830652
OR1A1	0.004686284677118175
RP11-837J7.3	0.004686070194530577
TTC3P1	0.0046860397090493664
PDX1	0.0046855568292859485
RP11-124N14.3	0.004685498392360313
BNIP3P17	0.004684717682875794
KIAA1161	0.004684560096587006
RP11-667K14.13	0.004684268314697655
RP3-377H17.2	0.004683847142773577
HAUS6	0.00468380790784912
PWRN2	0.004683559132952086
RP11-382N13.1	0.004683492749137724
PANK3	0.004682695737801772
MIR1278	0.004682181149748948
CTD-2529P6.4	0.004681990262423833
Metazoa_SRP	0.0046805239942581305
CTD-2623N2.11	0.004680271192880088
RP11-527J8.1	0.004679697481660258
HNF1A-AS1	0.0046792742703107
HOXA-AS3	0.00467881480886392
RP11-723D22.3	0.00467868180398752
GPR158	0.0046784276003771635
RP11-464F9.21	0.004677828423810262
RP11-87C12.2	0.0046777875281971
RNU7-8P	0.004677051255916145
RP11-484D2.4	0.004676515702696819
SOGA3	0.004676413768430291
CBLN2	0.00467611313440074
TUBA3GP	0.004675912178258
RP11-115H13.1	0.004675512788707486
RP11-258F1.1	0.004675502923805215
RP5-1099D15.1	0.004675472051222518
PROX1-AS1	0.00467468654792776
MKI67P1	0.004673745825836373
CTD-3126B10.2	0.00467360113824573
SNORD113	0.0046733935726987474
NDUFB4P11	0.004673268560404019
RP4-785G19.5	0.004673235546625361
MAGEE2	0.004672016806081394
RP11-6L6.2	0.0046720113948725385
MTHFR	0.0046717385640745466
TRDJ4	0.004671427420691057
RNU6-277P	0.004670961307978202
AC104699.1	0.004670935936142238
RAP2A	0.004670543701710211
RP11-667M19.2	0.00466975413021877
RP11-513D5.2	0.004669722186593259
RP11-166O4.4	0.004669314085613358
CXCL5	0.004669213466317503
PET117	0.004669189473632706
PAWRP1	0.004669123203256323
EMC3-AS1	0.0046684491248972955
ID2	0.0046680032579731415
RNU7-41P	0.004667735226563399
AC011530.4	0.004667529038644641
RP11-77H9.2	0.004666409117866452
RP11-325L12.5	0.00466613713703596
RP11-397E7.4	0.004665814114662294
THTPA	0.004665472882819241
RNU6-886P	0.004665209520955342
uc_338	0.004664922486616606
RP11-79P5.9	0.004664819308575301
RP11-547D23.1	0.004664818340589051
GPR6	0.004664757558105439
TTC14	0.004664416962029566
RP11-79L9.2	0.004664240704749587
RP11-458F8.4	0.004664210401120418
RP11-245P10.4	0.004664174437858914
AC022210.2	0.004664124883811273
MAP10	0.00466381551569916
MIR503	0.0046632842431268435
IGKV1OR2-11	0.004663081208825837
MIR3935	0.004662395940329997
RP11-404P21.6	0.004662143324156781
KCTD7	0.004662036587803803
TLL2	0.004661384483313232
CNOT10-AS1	0.004660510534442232
FAM185A	0.004659931165398717
SCARNA17	0.004659889855460205
SLC38A7	0.004659821978151605
RP11-684N3.1	0.004659267440464896
RNU6ATAC41P	0.00465924523923324
CADM2-AS1	0.004659038675683036
RP11-165D7.5	0.004658224827173046
LINC01102	0.0046581487988863884
OR2G6	0.0046579240802311775
ECD	0.004657395108437352
RPSAP24	0.0046571966967156285
NEIL3	0.004656910952574534
NEFHP1	0.004656833212788393
DNM1P41	0.0046567760763166635
Y_RNA	0.004656217718016471
RP11-472N13.3	0.004656183544189426
AC092620.2	0.004656092456019821
RP11-533K9.3	0.004656088596685073
CTD-2303H24.2	0.0046558721518349345
RP11-800A18.3	0.004655823588925297
RP11-727F15.11	0.004655770308793104
TBC1D26	0.004655663317751147
MED31	0.004655415853797883
RNA5SP363	0.004655364600289964
U1	0.004655286851933384
RPL7P12	0.004654525452742865
RNU6-226P	0.004654169431232546
GBP4	0.004653922741586822
CIAPIN1P	0.004653805119348792
BMS1P7	0.00465312328010154
RP11-92K2.2	0.004653027681268467
LINC00535	0.004653008406700322
RP11-797M17.1	0.004652654243454626
AC093642.3	0.00465218268601806
DDX39B-AS1	0.004652053196634656
RP11-107C16.2	0.00465116346267752
RP11-293E1.1	0.004650956332829975
NTAN1P3	0.00465071478934856
RP11-876N24.5	0.004650689607456981
RP3-438O4.4	0.004650368307902575
RPSAP34	0.004650347699384756
POLA1	0.004650262716580541
MFHAS1	0.004649771546127775
RNU6-208P	0.004649762865460839
RP11-53I6.4	0.0046496372624589355
TUBB4A	0.004649590342190944
GATM-AS1	0.004649463445088899
RNA5SP372	0.004648548391857142
SMAD7	0.00464843870070955
RP11-187E13.2	0.004648069274444154
FAM109B	0.004647875698616601
ANKRD65	0.004646874912951687
CICP11	0.004646364859748049
AFP	0.0046462366862503575
Y_RNA	0.004646138339170932
CTD-2540F13.2	0.0046459719319514835
LATS2	0.004645880065788815
RP11-289I10.2	0.004645507874496866
CTC-439O9.1	0.0046450312624834855
IGKV2-29	0.004644381063979229
SLC25A38	0.004644266916756109
CTC-422A18.2	0.00464388383574885
RP11-244O19.1	0.0046426433647820415
MELTF-AS1	0.004642488516878402
CUX1	0.004642276954237661
ARL11	0.004642233838410469
RP11-286N3.2	0.0046417768330380155
RP11-613C6.2	0.004641749975817914
RP3-336K20__B.2	0.004641553422005248
MESTP3	0.004641297196173634
RP11-264L1.2	0.004640838013756947
RP11-459F6.3	0.00464071483526777
RP11-722E23.2	0.004640561629992729
RP11-279F6.2	0.004640556133640954
RP11-407P2.1	0.00464011643154398
KCTD9P4	0.00463942763583174
ST13P11	0.004638716295509776
RP11-75L1.6	0.004638558234186694
Y_RNA	0.004638521786083105
SNORA28	0.004638326877825995
CTB-55O6.13	0.004638164652553446
GNG10	0.004638151442476108
LINC01054	0.004637876698279476
TRIM43	0.004637203084420085
RP11-203L2.3	0.00463693450323332
DHX9P1	0.004636794309154617
CDK5R2	0.004636395866709467
OTUD6B	0.0046352296343053195
FAM153C	0.004635072541042224
RP11-37C7.3	0.004634780341215913
FYTTD1P1	0.004634484324672348
RP11-532F6.3	0.004634405608542538
U2	0.004634213070472383
RP5-1185H19.2	0.004633680868616167
CTD-2275D10.2	0.004632833632634391
RP11-1006G14.2	0.004632669788016376
NEBL-AS1	0.004631515499174996
AC005304.1	0.004631242827644785
RP11-501J20.5	0.00463096366808495
RP11-455G16.1	0.004630793600158339
SLC40A1	0.004630782094914028
RP11-526K17.2	0.004630312024645108
AC007246.3	0.004629855570400033
GXYLT1	0.0046297911416645025
DAZAP2P1	0.004629663890273185
SNRPCP14	0.0046296327909384405
ADAMTS7P4	0.0046295107282042286
RP11-149F8.3	0.004629479955493922
TRAV33	0.004629081562577683
PLGRKT	0.004628809674811563
LINC01501	0.004628040941098245
RNU6-50P	0.004625230940848304
CTD-2522E6.4	0.004625138239889201
CHCHD2P5	0.004625081914657089
YWHABP1	0.004624900866090999
PDLIM1P2	0.0046245683028630115
NDUFA9P1	0.004623916721671629
PF4V1	0.004623794703560793
RP11-104G3.7	0.004623390665663508
NEURL2	0.004622861381172644
RPS23P5	0.004622456232215141
RP11-85G21.3	0.004622094922063353
CENPQ	0.004621645208116504
RP11-108K14.8	0.004621641134877258
YARS	0.004620708421723951
RP11-616M22.7	0.004620597249028601
HMGB1P39	0.004620421612157288
RNU6-605P	0.00462021100511863
RNU6-1	0.004620129310010786
SIRPAP1	0.00461866488757752
RNU6-696P	0.004618217756581995
RP11-318C24.2	0.004617712978783785
CTB-31N19.5	0.00461763953553096
RP5-998N21.7	0.004617258171091604
DGCR6L	0.004617060035441797
PCDHGC5	0.004616605762728114
RP5-1096D14.6	0.0046164691304788645
RNU6-196P	0.004616401847131165
AC083843.4	0.004616374703470918
EIF1P5	0.004615949529811967
NIPA2P4	0.004615691917903232
GPR27	0.004614976236408322
PABPC5	0.004614862612247229
VN2R1P	0.004614322603074938
AC005086.3	0.00461401381072008
THBD	0.004613965477164518
HIGD1AP9	0.0046139006056472595
RP4-697K14.15	0.004612572346485632
ALG1L10P	0.004611514968408747
RIOK1	0.004610476899240572
RP11-883G14.3	0.00461046026143409
RP11-564D11.3	0.004610358351986291
RPS4X	0.004609777498061511
CNTN4-AS2	0.004609622594047958
GABRG1	0.00460839812374055
RBM12	0.004608015196369852
UBE2N	0.004607534787483601
RPS6P12	0.004606974065562838
AL021546.6	0.004606942492556544
CTD-2619J13.1	0.0046064903875610835
RPL37AP8	0.004606402943355806
CTD-3032H12.2	0.004606013978476918
CTD-2308L22.1	0.004605836100588262
ARHGAP22-IT1	0.004605243446095597
ZNF654	0.0046050257850360835
MTCYBP7	0.004604685578164286
TSPY26P	0.004604147653793672
RP11-94C24.11	0.004603938877080434
B3GAT3P1	0.0046033451355301114
IGHV2-70	0.004603219176946235
LRRC19	0.004602978551719704
RP11-13N13.6	0.004602121025918535
CRYGB	0.0046019645835543455
CXCL10	0.004601568821708075
AC005753.1	0.004601023221906349
B3GALT1	0.004600963197854323
RP11-21B23.3	0.004600280507959115
RP11-226L15.1	0.004600269387620736
RNU7-125P	0.004599205529955576
LINC00961	0.004599005156570562
FOXCUT	0.004598346793848096
RP4-537K23.4	0.00459771560329379
IFITM9P	0.004597496095645951
RNU6-1304P	0.004596995838971077
AC114877.3	0.004595493348044713
AC138647.1	0.004595278374135912
AC005363.11	0.004595222961376851
WNT7B	0.004594829856722096
RP4-665N4.8	0.004594549224639455
RN7SKP272	0.004594520598578636
MIR3188	0.004594123290598503
RP11-885B4.1	0.0045935836349068095
LINC00343	0.004593357134685043
DUSP23	0.004593146964769183
CSF2	0.004592941361695106
RBBP4P5	0.004592309381515746
FTH1P20	0.004591950315478139
RP11-419L20.2	0.004591949406959393
CYP2T1P	0.004591935142820679
IGKV1D-13	0.004591928946837362
RP3-475N16.1	0.004591681992679727
PTPN2P2	0.0045915053265848755
RP11-50B3.4	0.004591170711973149
ARMC1	0.004591147487255112
RP3-512E2.2	0.004590900921285181
RP11-706O15.8	0.004590513975735642
DLEU7-AS1	0.004590051998116066
RP11-122F24.1	0.0045893563400157345
RP11-542A14.1	0.00458929200876916
RP11-464C19.3	0.004589103306019032
AC006033.22	0.004588854784897021
MTND2P23	0.00458757252231762
COA3	0.004587522581178757
TTLL11-IT1	0.004587468842496946
TNFSF12-TNFSF13	0.004587259329326376
RP11-374M1.10	0.004586825916156904
SMIM17	0.0045865998473811655
LINC01564	0.0045865183706841365
DYNLL2	0.004586403276349087
CTD-3138B18.5	0.004586325471277456
ABCG4	0.004586214314780738
TRAM2-AS1	0.004585763606602588
NPM1P46	0.004585705285579319
RP11-58C22.2	0.004585568087685944
RN7SL356P	0.004585529369449377
DDX10P2	0.004585162376949472
CHCHD3P3	0.004584873022361979
LCMT1-AS1	0.004584672733275864
CACYBPP2	0.00458438426709237
LDHAP7	0.004583882016028277
CTB-164L20.1	0.004583430592493508
Y_RNA	0.0045833699701230265
C16orf91	0.004582697578434949
RP11-755F10.3	0.0045819149116510674
IGHA2	0.004581831573247362
CTC-458I2.2	0.004581787999744385
RAB30	0.004581185348240091
GOLGA8T	0.004581041222098269
MMP7	0.0045810164700133315
BCL2L2	0.004580995874459989
AC005534.6	0.004580607996003481
RP11-1081L13.4	0.004580319912282201
RP11-74M11.2	0.0045800667709605366
RNU1-146P	0.004579716655868376
LIPJ	0.004579706142762599
RP11-361L15.4	0.004578496442073707
SNORA48	0.004578348563572965
SRXN1	0.004578008944190307
C1orf74	0.004577915643158056
CDK5R1	0.0045773548508316496
GOLGA6L6	0.004576624148864075
RP11-161I6.2	0.004576541898647342
MKLN1-AS	0.004575984806983898
KIAA0040	0.004574280260885983
RP4-534N18.2	0.004573635096938195
CTC-471J1.11	0.004573519554658015
CCDC58	0.004573482703150549
Y_RNA	0.004573437637938531
TUBB8	0.0045734257736747335
RP11-384P7.5	0.004573386461291379
HMGN5	0.004573280155468591
RP5-882O7.1	0.0045731724655189085
RP11-535A5.1	0.004573120464043711
ORC5	0.0045728181404007815
RP4-592A1.2	0.004572589275326762
ITGA1	0.004572417537903713
NKIRAS1	0.004572154698789535
SLC6A4	0.00457215281071666
XRCC6P1	0.004572017567094645
RP5-864K19.6	0.004571905390025841
SNORD113-8	0.0045716591891627875
KANTR	0.00457015069255668
NPY2R	0.0045698193674489525
LINC00958	0.004569793581222831
EEF1GP5	0.0045694498636367
PCAT7	0.004569376524213925
RP11-134G8.5	0.004569272207115353
RP11-520H14.1	0.004568701829341186
RP11-445O3.3	0.004568448165476717
PMPCAP1	0.004568375428742824
UGT1A10	0.004568240808626931
RP11-739L10.1	0.004568116048204317
PI4KA	0.004567437663394877
PARP4P1	0.004566804158826053
RNA5SP35	0.0045666826801824415
RP4-802A10.1	0.0045664953832797155
MRPL18	0.004566446644547786
RN7SL760P	0.004566230775200108
RP11-184A2.3	0.0045661734920406745
RNU6-549P	0.004565811762066383
CTA-212A2.4	0.004565722855282143
RP1-39G22.7	0.004565567564269257
RP11-439E19.9	0.004565456787050123
RP11-84C10.1	0.004565290193598691
RP11-203F10.5	0.004565184979766285
IGKV2D-18	0.004564964676426054
RNA5SP462	0.004564841647559026
DHDH	0.004564528842977952
IGHG3	0.004564411994092175
SNORA13	0.004564096833177114
RNU6-992P	0.004563696632499108
LOC440461	0.004563589092261016
RP11-141A19.1	0.004563539865021926
FNBP1P1	0.0045634904766794155
CSN3	0.004563157114143656
ORC2	0.004563080712160763
XX-C2158C6.3	0.004563047620018809
RP11-211G3.3	0.00456231831193484
RNA5SP452	0.00456188575943317
RP11-21K12.3	0.004561807875634615
SLC20A1	0.004560482704805713
RP11-342L8.2	0.004560315255287542
RP11-347C18.3	0.004560312332703814
RNU7-186P	0.00455992839951364
RP6-127F18.2	0.004558301631691953
MT-TH	0.004557937544953083
RP11-110I1.14	0.004557242589279291
CCRL2	0.004556616800898357
RN7SL568P	0.004556615016702894
RP11-446H18.5	0.004555815461303182
MIR933	0.004555687913302267
AC079776.3	0.004555685038122669
RP11-532F6.5	0.00455506160534639
TPT1P10	0.0045546780249651735
LINC00676	0.004554023768039035
RP11-640A1.3	0.004553931055944044
CACNA1E	0.004553726168574283
RP11-95I16.4	0.004553440821522889
RP11-407N17.5	0.004553092444230865
RPS17P5	0.00455230773336457
LPCAT1	0.004552093913230121
COQ3	0.004551643004503046
IGKV1-8	0.0045515208825944176
IGKV3D-11	0.004550849001526184
IGHMBP2	0.004550769327058071
HOTAIR	0.004549577951510876
RP11-81H14.4	0.0045480339108073175
RP11-583F24.8	0.004548026883965578
KRT14	0.004547876011359767
AC079612.2	0.004547448552280784
RP11-962G15.1	0.004547445758711958
CTC-756D1.3	0.004547270118594588
AC002368.4	0.004546788702365848
KB-1471A8.1	0.004546408503594056
CTBP2P8	0.004546369752381907
AL589743.1	0.0045458880984428525
FFAR2	0.004545267164774368
EIF4A2P4	0.004544305588603863
RP11-758M4.4	0.004544103079602772
RP3-431P23.5	0.0045436162759981994
RP11-30H9.1	0.0045435940107393085
RP11-109M17.2	0.004543279019943631
RP11-76E17.4	0.004542531957483869
RP11-62L18.3	0.004542143552677943
TMEM133	0.004541884352005698
SLC2A13P1	0.004541770452611245
ADH5P4	0.004541658612189932
DUSP28	0.004541448409303262
GS1-279B7.2	0.0045408563929004555
AC008079.10	0.004540520467997311
TRIM47	0.004540351740284005
DLSTP1	0.004540329080547201
RP11-638I2.4	0.004540132689618888
RP1-149A16.16	0.004540119992603848
ST13P10	0.004539949753373892
RP11-381K20.4	0.004539658416999453
C9orf40	0.004539191657152689
FAM205BP	0.004538611625928822
MTHFD1P1	0.004538587778372919
CTB-43E15.2	0.004538125491955203
XXYLT1-AS2	0.004537963933269571
RP11-331F4.5	0.00453776822795134
RP11-157D18.2	0.00453737297983314
RP11-20J15.2	0.00453737064594951
RP11-5N11.4	0.004537188078173623
RP11-107I14.5	0.0045366161031948765
RPSAP46	0.004535837539869649
KIAA0753	0.004535670024112247
CDRT8	0.004535656642117708
RP11-200A13.3	0.004535045591262088
OR2AG2	0.00453496049061367
MIR6894	0.004534731449152165
LINC01067	0.004534178431592683
AC013268.3	0.004533415524676005
RP11-126K15.1	0.004533144380841156
C9orf62	0.004532826570380486
ZNF783	0.004532681328505846
MTND6P21	0.004532536962066131
RNU6-760P	0.0045320992350352885
RPL5P1	0.004531823930941143
RP11-597D13.2	0.004531555455627324
RP11-348J12.5	0.004530636557975064
LINC00431	0.004530441231419662
RIN1	0.004529374191714696
AC016831.7	0.0045291071573485275
RP11-109E12.1	0.004527733846681861
ROM1	0.004527486864319258
CTD-2410N18.4	0.004527430219130898
RP11-574F11.3	0.004526859438713498
RP11-324J13.1	0.004526856294490869
XXyac-YX65C7_A.2	0.004526394697339519
SNORD42B	0.0045262146926796955
RP11-320P7.2	0.004526039887474342
HS1BP3-IT1	0.004525885925639758
CDCA4P1	0.0045257520113668615
LINC00308	0.00452543826285555
TMEM27	0.004524870027941697
ABHD10	0.004524860435492295
RPL23AP66	0.004524668286723865
RP13-228J13.1	0.004524336183493584
AC073115.6	0.004524164034568567
MCEMP1	0.004524108472696321
DSTNP2	0.004523919344538302
RNU6-1167P	0.004523609522461341
RP11-83A16.1	0.0045235924489582515
RP11-781M16.1	0.004523109313410232
RP11-643G5.6	0.004522672828356286
RP11-400N9.1	0.004521023724074093
AC117947.1	0.004520538833168492
KLF3P1	0.0045199113327566666
NWD2	0.004519678258590595
PGM5P4-AS1	0.004518678179916863
STAM-AS1	0.004518148999544825
CTB-147N14.6	0.004517362661649134
BMP3	0.004517149904739643
AC005041.11	0.0045171081720049525
CTC-499B15.8	0.004516972330902867
RP11-336N8.4	0.004516215516332062
RP11-77G23.2	0.004515962775872476
SPINK7	0.004515694300664689
PGRMC1	0.004515544611746927
HNRNPA1P49	0.004515281516937128
PAPPA2	0.004514771094598983
AC091132.1	0.004514511844707722
MIR190A	0.004514311439627031
CTD-2555O16.2	0.004513923564395629
RPS26P15	0.004512738996240658
PPP2R2B-IT1	0.004512657939296575
RP11-390P2.4	0.004512435820709742
RPL5P35	0.0045120664517372035
RP11-589N15.2	0.004512042645234615
SERBP1P1	0.004510893787843573
LINC00895	0.004510649849066482
LINC00898	0.004510517565169922
AC114765.2	0.004510322433944214
AKAIN1	0.004510260960264313
AC011294.3	0.004509834747947314
RP5-1031J8.1	0.0045093679945311434
KRT90P	0.004509299478028877
RP5-965G21.5	0.004509014366414954
RP11-318K12.1	0.004508827461426901
MOCS3	0.004508663615939872
RP11-51B23.3	0.004508459536836081
RP11-285F16.1	0.004508243944164028
CPNE6	0.004508242378778409
AC007040.8	0.004507910513596017
RP1-283K11.3	0.004507776691173466
RP11-76C10.2	0.004507671410107625
IGHV3OR16-6	0.004507555522682979
RP11-690I21.1	0.0045075430195738
AC135050.5	0.004507232363075775
FANCF	0.004506906040842847
RNF152P1	0.004506709354969338
CTD-2192J16.22	0.00450634853761994
SPINK9	0.004506287610262089
CCDC160	0.004505662500597891
SNAPC4	0.004505486520338589
HMGN1P36	0.004504580447995744
RP11-514P8.2	0.00450336900541718
AC004840.8	0.0045031436305971295
RP11-346E8.1	0.004502777515195093
RP11-514F3.4	0.004502417219517933
RP11-331F9.4	0.004502240307369433
Y_RNA	0.004501711190969827
CTD-2126E3.5	0.004501648926002585
RP11-342K6.4	0.0045015732618541365
MRPS36P1	0.004500660062020466
RPL21P32	0.004500592379195695
XX-CR54.1	0.004500470307363612
FAM122A	0.004500457859783172
LSINCT5	0.004499950416911321
LINC00244	0.004499604088646758
HEBP1	0.004499109205037156
PRSS21	0.004498059901066257
CTB-147C22.6	0.00449787755931541
RP3-466P17.1	0.004497748138945351
RP11-335I12.2	0.004497436786152206
RP11-137J7.3	0.004497215315079583
RP11-350N15.4	0.0044969382030734225
CTD-2007A10.1	0.004496876034784356
MTND4P34	0.004496866421190312
CTA-363E19.2	0.004496225282873897
RPL9P21	0.004495409598669886
CTD-2290C23.1	0.004495405086898817
SYCE1L	0.004495390627070158
CCL17	0.004494846970036483
RP11-720N19.2	0.004494604383596626
PCDHA13	0.004494048616690954
RP11-707G14.8	0.004493955640757689
ACTG1P11	0.004493726612551185
RP11-113E21.3	0.0044935738189558795
LINC01578	0.00449299425156567
AC015922.5	0.004492679582186098
HGFAC	0.004492462349355844
APOC2	0.0044919164055385865
POU1F1	0.004491693715921887
RN7SL209P	0.004491349525022851
HSPA6	0.0044911773401757156
PSMA6	0.004491131088351108
C5orf66	0.00449102550021304
CTB-88F18.3	0.004490973116518663
FAS-AS1	0.004490945821469997
RP11-161D15.1	0.004490190556762734
C2CD4D	0.004490013772671823
SERBP1P6	0.004489359701904094
RP11-140A10.3	0.004489001472471111
RAB6C	0.004488174724592102
DEFB109P1	0.004488026570138283
RP11-95I19.1	0.004487627951022417
CTC-444N24.8	0.004487337015358097
GTF2IP14	0.004486856221018823
GGACT	0.004486817916820813
RP11-325L12.7	0.004486744435839358
LYPLA2P2	0.0044863485441215675
RP11-326A13.3	0.0044860185901957695
MCM3AP-AS1	0.004485691564496137
RFKP1	0.004485630793389757
RP11-120K24.5	0.004485399611616768
SNORA65	0.00448512835048517
RAB11FIP2	0.004484865812223146
LL0XNC01-16G2.1	0.004484791704202079
RP11-213G2.2	0.004484677314780657
RP11-13N12.1	0.00448426218330861
RP11-78A19.4	0.004483967433420935
HCN2	0.004483176284504718
RP11-571L19.8	0.004483074978452066
KIF18BP1	0.004482974910060187
DCSTAMP	0.004482458059569987
FCF1P3	0.004482331547800224
DAGLA	0.004482232534943566
HYI-AS1	0.004482020795957101
HCG4B	0.004481358862667473
RP11-297C4.2	0.004481196704373316
RP1-60O19.1	0.004480729898100191
RNY4P17	0.004480073118103544
MMP9	0.004479568479719035
ARPP19	0.004478566445441671
AC010642.2	0.0044783657925278235
RP11-459F1.2	0.004478037623905288
RP11-1134I14.4	0.004477476413825718
RP11-88G17.6	0.0044774531841969304
Y_RNA	0.00447701922664211
Metazoa_SRP	0.004476742871268757
RP11-274H2.2	0.004476682110114585
RN7SKP51	0.004475979998659666
GPR162	0.004475863749033634
CTC-205M6.1	0.004475793393868753
GIPR	0.004475705998399911
STX18-AS1	0.004474703498701762
SND1	0.004474561791151628
NCS1	0.004474198285868773
Y_RNA	0.004474172204231825
Y_RNA	0.004473685558920179
KRT8P20	0.004473637652557009
RP11-153I24.4	0.004473622054192868
AMD1P1	0.004473570632668509
MIR124-2HG	0.004472810566426188
AC005076.5	0.004472634621119693
RP11-348H3.5	0.0044720948308057985
FLJ37453	0.0044718755700431335
RP11-80H5.2	0.0044717037262180835
MED28P1	0.004471492249305632
RP11-661A12.9	0.004471086334535762
RNU6-354P	0.0044709682862903374
AC009955.8	0.0044707413327578485
ANKRD20A9P	0.004470617301298466
FBXO46	0.004470414295902818
AP002884.2	0.004469860203186918
AC009414.1	0.004468196170326505
AC005019.2	0.004467817861475419
RP11-902B17.1	0.004467506449533403
RNA5SP57	0.004465815962770248
WDR5B	0.004465290155391094
AC073641.2	0.004465175971620521
MED13L	0.004464717509632499
RP11-10N23.2	0.0044645236402062
HNRNPA1P59	0.004464286945883902
RP11-792A8.1	0.004464038479228908
RAB5CP1	0.0044629736964330625
URB2	0.0044628884788284464
ZNF630	0.004462288985051197
BRIP1	0.004462207294720452
TIPIN	0.004461712306574644
THRAP3P1	0.0044611725839567885
IGHV4-28	0.004461039734584884
CTD-2526A2.4	0.004461032423084018
RP13-20L14.10	0.0044607797372289435
RN7SKP43	0.004459809550367563
NRON	0.0044595653944201445
RP11-32B5.7	0.004458889939936024
RP11-264I13.2	0.004458267262073895
RP11-178F10.3	0.004458144866788615
ENPP7P9	0.004458134145781982
AC006994.1	0.004457377652626584
LINC00499	0.004456406686138294
GJD2	0.00445584459944727
RP11-90C1.1	0.004455841029739708
RP1-63M2.7	0.004455763869567577
RP1-46F2.3	0.00445570071882494
AK3P3	0.004455623641119643
RP5-1042K10.13	0.004455413671713035
AC009022.1	0.004455403042538428
PI4KAP1	0.004455297397955742
LINC01506	0.004455118543798527
RP5-1057J7.1	0.0044551185365953655
LINC00607	0.004454827095794866
DYNLT1	0.0044548112949498965
NPM3	0.004454577020012025
IGHD4-23	0.004453912585248451
OR2A1-AS1	0.004453860349367233
RP11-81K2.1	0.004453414207589745
RP11-431J24.2	0.004453375436851595
RP11-16N2.1	0.004453224875019747
XXbac-BPG181M17.5	0.004452983001172896
RP11-875O11.2	0.004452695557247895
CTC-513N18.7	0.0044526801675727505
OR1H1P	0.004451951589921113
SDPR	0.004451736659539237
PPP1R3C	0.004451634549964133
LINC01553	0.004451529768995606
RP4-533D7.5	0.004451473090530017
RP11-350N15.6	0.004451377203476808
AC140542.2	0.004450456149937599
RP11-536C12.1	0.004450385123623885
FAM157A	0.004449868595940554
PRR13P4	0.004449579037275936
RNU6-726P	0.004449410728158652
LINC01498	0.004449192004500973
Metazoa_SRP	0.004448884480578539
ZNF14	0.004448539958914
RP11-107F6.4	0.00444847855271241
RP1-296L11.1	0.004448395168434192
SNORD114-3	0.004448031366589951
PDLIM1P1	0.0044467832946837255
AC092570.2	0.004446746116348248
ATP6V1G1P4	0.004445410699773652
ZNF649-AS1	0.00444538994093426
INTS6L-AS1	0.004444369744417565
AC008746.3	0.004444114555216424
CCDC91	0.0044437534663282685
RP11-456O19.3	0.004442859598230791
RP11-373N22.3	0.004442332763873042
CTD-2315M5.2	0.004441980790583781
CTD-2194D22.4	0.004441913247816234
RHOA	0.0044413241355680064
CYP8B1	0.004440098567304687
RP11-294C11.2	0.00443998185221332
ABCB10	0.004439965375109042
SPDYE1	0.0044399169597780725
RP11-692P14.1	0.004439787861665996
CNIH3	0.004438541560140809
RNU6-895P	0.004438401405894895
RP11-579O24.1	0.004438103548501773
RP11-345E19.2	0.004437718499979329
RPS7P2	0.0044375495328827725
CDH22	0.004437526130968615
INCA1	0.004437468888499721
RNY1P16	0.004436647811754606
RPL23AP25	0.004436485493192639
MC5R	0.00443540752264589
AC064836.3	0.004434975909273749
ITPKA	0.0044348532166664165
LINC00894	0.004434685052611863
HIST1H2BC	0.00443447609145187
DMC1	0.004434412813640759
RP11-184D12.1	0.004434390884413813
SIPA1L1	0.0044339136132420295
CDA	0.004433803779687546
SNORA26	0.004433552151226117
RP11-554D14.4	0.004433355514418494
ADAM20P1	0.0044329806876259115
AC116609.2	0.004432832639275033
MT-ND6	0.004432282630652723
RP11-506M13.3	0.004432152092351362
ABHD5	0.004432116394827053
EIF5B	0.004431352166035767
RP11-367G18.1	0.0044306741007817734
LLPH	0.0044305601739114695
CPEB3_ribozyme	0.004430276328483403
OSGEP	0.004429880806904993
ALG10	0.004429633317447419
KRT8P30	0.004429108007751937
RP11-274A11.5	0.004429101351792415
RP11-328J6.1	0.0044291012531292515
CTD-2288O8.1	0.004428943930186811
RP11-59H7.3	0.004428849587209453
MIR550A3	0.0044283866804060755
RP11-407G23.1	0.004428315675427779
R3HDM2P1	0.0044281169373312215
CCER2	0.004428057272093471
GSG1L2	0.004427297795951042
MIR4419A	0.004426874052892524
MIR5582	0.004426465409358636
MIR100HG	0.004426283985565747
RP11-314N13.3	0.004426049760153457
RP11-115D19.3	0.004426025785527118
RP4-800M22.2	0.004426005644209206
CRTC3-AS1	0.004424767459525189
RP11-402J6.3	0.004424594268133506
MIR3926-1	0.004424499704371927
H19_3	0.004424316008767841
MIR8069-1	0.004423902175838878
RPL23AP56	0.004423720749951525
BDKRB2	0.004423599679065945
RN7SL333P	0.004423539538669648
AC069513.4	0.004423433440218044
AC008810.1	0.0044233073272030715
RP11-131M11.3	0.004422492476579604
AC006159.4	0.004422385668700422
KIAA1644	0.004421920843281209
N4BP3	0.004421540482958589
RP11-1C8.5	0.004421484075916068
RP11-301G7.1	0.004421408922802482
RP11-307O1.1	0.00442137726429205
OR55B1P	0.004420524452348795
RPL23AP61	0.004420337506123963
RPL39P18	0.004420085478407757
RP5-1021I20.4	0.004419574697456578
MIR3115	0.004419522313185622
MIR409	0.00441866437575068
LINC00648	0.0044186627015326925
RP11-330L19.2	0.00441846291052924
RP11-513M16.8	0.004418369918078834
RP11-283G6.3	0.004417853310852468
RP11-25I15.1	0.004417353925677465
LINC00395	0.004417265624156587
FGD5-AS1	0.004417162246273746
TMBIM7P	0.0044169598890165356
LINC01471	0.004416565224707047
PRSS46	0.004416371831031015
IQCB2P	0.004415895880296645
IGLV7-46	0.004415387149871283
RN7SL660P	0.004414904865953229
AC007405.4	0.004414763272682372
AC004951.6	0.004414597997248156
HK2	0.004414137102468547
RPL39P6	0.0044140615665507
TEX40	0.0044140292148104505
RP11-783K16.14	0.004413801151640992
CCDC84	0.004413768716810512
RPL7AP6	0.0044133366182237165
RNASE2	0.004413028019184103
RP11-100G15.12	0.00441302036417206
NDUFB9	0.00441283756207987
AF213884.2	0.004412773784124843
CTD-2576D5.2	0.00441274880100664
RP1-167O22.1	0.0044123809780379115
SPINK1	0.004412066318229271
RP11-379K17.4	0.004410838488827022
PGAM5	0.004410638738726471
RP11-44N11.3	0.004409962553357423
MTCO1P28	0.004409677397664552
RP11-70D24.1	0.004409557863209074
RP11-25L3.1	0.00440928103453283
HMGB3P11	0.0044091620667291494
RPSAP29	0.0044081263847577075
XKR6	0.004406846787568549
SETP22	0.004406789182955219
RP11-19G24.1	0.004406765374010692
RP11-60C6.5	0.0044066718252893
RP11-212P7.1	0.004406573996381249
RP1-93H18.6	0.004406049875639386
CTD-3203P2.1	0.00440602842084424
EIF1P4	0.004405875267492927
RANP6	0.004405803620221275
ATP6V1B1-AS1	0.004405669510241444
STX16-NPEPL1	0.004404314555723719
ARL5B	0.004404140397492687
RN7SL774P	0.004403686464758125
H3F3B	0.00440355741083062
RP11-529G21.3	0.004402419608486954
RP3-375P9.2	0.004402222503610116
IGLL3P	0.004402053264881564
RP11-662G23.1	0.0044019337307304035
RP11-285F7.2	0.0044011858870964
RP11-476I15.5	0.004400915750458532
CSDAP1	0.004400550162505627
RP11-539G18.3	0.004399928121222672
GDF5	0.0043997519157918325
FICD	0.004398981243679303
KCNC1	0.0043987430149352936
GIMAP3P	0.004398265575017421
ECM1P1	0.004398160238814939
RP11-481C4.2	0.004397549366481075
CTC-236F12.4	0.004397264756306902
RP11-798G7.6	0.004396690637650467
RP11-410L14.2	0.004395799368106844
MAS1	0.004395068828438889
FAR2P4	0.004394907896650586
APOBEC3AP1	0.004394785169206337
RP11-314C9.1	0.004394439575010782
RP11-344N10.2	0.004394396335782823
AP000240.9	0.004393987309317265
UBE2E2	0.004393962852571782
GDAP2	0.004393875601820415
RP11-795F19.5	0.004393686317548271
TMEM69	0.004393464487112481
CTAGE7P	0.004392968719320754
RP11-535C21.3	0.004392952656622031
AC005162.4	0.004392920358289921
TEDDM1	0.004392051450073892
RPL7P51	0.004391800626318311
RNY1P15	0.004391447503609613
RPL23AP18	0.0043911676255187545
KC6	0.004390224109145839
RP11-90D4.3	0.004390141590228214
RP11-303G3.9	0.004390036522077679
RP11-401E9.3	0.004389899198645544
TRGJP2	0.00438975533495538
ZNF84	0.004389636423448515
TTL	0.004389364924969205
RP11-46B11.2	0.004389018057710839
RP11-514P8.7	0.0043881747955512385
SLC25A36P1	0.004387879888080087
FPR2	0.004387778953697409
R3HCC1	0.004387585095869903
BTF3P11	0.004386653206991712
AGAP2-AS1	0.004386628636137392
C11orf71	0.0043854478244487625
FIZ1	0.00438486074771275
RBM26-AS1	0.004384772738699272
RNA5SP101	0.0043845197131860995
RP11-325E5.4	0.004384302899224465
RP1-89D4.1	0.004384138236626016
RP11-697K23.3	0.0043835130834474385
ACTR3P2	0.00438340311129318
PUS3	0.004382930938980967
CTC-493P15.2	0.00438287789115192
RP11-21A7A.4	0.004382648797243861
RP11-950C14.3	0.004382004759702372
KCNA7	0.004381732920467882
WNT7A	0.004381616566978764
ZNF670	0.004381362029906273
RP11-548K23.11	0.004380692237998715
RP11-552E20.4	0.004380596032408498
NTAN1P2	0.00438021146809272
RP11-361M10.3	0.004379911574079164
AC005300.5	0.004379762957432553
MTND5P12	0.004379561211800227
BHLHA15	0.0043791109041420835
RP11-769N19.2	0.004379093810382531
AC010731.6	0.004378963461780141
RP11-156E8.1	0.004378830653495062
CRIP1P2	0.004378707916106791
WFDC1	0.004377408812925559
MIR4313	0.004376911018010035
CKS1BP2	0.004376664869819532
ZMPSTE24	0.004376468608269809
MIR1915	0.004376019545264782
RP11-1099M24.6	0.004375754703544311
LINC00674	0.004375096494777381
RP11-855O10.3	0.004374980944698427
CDK7	0.0043744779214580035
HAL	0.004373957829237826
NXNP1	0.004373917111372212
Y_RNA	0.0043727150440109434
MIR6508	0.00437240588582453
KCTD21	0.004372398490648551
RPL26P27	0.004372129171663093
MIAT	0.0043720622565386535
RP1-134O19.3	0.004371943100816642
YY1P2	0.004371725180862047
AC124944.3	0.004371204467705514
VEZF1	0.004370227660757917
AC079779.6	0.004370181709235555
PHOX2B	0.004370032164415827
RP4-569M23.5	0.004369969161167178
LARP4P	0.004369617568640644
DBF4P1	0.004369327796471701
RP11-241F15.9	0.0043691827355029494
MRPL20	0.004368684756957452
RP5-1028L10.2	0.004368681103311774
HMGN1P38	0.004368577589430097
RP11-298D21.1	0.004368311854892802
AKR1B10	0.0043680945822993315
OXSM	0.004368068415729614
IGLJ3	0.00436787186215357
MS4A2	0.004367855352018559
RP3-455H14.1	0.004367623563736036
RP13-554M15.7	0.00436698688650436
MIR1268A	0.004366902949149189
RN7SL160P	0.004366655463244283
CTD-2223O18.1	0.0043666265725658794
RP11-198M15.1	0.004365815379580855
RP11-505K9.1	0.004364947556628096
FUT1	0.004364778572404363
TNKS2	0.004364670545506253
IFNA8	0.004364361183722414
SDCCAG3P2	0.004363485900721958
RNU1-22P	0.004362889419162921
CTB-113P19.3	0.004362699376778386
RP11-445K13.2	0.004362178231807817
RP11-346C20.4	0.004362068793377429
RP11-493P1.2	0.004361938398282894
ARHGAP36	0.004361783955661457
GRASP	0.004361330298843013
RP11-310I24.1	0.004361124964624782
RNU7-38P	0.004360493675308839
RP11-325L7.1	0.004360446684133259
LINC00229	0.0043603615796208965
MIR6070	0.00435866794089114
TARBP2	0.004358605737121498
RP11-545E17.3	0.004358441265288929
RP11-485G7.6	0.0043580783801048075
CTBP2P7	0.00435805432857646
MIR199A2	0.004357445028275085
POU5F1B	0.004357045759780447
IGHV4-55	0.004355750319913022
CCDC58P3	0.004355563414432528
RP11-146N23.1	0.004355322605595699
RP11-230G5.2	0.004355306936663623
RP11-157F20.1	0.004355133506435985
AC092687.5	0.004354716342615815
ARL15	0.004354646877984732
LDHAP2	0.004354391737735064
AC010746.3	0.004354195545893206
CTD-2182N23.1	0.0043538657252358
NT5C1A	0.004353787059498297
RP11-96K19.2	0.004353434452194068
RUNDC3A-AS1	0.004352844738753322
RP11-575L7.2	0.00435282475095242
RP11-15A1.9	0.004352809602658404
KCNK12	0.004352371002223386
RPL34P33	0.004352260861332506
ZBTB34	0.004351856209306849
NRADDP	0.004351792821136039
PHBP18	0.004351454401368249
LINC01270	0.004351394094724683
RP11-56P9.6	0.004351352194608998
PHBP12	0.004351060112290126
RP11-227D13.4	0.00435039608766609
RP11-586D19.2	0.004350270847502717
RP11-831F12.3	0.004349897502680262
DNAJC8P1	0.00434989011780031
RP11-293B7.1	0.004349147540103136
RNA5SP295	0.004347992456780193
CATIP-AS2	0.00434751731445488
C19orf53	0.0043470568687169675
RN7SL154P	0.004346666491688285
CTD-2340D6.2	0.004346468858998137
SLC25A5P8	0.0043462731945562594
CTD-2619J13.9	0.004346127340349812
RP11-93B14.6	0.004345564822422716
PDCD2L	0.004345244385159951
RPSAP63	0.0043448116560994765
RP11-167N24.5	0.004344672642349046
RP13-638C3.6	0.004344567337579898
NPTX1	0.0043445386150787755
RNU6-487P	0.004344489686542008
LEF1-AS1	0.00434416250870054
MUL1	0.004343683192307003
CTD-2527I21.4	0.004342216332198303
U8	0.0043421135170649975
AQR	0.004341791218044142
CEP164P1	0.004341741611055559
TAX1BP3	0.004341429743016811
UBE2CP4	0.004340748976482423
RP11-91P24.6	0.004340453138257816
BRI3BPP1	0.004340205716184871
AC023271.1	0.004339092206142365
RP11-64C12.5	0.004338636095225751
ITGA8	0.004338634214803583
Y_RNA	0.004337883030182265
HNRNPA0	0.004336934490045573
IGHV1-18	0.004336380928607068
HNRNPDLP4	0.004336078489374795
RP11-145M9.6	0.0043355872972011935
CTD-2270P14.2	0.00433499075154195
CTA-268H5.14	0.0043341786958984675
RP11-329B9.5	0.004333996615074325
MIR6761	0.004333183728894761
RP11-285E23.2	0.004333162507125679
RP13-895J2.7	0.004332915369202186
IQCJ	0.004332854242098434
RP11-370B6.1	0.004332677557194963
RNU6-16P	0.0043325947700734516
AC007204.2	0.00433244213690288
RP11-741G21.1	0.00433215428394329
FLJ31104	0.004331906154341245
LRFN2	0.004331746934327099
ACER1	0.004331403712235236
MAGOH3P	0.004330817247650225
CTD-2267D19.4	0.0043299517194267225
RP11-57H12.5	0.004329609243468382
RP11-440G9.1	0.004329373760804783
RP11-885L14.1	0.004329372092274416
RPSAP21	0.004329068464580394
RP11-170L3.7	0.004328669099158233
CPT2	0.0043286671886350395
CTD-2376I4.1	0.0043286555900723745
GS1-174L6.4	0.004328555541705136
LINC00707	0.00432851865515626
MIR6895	0.004328417351658706
RP3-324O17.7	0.004327965524090337
RP1-90K10.4	0.00432752563335624
RLN1	0.004327524668287217
TNNC2	0.004327482771819605
PSMD10P2	0.004326226408507123
CTD-3222D19.9	0.004326218031187972
RP11-816J8.1	0.004326002706091934
RP1-72A23.3	0.004325096433933362
RP11-680F20.10	0.004324760604284109
TM7SF3	0.0043242645378784505
RP11-389O22.5	0.004323787326568962
RP11-618K16.4	0.0043235522830342215
MMP15	0.004322723761615627
MIR670HG	0.00432197220323359
NT5DC2	0.004321963751641717
DGCR11	0.004320896776544709
RASD1	0.004320888136582545
RP11-176N18.2	0.00432066822071249
RP11-569A11.2	0.004319549019767192
MARCKSL1P1	0.004317996055493313
AP000892.6	0.004317971098743485
RP11-107I14.4	0.0043179620370950664
COQ4	0.004317149103985885
CTB-5E10.3	0.00431711711511777
LINC00299	0.00431690287296947
LINC01489	0.004316760817630482
RP11-550I24.2	0.004316463031303218
INSL5	0.004315614883473068
RP11-675P14.1	0.004315246269669943
RP11-674E16.4	0.004315109263649347
RNU6-770P	0.004314228482500648
PGM2L1	0.004314190916635908
EDNRB-AS1	0.004313943237612259
ENPP7	0.004313931526506771
CDCP1	0.0043137186417985425
CTD-2587M23.1	0.004313287482662798
RP11-849N15.4	0.004313201292997011
SNORA7	0.0043127816039637955
LINC00869	0.004312698874459751
TRIAP1	0.004312285531129766
RPS12	0.004311417631527876
AC107983.4	0.00431089737166311
OXLD1	0.004310788699042096
RP5-908M14.9	0.004309863812105079
AC005154.7	0.004309171808174721
TRIM60P17	0.004309129587469985
RP11-541G9.2	0.0043090964605562825
ADNP2	0.004309052308534684
AHCYP3	0.0043089123860842035
CTD-2050I18.2	0.004308797091445928
NDST3	0.0043083373420481985
LINC00561	0.004308306509219004
KIF28P	0.004308302711639259
RP11-737F9.2	0.004308258643549617
AC105053.3	0.004307836127700118
PCNPP1	0.004307697794878653
ZNHIT6	0.004307644212568716
OR7E33P	0.004307572361674096
RP11-867G2.6	0.0043072952340681816
RP11-384F7.2	0.004307263217251023
RP11-239L20.6	0.004307063566152098
XRCC6P2	0.004306937095973249
KRT8P35	0.00430489031321651
RP13-36G14.3	0.004304032873102947
RP11-33H15.1	0.004303996272999777
MTCYBP37	0.004303585041958183
IL31	0.004303468831439575
RP11-23N2.4	0.00430336783828212
TIMM29	0.004303346727742823
C6orf120	0.004302937339044963
KRT18P68	0.004302866984192032
INHA	0.004302729136802804
GOLGA2P1	0.004302453162778804
MIR3685	0.0043022787690352084
AC015977.5	0.004301455284363388
Y_RNA	0.00430143722308916
TBPL1	0.004301423097282004
CTC-304I17.3	0.00430105598965831
ST14	0.004300006305203029
RP4-635E18.8	0.004299615523404537
RP11-711G10.1	0.004298062049830062
MT2A	0.004298032706654255
RP11-204E9.1	0.004297695385410688
H2BFWT	0.004297454829052876
NSMAF	0.004296814157651436
RPL13AP17	0.004296399453779903
RP11-367E12.4	0.004295923665151727
RP11-499O7.7	0.004295921948013748
LL0XNC01-131B10.2	0.004295617684662588
RP11-621H8.2	0.004295446752179118
RP11-143K11.7	0.004295117119066202
IGKV2D-40	0.0042950752400002755
HLA-DRB5	0.004294848461069588
MRPL35P1	0.004294574925420401
ALMS1-IT1	0.004294152748729506
MAGEL2	0.004293965004330145
HNRNPA1P22	0.00429349444409254
ISG15	0.00429316787740962
RP11-420K14.6	0.0042910999084878575
RP11-95H11.1	0.004291042067327405
NUTF2P5	0.004290929157938984
RNU7-13P	0.004289800722307694
CTD-2547L16.3	0.004289574323403982
SNORD63	0.004289334002983486
AC009237.16	0.004289311105775062
NKX2-2	0.004288827584935029
FAM160A2	0.004288725848291689
MIR559	0.0042875930772999496
RP11-364B6.2	0.004287516988000239
ARPC3P1	0.004286944191306692
SNORD114-17	0.004286352935678896
DARS2	0.004286301329783639
AC005523.3	0.004285998953533774
RP11-338L22.2	0.004285713107978704
TECRP1	0.004285194204432393
DLEU2	0.004284747339359674
AIMP1P1	0.00428472041027118
SF3A3P2	0.004284463612638785
CTA-221G9.10	0.0042841460131257504
S100A8	0.004283858516485456
RP1-152L7.5	0.00428263011050172
AC079354.5	0.004281240066202142
RP3-453C12.15	0.0042811062498085955
Y_RNA	0.004280497368117624
AGKP1	0.004280468508325674
RP11-27M5.1	0.0042798301371246026
OR7E106P	0.00427933791488352
MYLK2	0.004279076719322918
MTCO2P16	0.004278754757843967
ADCK2	0.004278752197807869
ATP23	0.004278636345198138
Y_RNA	0.004278025796251237
GALNT2	0.004277927144684761
LMF1-AS1	0.004277905826022885
AC005019.3	0.004277744848257355
RNU6-503P	0.004277079669704621
GTSE1-AS1	0.004276787692931014
ABHD8	0.004276104466990847
RP11-399K21.10	0.004275305387072882
RP11-537H15.3	0.004275304296431211
RAD23A	0.004275220578248803
CTD-2530N21.4	0.004274671744888751
RP11-38L15.3	0.004274588082632817
AC079988.3	0.004274182569672643
TRIM63	0.004273971296706483
RP11-56F10.3	0.00427372670215133
TMEM238	0.004273517683201361
DEPTOR	0.004272650626074112
RP11-407P18.1	0.004272391515380148
DEPDC1-AS1	0.0042723485046006525
RP11-44K6.2	0.004272291798611912
RP11-297C4.1	0.004271609182094011
FOXD3	0.004271568020683813
RP11-344B5.4	0.004271541529926744
LINC00311	0.004271417633440109
RP5-933K21.2	0.004271329771364352
TMEM185A	0.004270707249681932
AL049872.1	0.004270624654452267
MIR3186	0.0042701666645718174
RP4-701O16.5	0.004269861966101767
CTB-138E5.1	0.004269051348859175
RP11-114F3.2	0.004268483766315868
RP11-445N20.2	0.004268048388819047
RP11-345P4.6	0.004267952102817069
NPTN-IT1	0.004267369365311608
RP11-9E17.1	0.004267163051430143
KB-226F1.2	0.0042671566200298315
LINC01333	0.004267118449081934
RP11-365O16.1	0.004266953288200752
HAGLR	0.004266864001078721
LINC01311	0.004266838891964901
Y_RNA	0.004265677559644288
MIR1302-8	0.004265652726438605
MIR5697	0.004265526703075598
RP11-342D11.2	0.004265236983381622
RP11-553N19.1	0.004264747608725791
ZKSCAN8	0.004264537122384296
BACH1-IT2	0.004263756173388651
PCBP3-OT1	0.004263627854805462
MRPS17P9	0.004263112145267062
AC004987.9	0.004262700360419024
ARMC12	0.004262498041574968
HNRNPA1P64	0.004262377310426337
RP11-356C4.6	0.004261787242727053
RP11-7F17.1	0.004260878872055929
DUXAP7	0.004260663502337348
SNX17	0.004260412043703047
Y_RNA	0.004260314370080964
LINC00960	0.004260186761217741
SOX30	0.004260082475712971
RN7SL341P	0.004259947741945152
RP11-484D2.3	0.004259790624253998
FAM90A12P	0.004258981250298291
TXNP6	0.004258621526079055
ACKR4	0.004257832287070699
RP11-370A5.2	0.004257381258817535
CCKBR	0.004256809501659162
PKP4P1	0.004256789597496597
RP11-143E21.3	0.004256769710012573
IRAK2	0.00425638216157662
TMEM87B	0.004255976655689549
RP11-143N13.3	0.00425587909540996
AC093698.1	0.00425561848618263
RP4-536B24.2	0.004255386547863286
RPS24P6	0.004255232459759858
IGHV3-66	0.004255107845231124
TSEN15P1	0.004255024387656328
AC008278.3	0.004254852827805863
OR6S1	0.004254394890987747
RP11-253E3.3	0.004254374762022181
RP11-1134I14.8	0.004254332245538793
RP11-80H8.4	0.004253976831358671
LRRC37BP1	0.004253843943140977
CASP14	0.004253792489075764
RPL23AP14	0.004252363488957004
RP11-527F13.1	0.004252049288923299
RP11-64B16.3	0.004251626930141499
RNU6-663P	0.004251303912768757
UPK1B	0.004250789436810538
RP11-559M23.1	0.004250648235089775
TXK	0.004249521377053314
CH507-210P18.3	0.004249472921718241
RP11-91P24.3	0.004249156807973802
CTB-113P19.5	0.00424825203144698
AC013472.3	0.004248250672822754
TMEM14DP	0.0042471743791828
RP11-140M13.1	0.004246245070172753
MIR4673	0.004246217142529719
ANKS4B	0.004245858112486428
AGPAT4-IT1	0.004245577719478927
RP5-1101C3.1	0.00424555165805244
RN7SL704P	0.004245532092662471
RP11-307C19.2	0.0042454500941726675
RP4-775C13.1	0.004245441178833149
RP11-94C24.13	0.004245297883675991
RP11-728F11.4	0.004245223369208429
RNU2-11P	0.004244626012944557
CES1P1	0.0042437429206892245
RPS18P6	0.004243159778473307
SNORA51	0.00424281116089368
EEF1GP8	0.0042426741044876105
LINC00379	0.004241578730817281
RP1-111J24.1	0.004241452895114426
RP11-296I10.3	0.004241407938624904
RP11-87C7.3	0.0042402649657667995
B3GNT9	0.004239674066870079
ARMC10P1	0.004238794276987848
RP1-159A19.4	0.004237683348897053
CTD-2540L5.6	0.004237548775810631
AC007349.7	0.004237336144289393
RN7SL571P	0.004237229717072826
RP11-347H15.1	0.004236528497563708
AF131216.6	0.004236289119825815
ANKRD20A6P	0.004236100066318136
KRT18P19	0.004236039942517647
TPT1P9	0.004235064006815439
TUBB2A	0.0042349447190360035
RP5-928E24.2	0.004234825158505987
RP11-367J11.3	0.004234723645916719
IGHV3-41	0.004234717361470921
RP11-281O15.8	0.00423457563352712
RP11-1038A11.1	0.00423454405820553
RNASEH1	0.0042344313298022795
STUM	0.004234222335365166
RNU6-1266P	0.0042341342402963875
SLC15A4	0.004233845530697503
CYSTM1	0.0042335276534010684
MTUS2-AS2	0.004233441903796624
RP11-514P8.8	0.004232472350338884
RP11-199F11.2	0.004232371636604398
RP5-872K7.7	0.004231800778463913
MTCO3P29	0.00423179875531403
RP11-57H14.4	0.0042313239414738645
FSIP2-AS1	0.004231218852985353
FAM175B	0.004231110955665038
CTC-453G23.5	0.004231023931810582
CTD-2061E19.1	0.004230306185475598
RP11-408H20.3	0.004229673059431444
RP4-738P15.6	0.004229505446791356
MYH15	0.004229353768753686
AC018641.7	0.004228432732052891
RCBTB2P1	0.004228114411805444
MIR5691	0.004227994544650112
UGCG	0.004227808869870838
AC026271.5	0.004227761548402774
SLC17A6	0.004227601874701483
MTCO3P44	0.004227578289739627
RP1-283K11.2	0.004227513384799179
RP11-326E22.1	0.004227036896387646
LRRC37A3	0.004226968541336524
BCL2L2-PABPN1	0.004226594025301018
AL157871.2	0.004226426026004712
RP11-438C19.2	0.004226014903953348
hsa-mir-3130-1	0.004225950017321578
STARD7-AS1	0.004225826761884321
CRLF2	0.0042255556844885715
LINC01484	0.0042245677507322865
AC093162.3	0.0042242763151050374
RP11-59N23.3	0.004224211978356733
CTF1	0.004224178735791911
RP11-624L4.1	0.004223880165444536
YWHAZP5	0.004222950331988861
FAM69C	0.0042226246524637145
RP5-1121E10.2	0.0042218181458248474
SPSB2	0.004221745533059382
TMEM61	0.004221399563614091
FRG2B	0.004221225146659836
CASK-AS1	0.004220515083672324
RPL12P38	0.004220484859850746
RN7SKP140	0.004220011307900343
RP11-120I21.2	0.0042198898127192
ZBED1	0.004219341640110444
RP11-666F17.1	0.0042192669444142345
ACTL10	0.0042188429288474985
RP11-512N21.3	0.004218462006792966
RP11-622C24.2	0.004218054011569343
AC053503.6	0.004217971412418812
RP11-51G5.1	0.004217933480728447
RIMBP3C	0.004217781314675672
PABPC1P3	0.00421766859512058
MIR6877	0.004217276251345641
RP11-656D10.6	0.004216861608264757
RP11-321E2.5	0.004216844707482769
AC005592.2	0.004216598355344175
AP002954.4	0.004216431818463557
SPRYD3	0.004216399014998821
NDUFB10P2	0.004215755462355277
RPL7P37	0.004215625966646783
RP11-113C12.4	0.004215614885939043
MIR499A	0.004215537707982124
RPS3AP49	0.0042155294323252485
AC093627.12	0.004215112491181526
AC092198.1	0.004214867802392893
AC105402.4	0.0042147649111954595
RP11-215P8.4	0.004213445347345992
RNU6ATAC27P	0.00421329781991963
CSE1L-AS1	0.004212582339438728
MKRN9P	0.004212230336745091
RP11-97O12.7	0.004212222394730044
RP11-100E13.1	0.004212183865332099
RP11-54G14.1	0.004212066289765958
RN7SL230P	0.004212041581113159
MIR548AA1	0.004211935829356768
RP11-728F11.3	0.004211838472118522
MIR3157	0.0042098938445405245
GIMAP8	0.004209713299121186
CTB-174D11.3	0.004209293841600588
RP11-507J18.2	0.004207997332298301
CA14	0.004206822485068611
CYCSP42	0.004206483141066304
AC006195.2	0.004206024818049498
RP11-293P20.2	0.004205904045614976
RNA5SP311	0.004205835355434354
AC002056.5	0.004205761532879516
RP11-334L9.1	0.004205702536957594
KCNAB3	0.004204827633340684
GRAMD4P3	0.004204109953884543
RNU5E-10P	0.004204021930933489
RP11-386J22.3	0.004203801689209802
RP11-65N13.8	0.0042024697962559174
SENP3-EIF4A1	0.004202150144768957
RNU6-1128P	0.004201987203270415
POP5	0.004201726902256394
RP11-243J16.7	0.004201189526918116
AC008697.1	0.004200898979812261
RP11-713C5.1	0.004200858775667959
HOXC13	0.00420045457425727
TRBV20OR9-2	0.004200191450088429
IFNA17	0.004200047855453135
ATG4D	0.004199758376702625
MRPL54	0.004199726316768693
XKRX	0.004199676756023445
SNORA64	0.004199505542794448
OR10AD1	0.00419933495420615
XXbac-BPG294E21.9	0.0041988636732672125
IGHV3-52	0.004198851006356544
RP3-369A17.4	0.004198632872432975
CBX1P1	0.004198523776247166
KCNE2	0.004198218599777644
TOMM20L	0.004198092440011802
YPEL4	0.004197968239418606
RPL32P33	0.004197546380201756
CTD-2659N19.9	0.0041967639509041315
CYB5D2	0.004195850296424982
MT-ND3	0.0041956126960959565
PTF1A	0.004195293504462814
RP11-218D6.4	0.0041949504734755
BNIP3P28	0.004194653050797422
RP11-5C23.2	0.004194586399742219
AC009227.3	0.004194335476621092
RPAP2	0.004194290724102701
RP11-879F14.3	0.004194063791993763
RP5-999L4.2	0.004193993903630927
HEIH	0.004193947951678866
ERVK3-1	0.004193260439475103
ERCC6L	0.004193097985225489
RP11-461O14.3	0.004192911460763985
RP11-796G6.1	0.00419285779683054
RP11-479I16.2	0.004192165463150048
INE1	0.004192146719731287
AC079325.6	0.004191760956021833
RP13-487K5.1	0.004191417571722709
RP13-726E6.2	0.004191412702354838
CTB-43E15.1	0.004191237965946462
CCDC182	0.004191141930607076
RP11-820K3.3	0.004190679258009885
RP11-513N24.1	0.004190657110624573
RP11-116N8.4	0.004190580690880285
MIR6871	0.004190392497302967
RNU6ATAC11P	0.00419034486392162
RP11-539G18.1	0.004190162322480739
OR7E28P	0.004190125475450169
CCNO	0.004190075162817368
RP11-481E4.2	0.0041899926364184345
AC010641.1	0.004189332437815617
AC091878.1	0.004188944876048456
LINC00959	0.004188913043513765
CCND2-AS1	0.004187659004257706
RP11-43N5.1	0.004187375750211286
GBP7	0.004186530522557868
SPACA5B	0.004186439639648308
RP6-109B7.2	0.004186050336295687
MRPL13	0.004185959973134466
GJA5	0.004185783340797246
VMP1	0.004185724485548858
RPSAP6	0.0041856347900451115
WDR45BP1	0.0041854887938622696
ELFN1-AS1	0.004185378404495414
CNOT7P1	0.004185261743119904
CTB-58E17.3	0.00418450569044251
AP006216.10	0.0041842660380534465
AC018890.6	0.004184116217341023
LINC00493	0.004183757459807631
RP11-677M14.3	0.004183522589006143
RP11-35N6.6	0.0041831928694431786
RP1-288L1.5	0.004183073321713919
CTD-2651B20.1	0.004182895154828684
RP11-374A22.1	0.004182442573499518
FLJ37505	0.004182417677297031
MIR5089	0.004182397440272385
C7orf73	0.004182209754372475
RP11-364B14.3	0.0041817041746774345
RP11-758I14.3	0.004181316368950869
RN7SKP25	0.0041810171428290025
KRT18P8	0.00418091757857849
H3F3AP5	0.004180726007852002
RP4-737E23.7	0.004180680803206117
MTCO1P40	0.004179644619867296
AP000350.5	0.00417903388409135
RP4-758J18.10	0.004178925699222929
ABT1	0.0041788855765696065
IGHV7-27	0.0041778336917671285
CTB-78F1.1	0.00417777849436047
RP11-4B16.1	0.004176889767589413
CTD-2207P18.2	0.004176807209465587
KCNIP4-IT1	0.0041764444451169265
RP11-567J20.2	0.0041759942191498135
SNORA36A	0.0041759884560887564
MARCKS	0.00417595881193571
RP11-499A10.3	0.004175886793051239
RNA5SP399	0.004175688472408684
RP11-351I21.7	0.00417343057030178
RP11-565J7.1	0.004173177593718849
RPL6P24	0.00417292948895437
RP11-932O9.10	0.004172128352289986
RP11-320H14.1	0.004171517861167483
RP11-120J1.1	0.004171237337009561
RPS25P9	0.0041712017854671
RP11-116O18.1	0.00417104417150519
NBPF8	0.004170981674781331
IL12B	0.004170853319218536
AC005808.3	0.004170223406563346
CLEC5A	0.004170218936435521
RP11-736K20.6	0.00416999530315459
NTM-IT	0.004169740381653678
AC004941.5	0.004169699676305546
CICP20	0.004169639151811255
CTD-2555A7.2	0.004169622335468441
RP11-484P15.1	0.004169579198726503
RP11-554L12.1	0.004169389204086174
KRT8P31	0.004168996304030205
CDK6	0.004168970075719704
RP11-764I5.1	0.004168895910372177
RP1-288H2.2	0.004168353150145691
SCARNA24	0.004168027226024797
CSNK2A2	0.004167862294225628
ALG10B	0.004166358351448608
SLCO1B1	0.004165962203122475
SNORD48	0.004165930463312019
NAGS	0.0041659168561080364
RP11-296A18.5	0.004165343210383055
SNRPGP9	0.004164646928481765
RPSAP43	0.004164627382230307
RNU6-921P	0.004164187930510645
RPL29P24	0.004164153772202864
RNU6-1016P	0.004163635228109525
SIGLEC12	0.004163391760658011
AP002414.1	0.0041630975389600694
CTC-303L1.1	0.004162250097905107
CEP57L1P1	0.004161820781017904
GSTA8P	0.004161474511556504
GPS2P2	0.004161462026422168
CGB7	0.004160815960417854
RP11-542G1.1	0.004160723131212955
FAM221A	0.004159687097224346
AC113167.1	0.004159651979928628
C2orf42	0.0041593852317442035
ALOX5	0.004159363300120587
AC004901.1	0.004159005159269557
RP4-575N6.2	0.004158787317366649
RP11-1299A16.3	0.004158653702739294
RP11-3D4.2	0.004157918258882379
RN7SL636P	0.004157739233224579
IGHV3-19	0.0041572277317809
IGLVIV-66-1	0.004157225631204384
KLRC4	0.004156761833777363
ZBTB41	0.004156270103887087
AL590762.7	0.0041561120501431405
SRA1	0.004155943459622354
MAN1A2P1	0.004155768861467673
ISPD-AS1	0.0041556593948223145
AC018738.2	0.004155534342189622
RP5-836N17.4	0.0041544902530706125
U1	0.004154358130145519
UBE2V1P2	0.004154212459497581
RN7SL182P	0.004153925557000462
RP11-886P16.10	0.004153804153739299
MT1XP1	0.004153454642301261
RP1-69D17.4	0.004152774117833943
KCNB1	0.004152396801143331
SLAMF6P1	0.004151600099932986
RP11-365F18.1	0.0041514485703098136
RP1-151F17.2	0.004151215342889431
MIR5693	0.00415073379993987
IGKV2-26	0.004149601882553681
FLJ38576	0.004149299952796797
RNU7-175P	0.004148146734412897
TEX2	0.004148138017130915
AC007679.1	0.004148091327247508
SEMA4C	0.004147917331135021
VN1R20P	0.004147719175305885
AC004854.5	0.004147677327936632
RP11-94C24.8	0.004146929004783024
LINC00294	0.004146786590705357
GUCY2EP	0.0041465730611309854
OR2AM1P	0.004146367292198428
TXNP4	0.0041461676330613005
RP11-359E3.4	0.004146100292121552
RPL7AP2	0.004146011244382719
PPP1R16A	0.00414563908090262
EIF5	0.004145454314070224
ZFY-AS1	0.004145365030077577
MIR8087	0.004145201088117362
PKMP3	0.004144778393547084
EIF1B	0.004144615285394246
RP11-234B24.6	0.00414459793730057
RP11-700N1.1	0.004144515220474972
RNA5SP122	0.0041445151563059635
GNPATP	0.004144156850878323
LENG9	0.0041439531374985105
LY86-AS1	0.004143551405279361
RP11-2E11.6	0.0041427918905719684
NXPE1	0.004142731382165658
RN7SL408P	0.004142168365124012
RP11-989E6.13	0.004142137808728834
IGKV1D-43	0.004141868356953237
RP11-304C12.3	0.0041417566310857365
CTA-254O6.1	0.004141314588574287
NOVA2	0.004141171362770421
CTC-281M20.1	0.0041401476626701066
RP11-238K6.1	0.004139991334616627
AL133493.2	0.004139831865592194
RN7SL597P	0.004138751439927783
SLC5A4P1	0.004138328198042818
Vax2os1_3	0.004138158166345724
RP11-731K22.1	0.004137811601317816
ZNF101P2	0.004137790614164676
GPAA1	0.004137721157522523
LINC00479	0.00413769146321217
MIR6880	0.004137401570959579
AC144449.1	0.004137114814090139
LINC00336	0.0041369320987351315
AC068492.1	0.004136761653416962
RP11-71N10.1	0.004136527920979756
RP11-501E14.1	0.004136308872076149
ALDH7A1P1	0.004136093852398638
AL162759.1	0.0041359883546897526
Metazoa_SRP	0.004135199402267586
CRISPLD1	0.004134494278527071
GFRA3	0.004134052546439812
CTD-2576F9.1	0.0041333683276129855
LINC01093	0.004133102197776753
AC079907.1	0.004133095461826553
RPL29P2	0.004133057629121083
IGLV3-25	0.004132920051961944
MRPL57P3	0.004132857709889319
RNA5SP44	0.004132359798079851
MAPKAPK2	0.004132188276068088
CASC17	0.004131596329162871
RP11-181K12.2	0.004131426991562499
CDK2AP2P3	0.004131413287874286
AC007131.2	0.004131315251584512
RN7SL168P	0.004131142652791096
IGHV3-49	0.004130490200913059
RP11-446F17.3	0.004129835187124316
LRRC26	0.004129759291211471
LINC01572	0.004128900368198885
RP11-298E9.6	0.004128649075421334
RP11-169N13.4	0.004128632042874693
RP11-277P12.10	0.0041284549813466525
NDUFA5P11	0.004127899903126371
SRCIN1	0.004127842658654084
WI2-8325B5.1	0.004127791383249472
CTD-2523D13.2	0.004127771969817308
RP11-173A6.2	0.004127466993780255
OR1E2	0.004127228112105861
LRRC37A16P	0.004127055478492952
RP11-10N16.2	0.004126629059090331
RP11-417N10.3	0.00412638242379426
RP5-892G5.2	0.004125238239046846
KRTAP10-6	0.004125145394386681
C16orf96	0.004124919113113497
PAIP2B	0.004124831394026358
RNA5SP201	0.004124516297229682
BLACAT1	0.004124379669103794
HSCB	0.004124321333037762
KCNK6	0.0041240956344989355
HNRNPA1P30	0.00412403224268932
RP11-272K23.3	0.004123591674366309
AC007192.4	0.004123504205896768
RP11-1078H9.5	0.0041232841026308765
AC016292.3	0.004122965810098018
STC2	0.004122951757347355
RN7SL262P	0.004122716118956588
AC096669.3	0.004122224406374163
MIR361	0.004121737766572246
RP11-1035H13.2	0.00411897756121176
RP1-37N7.1	0.004118708274144938
RPL21P133	0.004117825106266895
RNA5SP124	0.0041177690163412845
RP1-267D11.1	0.00411751466302462
GS1-124K5.13	0.004117141765493793
RAB10	0.004116763821096128
LINC01346	0.004115846312390602
RP11-532F12.5	0.004115191817570467
LINC00322	0.004114869626378793
ATAD5	0.004114562059555654
MEG8	0.004114466189783928
MT1P1	0.0041144199752061175
AC005355.3	0.0041141960469367024
Y_RNA	0.004114092245378899
RP11-182N22.8	0.004113416471460515
CCDC8	0.004113332688662371
RPSAP48	0.0041132819894267
RP11-70F11.11	0.004113056042433816
TMEM215	0.004112999411203379
HLA-DPB2	0.004112631428268292
BMS1P16	0.004112443715501787
TMPRSS15	0.004112319069314008
AC005609.2	0.004112127902450216
NLRP9P1	0.004112105745254096
RP11-444P10.1	0.004111153066960401
SPATA31B1P	0.004110919100201248
MTCO1P31	0.004110909575601791
RPS3AP22	0.0041102814787477415
SP6	0.004109582079274621
RP4-584D14.7	0.0041088045526672225
RP11-45A17.3	0.004108093944164462
RPL7P23	0.004107850522777459
CTD-2540B15.6	0.004107830540919094
ADAMTS12	0.004107134932954391
RP11-848P1.9	0.004106487471477557
CFC1	0.00410616736271135
AC003956.1	0.004106034447811921
HSPE1P27	0.004105461375730626
RNU6-2	0.004104446755507776
TIMM10	0.004104404601925614
BEAN1-AS1	0.004104032705379585
RP11-27G24.3	0.004103343235200639
RP11-798K3.4	0.004103279293385981
ALDH18A1	0.004102865391144295
MIR623	0.0041021631221927896
ZBTB8B	0.004101914888657195
RP11-977G19.14	0.004101657450422137
RAG2	0.00410121602232684
LINC01231	0.004100752172714105
RP11-568K15.1	0.004100700304697856
RP11-344N10.5	0.0041001822309314605
LA16c-335H7.2	0.004100156942851394
FLJ37035	0.004099751647279795
RP11-715I4.1	0.004099600055028703
RP11-212D3.2	0.004099313880808024
CTC-312O10.3	0.004099311660390475
MIR4671	0.004099244819509337
RP11-763B22.7	0.004099218009677492
AC073333.8	0.004098961434190869
MFSD6L	0.004098853473695798
RN7SL460P	0.004098731646029046
FAM27E2	0.004098724076455308
RAD9A	0.004098595631908009
ODCP	0.004098351817077356
SPSB4	0.004097605239239648
RAB39A	0.0040975859936777026
Y_RNA	0.004097473398821054
AC009948.5	0.004096854656507951
NENF	0.004096829732148546
BX322557.10	0.004096734617780858
RP11-123M21.2	0.004096365900335024
NFIL3	0.004096336878008907
RP11-142C4.5	0.004095828674346147
CYP4F34P	0.004095552093684873
SLC10A1	0.004094992231343538
RP11-12D24.10	0.004094760515242891
SMIM13	0.004094614933735256
AC006548.28	0.004094149607784045
RP11-318A15.7	0.004093829801049762
AZGP1P1	0.004093711524420689
RP11-293M10.6	0.004093528574612854
OR11H4	0.004092898773374323
MRGPRD	0.004092642733569546
AP000473.8	0.0040922298358066055
RP11-472M19.2	0.004092170946244966
MORF4	0.004091703899674194
Y_RNA	0.0040915618007775715
RP4-816N1.7	0.004091213909871926
RP11-114F10.3	0.004091044379379214
MIR3153	0.0040906187586700815
UGT2B24P	0.0040900495595683015
AC009262.2	0.004089914697687053
UBE2T	0.004089655496661678
RNA5SP139	0.004089307905802215
MIR5696	0.004089005911772654
OR52W1	0.0040888560576705785
AF011889.5	0.004088835463212617
RNU6ATAC36P	0.004088586348745492
RP11-404L6.2	0.004088518267571212
RP4-561L24.3	0.0040884087395665625
IGFL1	0.004088326719060053
LPCAT2BP	0.004088264335009412
ANO8	0.00408806764759967
EIF2S2P4	0.0040879772506825975
CTB-176F20.3	0.004087804087983433
HSPE1P2	0.004087625132237419
RP11-191L9.4	0.004087362629894841
SNORD116-16	0.004087215602725278
LRCOL1	0.004086812185998312
AC010731.4	0.004086563257066249
ZNF138	0.004086193714848325
RP11-803P9.1	0.004085442092829197
RPL7P32	0.00408520735600747
RP11-613E4.5	0.00408506652841282
COTL1P1	0.004084691250663775
RPL21P92	0.004084599213788364
CASKIN2	0.0040836004554581215
RP11-60E8.2	0.004083025515549412
RP11-270M14.5	0.004081876089506376
AKR1C7P	0.004081586070007369
OLIG2	0.004081422790872612
MIR4786	0.0040813184273421595
CTD-2651B20.3	0.004081291062131724
KRT18P42	0.004080981240527172
RP11-261C10.8	0.004080441933179642
AC025811.3	0.004080298792804285
SNORD56	0.004080134188188664
UBL4B	0.004080008432343663
UGT2B15	0.004079990064196078
CASC20	0.004079482374006908
IGLL4P	0.004079296377392326
RP11-626E13.1	0.00407858367226009
AC093110.3	0.00407811792700423
CTC-550B14.7	0.004077793930318638
RP11-439M11.1	0.004077632136206345
CTD-2240J17.3	0.004077534096758273
ZNF800	0.00407687461330022
RP11-122K13.7	0.00407650467053348
RP11-20L24.1	0.0040760998650607744
RP11-30P6.6	0.004075960616912397
LENG8-AS1	0.004075932298914311
RP11-867G23.2	0.004075823505897117
MIR1289-1	0.004075751838471697
IGLV3-1	0.0040757447842587795
UBQLN4	0.004075495709983414
TRIM45	0.0040750658223582545
BEX4	0.004075006724162162
RPL21P40	0.004074841162649982
Y_RNA	0.004074570912861766
ARHGAP19	0.004074170867538311
RP4-713B5.2	0.004074023358700848
GRM7-AS3	0.004073992899218745
CD52	0.004073810318556894
RP13-128O4.3	0.004073721647759626
GRK6P1	0.004073359424444333
C3orf36	0.004073227442930456
MGC16275	0.004073168086813677
SLC6A18	0.004072622925336255
COX6A2	0.004072198580455166
FNDC8	0.004071647083850849
RP6-74O6.6	0.004071480719734774
KB-208E9.1	0.004070942920388086
ZNF583	0.004070585354019381
RP5-991G20.6	0.004070392348237818
AC005197.2	0.004070215723599424
RP11-286N22.8	0.004069802163922729
GMDS-AS1	0.004069544414669385
Y_RNA	0.0040688545411559805
RP5-1119A7.17	0.00406875954717891
AC011516.1	0.004068642770428121
RP4-660H19.1	0.004068440126616835
RP11-138H8.3	0.004068307859026472
RNU1-134P	0.004068001573137038
ZNF30-AS1	0.004067996646759714
RP11-527N22.2	0.004067913507288935
RP11-348J12.2	0.004067734308611983
RNU6-1010P	0.004066929865072923
BCO1	0.004066842600078538
SOX9	0.0040663809537180105
RP11-545G3.2	0.004066296106020384
IGKV3OR2-268	0.004066227513509882
RP3-337H4.9	0.004066224189751336
RP11-269F21.1	0.004066101596952923
AC005740.3	0.004066085772427198
AC093495.4	0.004065994962203936
Y_RNA	0.0040659055578155055
SLC25A5P6	0.00406574684343951
RP11-231G3.1	0.004065129036801553
FAM187B2P	0.004064998262228318
RP11-402J6.1	0.004064060544094671
RP11-127I20.7	0.004063923596085019
CBX2	0.004063641439212338
RP11-297J22.1	0.004063203823692303
RP11-540K16.2	0.0040627165492352554
CCNI	0.004062474550183196
RP11-182J1.14	0.004062332386464953
PALM3	0.004062270526444363
RP11-759A9.1	0.004061383122000172
CENPW	0.004061330727071714
PSMB8	0.004061230947510342
RPL18AP7	0.004061222155921768
ASPHD2	0.0040609995340059
TFF1	0.004060994413482914
ZNF385D-AS1	0.004060711442873456
PPIAP32	0.004060672475053821
RP11-73M7.9	0.0040603339888386205
uc_338	0.00406027595139306
CTD-3032H12.1	0.004060211385754439
RPL7P3	0.004060156197124494
U2	0.0040599479091362935
ASCL3	0.004059686870335089
RP11-802O23.4	0.004059658125294162
RP11-101O6.2	0.004058689715307737
C6orf25	0.004058671547403322
ZNF594	0.004058566469310339
CTD-2644I21.1	0.004058158177441162
CH17-472G23.1	0.004057951489969199
TRHR	0.0040573803268074615
RP11-325L7.2	0.00405717738941266
RNY4P6	0.004056461417446553
CACNG2	0.004056025963121152
RP11-65J3.15	0.004055989871130374
AL138751.1	0.0040556796563817835
LYPD2	0.004055484911030907
CTD-2509G16.5	0.004055390425362267
SNORD11B	0.004055080875992274
EWSAT1	0.004054936222893436
AC007950.1	0.004054847285479766
PPIAP24	0.0040546738753163124
TCAF1	0.004054361814884073
RPSAP11	0.004054279070584034
TPT1P4	0.004054204563156859
CH17-431G21.1	0.00405409110468752
AC002398.13	0.004053877924826096
RP4-761J14.8	0.004053635598251278
RP11-74C1.4	0.004053524850519014
PPME1	0.004052180845758326
AC073310.4	0.004052156501479377
MIR369	0.004051910558301886
AC087163.3	0.004051887028840513
AC007557.5	0.0040518588703179845
RP3-474G15.1	0.004051781708028609
SUPT16H	0.004051600902313612
U3	0.004051519894519179
RP11-615I2.6	0.0040507003415563
CECR5-AS1	0.004050671323259085
RP11-1078H9.6	0.004050534668961651
RNU6ATAC39P	0.004049892518236268
RP11-69L16.5	0.004049048233834413
ST8SIA6-AS1	0.0040488034205199515
S100A6	0.0040487539938789145
AC034220.3	0.004048636873429266
CH25H	0.00404828628155623
RP11-14O19.2	0.004047200480320332
CCDC166	0.004047013429232403
LINC00684	0.0040468411544748025
RP11-468E2.2	0.004046620717154498
RP4-616B8.4	0.004046602358203394
RP11-323A7.1	0.004046384886082206
AC006116.12	0.004046244902453393
RP11-319G6.1	0.004046200364516301
RP11-34P1.1	0.0040461303875152345
PMVK	0.004045841470494295
GS1-306C12.1	0.004045686313809439
LINC01103	0.004045485033214069
RP11-456O19.2	0.004045431422550237
AC009120.8	0.00404530440279388
RNU6-1011P	0.0040449713277668775
RP11-60H5.1	0.004044557244814402
IPO8	0.00404433838571312
SNORD116-8	0.004043717470330591
CTDSP2	0.0040437130845424624
RP5-837I24.1	0.00404355692581019
GRIN3A	0.0040432080392499405
RP11-815J4.7	0.004042776906751556
IVD	0.004042647936026956
AFAP1-AS1	0.004041700974365733
SCAANT1	0.004041601890171685
IL23A	0.004040296670752663
OR7E110P	0.004040290329018446
RP11-693J15.3	0.004040190817278406
CTC-336P14.1	0.004039946843478337
RN7SL447P	0.004039739481697632
BAP1	0.004039202209506473
U91319.1	0.00403893586400727
EXOC8	0.004038344170213883
ZNHIT2	0.0040381207864730664
AC006070.12	0.0040379812683237195
RPS27AP13	0.004037833756023358
KCTD9P1	0.004037691423662846
KCNU1	0.00403735911119466
CTC-448F2.4	0.00403662673021748
TTC32	0.004036526155356147
KRT18P46	0.004036495709301689
ZDHHC11B	0.004036484378296459
CYB561D2	0.004036390213664761
GLA	0.00403605090818684
RNA5SP131	0.004035936167225314
RPL7AP60	0.004035844295834379
MCPH1-AS1	0.004035816451427938
PRKAG2-AS1	0.004035697263067839
NPTXR	0.00403531345281419
RP11-420J11.1	0.004035074266622847
SPRR2A	0.004035060928323244
RP11-374M1.4	0.004034700228162327
PPIAP19	0.004034546253472816
RP11-307O13.1	0.00403429775018035
RP11-351I21.11	0.004033881491513009
ASNSP3	0.004033848423490752
RPSAP66	0.004032565990047455
HEXIM2	0.004032518266050269
FOCAD-AS1	0.00403250131929575
RP11-290F24.3	0.004032242873221714
CCDC150P1	0.004032209325903098
MIR6730	0.0040318252811434386
SNRPCP1	0.0040312557348061865
ZNF649	0.004030802348109574
KLHL34	0.004030595497652003
RP1-102E24.1	0.004030589255816716
RP11-809O17.1	0.004030405202514328
TSHB	0.004030293744786173
RP11-507K2.6	0.0040300544855506265
RP11-84C10.4	0.0040299014092332365
RCE1	0.004029143591668624
ADAT1	0.004028792301444457
RPP21	0.004028640496990351
RP11-154B12.3	0.004028055639452801
ZNF285	0.004027807260955266
RP11-571M6.17	0.004027550174908183
RNU6-1311P	0.004027135506576036
SLC6A1-AS1	0.004027058117248273
TRMT61B	0.00402699176564379
IFNK	0.00402622275690135
RP11-89M22.3	0.00402617004548733
RP11-385F5.5	0.004026046213424936
AC007283.4	0.0040255190322604365
FGF20	0.0040254063214701635
SNORA16B	0.004025309069362261
RP11-686O6.1	0.004025275176569229
RP11-541P9.3	0.004025160863811934
RP11-763E3.1	0.0040250183439755486
RP5-1186P10.2	0.004024335322724882
YTHDF2P1	0.0040237955003765025
RN7SL845P	0.004023396913104627
ZNF101P1	0.004023330339052714
MT-ATP6	0.004023185456478469
RP11-34F20.7	0.0040231546761559794
TM4SF4	0.004023135016338816
DBET	0.004023033528975217
RN7SL591P	0.004023006874566381
RP11-334J6.6	0.004022784820206337
RP11-107E5.3	0.004022564830093463
RP11-178L8.4	0.004022551824872868
HSPD1P2	0.00402171996242201
KIF4B	0.004021587717680685
RPL24P2	0.004021397407689014
CTD-2651B20.2	0.0040213934435830295
RP1-152L7.8	0.004021204312103391
LINC00529	0.004021013363256504
RP5-824H1.1	0.004020779391655066
RP11-856M7.2	0.004020712589916058
RNU1-75P	0.004020679257678537
Z98941.1	0.0040205190561718816
RP11-230C9.4	0.00402050100830077
CTC-490E21.11	0.004020479628714036
LINC01630	0.004020371614323994
RP11-56B16.5	0.004020353035590724
RP11-1109F11.5	0.004020052563355372
RP1-101K10.6	0.004019626550727912
CTD-3064H18.2	0.004019567968484811
RP11-156K13.1	0.004019402782034305
MIR5584	0.0040179829572051014
LRRC6	0.004017925749963791
AC010518.2	0.004017055838740899
NPIPB1P	0.004016551697974204
ZNF259P1	0.004015895878808608
AC092159.1	0.0040157963095303305
AC116035.1	0.004015139557188172
Y_RNA	0.004015123151573004
PLS3-AS1	0.004014845811577706
RP11-497G19.1	0.00401451663831043
KRT8P44	0.004014488749924258
RP11-728K20.3	0.004014311792079813
RP11-157G21.2	0.004014012831232326
KB-1043D8.6	0.004013206440914341
PRSS27	0.0040131746508693805
RNU6-411P	0.004012950619605741
RP11-54O7.17	0.004011356793055946
ANAPC1P1	0.004010906504551528
RP11-453N3.7	0.004010011293767463
RP11-840I19.3	0.004009829281342004
AC092628.3	0.004009826554843297
PEX11B	0.004009623841360993
RNU6-233P	0.004009061630888793
RP11-522N14.2	0.004008902672930714
RP11-141J13.3	0.004008680803057861
CTD-2516K3.3	0.004008604456396317
AC108448.2	0.004008342738019626
CRNDE	0.004008237530051182
TGFBR3	0.004008204421722715
RN7SL628P	0.004007873596790641
RP11-10N23.5	0.004007201992646912
CCDC169-SOHLH2	0.004007149774922718
TRAP1	0.004007028432117774
EIF4A3P1	0.004006733315747664
RP5-935K16.2	0.004006421489756433
SNORD39	0.004006090215357487
DGCR10	0.0040060509515931035
SLC35D3	0.004004737669909827
RP11-130C6.1	0.0040046433631056606
NUTM2HP	0.004004207164799409
ADH5P2	0.004003815657466792
RN7SL396P	0.004003265151276635
U4	0.004003215281343922
SNRPGP14	0.004002925752427199
PHBP4	0.004002584209488393
RP3-355L5.4	0.004002489728953002
CT45A11P	0.004002136808059016
RP11-1012A1.4	0.0040017683213042655
RP1-28H20.3	0.004001469063679931
RP11-247A12.7	0.004000866912626585
RP11-80I15.4	0.004000849418340033
PCDH8P1	0.0040008356820256065
snoU13	0.004000827842842521
CTC-340A15.2	0.0040004947776898425
Y_RNA	0.003999624041946287
AC098795.1	0.003999389592615832
RP11-310N16.1	0.003999084669909385
RP11-1275H24.3	0.0039986518731848384
NPY1R	0.003998259003159216
RPL31P57	0.003998209328496526
RNU6-888P	0.003998101781592725
HOXD10	0.00399788649084245
RHOU	0.003997737520243458
RP11-143I21.1	0.003997669320553776
DENR	0.0039974016128430595
RP11-74E22.3	0.003997317994526899
RBM14	0.0039969645958947584
SSC4D	0.003995442546796311
LPAL2	0.003995208930522444
IGKV1D-8	0.003995083969430315
RP3-425C14.6	0.003994981172827079
RNU5A-6P	0.003994909662790126
RP11-479A21.1	0.0039945868230254694
SNORA11C	0.0039940181077454135
EIF4A1P4	0.003993582224702954
DANT2	0.0039932654847990665
LINC01205	0.0039928945082139886
ZNF330	0.003991809427008691
LINC00454	0.003991737991349937
LINC00501	0.003991586354540749
RP11-289H16.1	0.003991583971674448
RP3-404F18.5	0.003990992536167857
LINC01521	0.003990940931505742
MRPL46	0.003990380029100563
SOCS5	0.003990307803290105
MIR7158	0.0039898523332635456
REM2	0.003989409359484958
REV1	0.0039888396317851165
MTND5P11	0.003987356387285211
RP11-295M3.2	0.003986860219600678
RP3-441A12.1	0.003986859555217034
PEX11G	0.003986852509702723
AC005546.2	0.003986825904409852
RP11-47I22.2	0.0039865940663222415
CCDC42	0.003986573420337863
RP11-4M23.4	0.003986090861718761
FTH1P14	0.003985674678406121
OR4A2P	0.003985456890911069
RP11-545J16.1	0.003985111735281129
OR12D3	0.0039846213100759725
AC006539.6	0.0039840854059942496
RP11-715J22.3	0.003984057780086915
RP11-488L18.4	0.003984001718908316
FAM177A1P1	0.003983580521623586
RN7SL806P	0.003983423295158535
AC006026.1	0.003983078015959726
RPL22P11	0.003983051696644539
AC005578.3	0.003982117025469152
CTC-492K19.7	0.003981962989942373
RP13-36G14.4	0.003981483191879433
MTND2P5	0.003981458361140757
MUC13	0.00398140902630362
OR5S1P	0.003981384805984162
RN7SL30P	0.003981260832498905
RP11-728K20.1	0.0039811364874896326
RP5-944M2.4	0.003981101442679144
TMEM30CP	0.003980465797323785
RP11-349H17.2	0.003980310037512703
AJAP1	0.003980292320994085
FAM27E5	0.003980072917827779
CPA4	0.003979998825296052
CDC42BPB	0.003979289525095348
RNU6-302P	0.003979172662707507
MARK2P17	0.003978487380375783
TXNP3	0.003978202873335822
NUDT11	0.003976197354686831
CTC-484M2.1	0.003975725172938616
CENPCP1	0.0039757139314971655
PDCD2	0.0039756181621630835
RP5-1142J19.2	0.0039755694997046145
RP11-82L18.2	0.003975524958866822
RP6-201G10.2	0.003975441861961722
RP11-351M8.1	0.003975028171700546
AC140481.8	0.003974962752804248
TMPRSS5	0.003974601854802929
RP4-601P9.2	0.003974284524899049
CTD-2129N1.1	0.003974141853165703
IFNE	0.003974120664977852
RP11-352M15.2	0.003974088779738269
ZNF407	0.00397368117169322
RCN1P2	0.003973370286317984
MIR4520-1	0.003973126207657192
AGAP12P	0.0039729499899275895
HMGN1P26	0.003972787065740308
ZNF814	0.003972073390115152
RP4-533D7.4	0.003972063542334268
IGKV2-18	0.003971094053816743
SETP3	0.003970875923782703
RP11-14C10.5	0.0039706566845468545
RPL21P120	0.003970290043208761
RN7SKP151	0.003969812538251261
TRIM60P18	0.003969666029868239
RP11-66B24.5	0.003969613700601268
Metazoa_SRP	0.003969373443216993
AC013439.4	0.003969271800162505
RP11-354A14.1	0.003968714955009201
RP11-826N14.4	0.003968662967014104
RP1-135L22.1	0.00396855945708315
AP000439.1	0.003968275192513017
DIMT1	0.003967829978918924
AC024361.1	0.003967599713116053
RP11-367J7.4	0.003967526442976049
RPL31P47	0.003967316399995848
CTD-2194L12.2	0.0039654732453792635
RP11-387M24.5	0.0039651614100175946
EIF3FP3	0.00396513315580026
PTGER4P2-CDK2AP2P2	0.003964360862824429
RP11-286B14.1	0.0039627148479387895
PNLIPRP3	0.003962535675394668
NANOGP4	0.003962189968120347
CTC-420A11.2	0.003962155493861805
RP11-61J19.2	0.003961820520702849
AC087294.2	0.0039610571438478195
RBPJP6	0.003960720241522574
PPP3R1	0.003960576285478935
KIF11	0.003960165871400211
SLC5A5	0.0039598989839107306
Y_RNA	0.003959795147234295
MIR1301	0.0039595418895141815
SAP30	0.0039595339599549795
RP1-178F15.4	0.003959468002162581
RP11-822E23.2	0.0039593127736559505
OTOL1	0.0039589935048662
CTC-203F4.2	0.003958973801286612
OPRK1	0.003958677821383816
RP11-1094M14.11	0.00395838735227451
RNU2-68P	0.003958213692899738
RP11-337C18.4	0.0039581999032264606
TCF7L1-IT1	0.003957398991980848
AC092614.2	0.003957156194083218
RPL12P8	0.0039569024213379905
IGHV3-15	0.0039563476975540786
RP5-1172N10.2	0.003956210755613406
CTD-2331H12.7	0.00395610717557135
IGKV2D-30	0.003955828742341275
CHMP2B	0.003954867474137982
FAM43B	0.003954763645352254
RP11-21L23.4	0.0039545369050732115
XXbac-B444P24.13	0.003954234188137348
GDF10	0.0039540665287680354
RNU6-858P	0.003952815590019009
Metazoa_SRP	0.003951959086408519
RP1-170O19.17	0.0039514819481706875
Y_RNA	0.003951156356819808
RP11-438F14.3	0.003951121733835724
AQP8	0.003950793206507305
AC012358.7	0.003950737696255619
RPL21P110	0.003949790462599666
MIR4428	0.003949543158931351
RP11-6J21.2	0.003949332725652471
LINC01271	0.0039491754904819815
RP11-231E19.1	0.003949129296403975
HCG4P7	0.003949081676740106
DDX28	0.0039487868341768935
RP11-325P15.1	0.003948613934300081
TSEN15P3	0.003948337770114968
CTD-2207O23.12	0.003947141306154655
KRTAP19-8	0.003947071684667664
AC107399.2	0.003947018331257916
LINC01254	0.003946603426888622
RP3-445O10.1	0.003946537681772663
OR1F1	0.003946111313692314
RRM1-AS1	0.003946049056039526
PFN1P8	0.003946017160070271
AC002310.7	0.003945953653373392
RP5-1100I6.1	0.003945831437794566
RP11-53L24.1	0.003945665552999573
AC020951.1	0.003945482228893538
CTD-2588E21.1	0.003945460813664595
AC003005.2	0.003944686436294423
CTB-131K11.1	0.003944045573329365
RP5-1074L1.4	0.003943799575027499
RD3	0.003943713141561254
MRPS18C	0.003942667595778532
CTD-2517M22.17	0.003942664350766891
LINC01044	0.00394259876144384
CTC-487M23.8	0.003942213444426346
EEF1A1P36	0.003941731041853107
RP11-241F15.1	0.003941643266042506
RNU6-315P	0.003941425669772362
RAI1-AS1	0.003941200888662331
HNRNPA1P44	0.003940824448952723
F12	0.0039405561469526736
AC114814.2	0.003940251448001628
C5orf47	0.0039392341077268776
RP11-307L14.2	0.003939066541633542
CTD-2595P9.2	0.003939025122163482
RP11-894P9.1	0.003938997478969464
RP11-341B24.3	0.003938872598006914
ADAM3B	0.0039388020833408125
RP11-176D17.3	0.003938681145221157
AP000436.4	0.0039382290768490225
RP11-328K4.1	0.003938131926962193
PI15	0.003937941530563684
RP11-260M2.1	0.003937793696251553
GID4	0.0039369633965711925
SDHAF2	0.003936959414309297
LL22NC03-104C7.1	0.003936953459994717
C9orf163	0.00393668351918093
AC004980.9	0.003936404266719641
RNU7-195P	0.0039361582007325325
MRPL16	0.003936066058985489
RP11-365D23.4	0.003935987020693278
UBE2F-SCLY	0.003935925772449811
RP11-338K13.1	0.003935916904362081
AL121657.4	0.003935525282834123
RP11-566K11.4	0.00393551889707296
Y_RNA	0.003935437881136835
HIST1H4H	0.003935341392421059
RP11-1166P10.1	0.003934936706618153
C1orf53	0.0039349154973594746
PPP1R15A	0.003934904919960886
RP11-240G22.5	0.003934847461396225
MIF	0.003934627140809886
RP3-391O22.1	0.003933915669925839
ABCC2	0.003933179962869847
EIF1	0.003931948303611283
EMC6	0.003931905650409394
RPL12P30	0.003931273489988337
RP11-147L13.14	0.00393102228728004
EMD	0.003930670395092027
RN7SL152P	0.003930360396547428
FAM199X	0.003930195467953836
IRF2BPL	0.0039301774725061115
RP11-579D7.4	0.0039296765119904535
L3MBTL3	0.003928899977440114
PP7080	0.003928743306451721
RP11-32B5.1	0.00392776882950581
RN7SL824P	0.003927452349834856
CTD-2292P10.4	0.0039273032449896935
RN7SL713P	0.003926611243455898
RP11-304M2.3	0.003926578961013377
RP11-274H24.1	0.003926034035604132
HMGB3P4	0.00392511566523243
CAPNS1P1	0.0039248682908586555
MIR3922	0.003924840414381088
ACP5	0.00392465750045423
RP11-24I21.1	0.003924556855960905
RN7SL39P	0.003924068816729393
RP11-348N5.9	0.0039240573079909365
MIR1226	0.00392345523937616
CTD-2299N12.1	0.003923153384849249
SNORD115-38	0.0039227517230737445
RP11-524P6.1	0.003922583776281835
AC074363.1	0.00392255780720837
RP11-305B6.1	0.003922173343101777
CTD-2071N1.1	0.003922072250534998
ST8SIA1	0.003921747152980873
RP11-210N13.1	0.003921314059394509
RP11-699L21.2	0.0039211006778170085
RP11-583F2.2	0.003920764062239944
RP11-413M3.4	0.003920597256259194
Y_RNA	0.003920445935370422
SMG1P6	0.003920319091028732
RP1-257A7.5	0.00391978823309501
CTD-2366F13.1	0.003919543214655294
GGT8P	0.003919423149561416
LINC00552	0.003919291944278932
GABRD	0.00391923366463467
RNU6-650P	0.003918306410931173
MRPL33	0.00391790237935178
RP11-207C16.4	0.003917784132099823
CDR2	0.0039175858929271
ARMCX3-AS1	0.003916577582113193
RP11-426L16.3	0.0039165420440563925
KRT20	0.0039162466506824116
ANO1-AS2	0.0039162088028322556
RP11-219B4.3	0.00391608625652962
CYTL1	0.003915852032112505
CALN1	0.0039146558240423296
AC090617.1	0.0039145627602888465
GMDS	0.00391401547637849
FOXRED1	0.003913933516299438
RPEP5	0.003913621827155615
CDHR2	0.003913313331471684
FOXN3-AS1	0.0039132149078439996
XXyac-YM21GA2.1	0.0039132094646004935
FKBP14	0.003912997566069872
BAZ1A	0.003912068879221083
RP1-122P22.4	0.003911776952061736
MT-TL2	0.003910793372384711
RAB3B	0.003910571073045117
AC002044.4	0.003910411533487248
ZNF764	0.003910202254223192
CTC-535M15.2	0.003909903860763578
LINC01057	0.0039098365093739006
RP11-848G14.2	0.003909416934539306
RP11-704M14.1	0.003908878563620505
RPL31P63	0.003908856986629801
EFNB2	0.003908545303384948
UCHL1-AS1	0.003908513667789097
AC005592.1	0.003908348812915116
CTD-2095E4.4	0.003908280544393119
ATP5F1	0.003908195731518903
SLC27A2	0.003907979568321095
LINC00675	0.003907888006075473
ABRACL	0.0039078602336721936
RP11-543P15.3	0.003907797971091816
SCHLAP1	0.0039077886116564405
FLJ41941	0.003907056861140388
CTC-398G3.2	0.003906874405437019
RP11-464F9.22	0.003906757655145956
RP11-109J4.1	0.003905914806940637
ZNF224	0.0039058574129497785
TMSB4XP3	0.0039058174313777875
RP11-544I20.2	0.003905203180265749
RP13-941N14.1	0.003905085819573842
AP000347.2	0.003905035535253276
RPL23AP70	0.003904917586331128
GALNT5	0.003904289498905797
SACS-AS1	0.003904266444683424
RP11-228G3.1	0.0039040967981723534
RP3-324O17.8	0.0039039453584612934
DAP3P1	0.003903173376174373
RP11-552M11.8	0.0039026013775154927
RP11-413E1.2	0.0039025762882699314
ARC	0.003902530686186625
IGKV2OR22-4	0.003902379669645435
EEF1B2P4	0.003902175531275824
TUBB8P7	0.0039021688505537625
RP11-74C13.3	0.003902068439818227
RP11-467D18.2	0.003901029576174993
H2AFZP1	0.0039006963372688968
SUMO2P18	0.003899952011002902
BGLAP	0.003899877622561012
AC004009.2	0.003899861034852686
RP11-380B4.3	0.003899779515152133
KCNJ11	0.003899625299951714
RAB28P4	0.0038989129309362053
CDC42P6	0.0038982042243635084
TUBA3E	0.003897714716736674
NAP1L4P3	0.0038975038535184704
LLPHP2	0.0038972180944838054
RP11-573G6.4	0.003896960716157109
CTD-2532N20.1	0.003896792461512553
ITPRIPL1	0.003896695440581116
RANP5	0.0038962410326575493
AC007229.3	0.0038957667095482432
ATP5A1P2	0.003895702978635738
PNMA3	0.0038956443356204917
DDOST	0.003895078352392997
AP000770.1	0.003894221977389591
XXbac-B476C20.14	0.003894031620948965
RPL3P3	0.003893691517369405
SNORD117	0.0038936345420257667
RP11-529F4.1	0.00389301583563773
GEMIN8P4	0.0038925864024219534
RP11-344F13.1	0.0038925415220779007
AC073069.2	0.00389222559322285
AP000687.1	0.0038913495458318733
Y_RNA	0.003891269182725765
MTCO3P43	0.0038912253862806324
ZW10	0.0038911166915429193
Metazoa_SRP	0.00389101778884805
RP1-56J10.8	0.003890608368720367
RP11-1166P10.8	0.003890564259224273
AC090505.5	0.0038904373145668687
ARFGEF1	0.0038896931372288195
TRBV7-5	0.0038896319101786024
RP11-143A22.1	0.0038887403684071268
MEIS1-AS2	0.0038885592095812046
NECAP1P1	0.003888527665604963
PIN1P1	0.003888423946760939
RP4-771M4.3	0.0038884136288163665
RP11-105N14.2	0.0038881565863294726
RP11-567C20.2	0.003887768791669404
RPL27AP5	0.0038867188802289374
SUMO2P3	0.003886707004070559
RP11-407N8.4	0.0038865618964471042
RP11-49I11.4	0.0038863473783950307
RAB11B-AS1	0.0038863413018326775
CTD-2270P14.5	0.0038861788234164653
RP3-340N1.6	0.003885915893718014
MIR571	0.003885548326272551
CTD-3126B10.5	0.003885159086127002
RP11-444E17.6	0.0038851072292605984
RP1-225E12.2	0.0038850549004937887
CAPN7	0.003884578350696436
CHURC1	0.003884507058184084
CDR1	0.0038844805021791278
RP5-1021I20.7	0.0038841775084675454
ABHD15-AS1	0.003883539930552905
EDDM3A	0.0038833259630058226
RP1-37C10.3	0.0038830853913755696
CTD-2035E11.3	0.003883034904670509
RP11-467L19.8	0.003882882911671571
SOS1-IT1	0.003882653285306239
BNIP3P19	0.003882279492119645
RP11-665C16.9	0.0038822599733795427
RP11-616K22.2	0.003882065569369654
RP11-1250I15.2	0.003881968336663976
RP11-184E9.1	0.003881716607472783
HNRNPA3P16	0.003881611959188538
MIR4284	0.003880879844034728
CH17-132F21.5	0.0038806297592930846
C2orf27AP3	0.00388052805230983
RP11-466F5.8	0.00388018152222949
RP11-24H2.3	0.003879188525792114
AC099668.5	0.00387915889896821
FBXL6	0.003878575780144622
RP11-84A19.3	0.0038785020486977336
ULK1	0.0038780416290997307
RP13-672B3.5	0.0038780336631467132
CTD-2285G11.1	0.00387799335304469
ZNF202	0.0038777435054330105
BAALC-AS1	0.0038776286242846233
RP5-1066H13.4	0.0038772614927779243
ZNF646P1	0.003876518465008642
CD200R1L	0.003876464400066507
RP11-618P17.4	0.00387614836505828
ZRANB1	0.003875838870861863
MIR5192	0.0038757566229548615
RNU4-62P	0.0038757351052889823
BCAP29	0.0038757226555552484
RP4-799P18.4	0.003875408681536298
RP11-67L2.2	0.0038744717366838116
RP11-557H15.5	0.0038734093925761994
ZNF416	0.003873168850356465
HIST1H2BK	0.003873120195770929
NOS2P3	0.0038731145619917704
AC084219.2	0.003872994155712738
RP11-474N24.6	0.0038726870767239897
RP11-866E20.1	0.0038725778686057553
RP11-734K21.2	0.003871957394174658
DUTP6	0.0038719421748231245
RP11-5C23.1	0.003871866723307466
RP11-324E6.10	0.0038715354697948707
ACA64	0.0038707127333042907
CR848007.5	0.003869955247613919
ABC7-42404400C24.1	0.0038697935751847387
DCTN1-AS1	0.0038697655533664367
SNORD115-5	0.003869657106826988
ZNF32-AS2	0.0038695382614671236
SSSCA1	0.003869200844218868
Y_RNA	0.003868987747920411
RP11-455B2.9	0.0038687826139398654
MIR3945	0.0038687364241030524
PCDHB7	0.0038684985075535324
RP11-124N19.3	0.0038683718480283114
MIR425	0.0038681966907757265
RPL26P29	0.0038677964829635847
RP4-635E18.6	0.003867593420496469
PRELID3BP11	0.003866976436519168
LRRC3	0.0038667273188789796
NANOS1	0.0038663658897266904
CTB-161M19.2	0.003866324619085712
AC084149.2	0.0038660887211283334
MIR5091	0.003866043056619141
RP11-332E4.1	0.0038649226005212107
AC079584.2	0.003864506933990028
RPL10P9	0.0038638781260633462
AATBC	0.003862836252717022
EEF1GP1	0.003862718251352267
LINC00524	0.003862574249150308
CTC-348L5.1	0.003862102415450261
RP11-454P21.1	0.003861904717460677
ZXDB	0.0038610407248615836
AF196972.4	0.0038605490341954954
COX7CP1	0.003859903969301958
RP11-261N11.8	0.0038595902051255307
CTD-2320G14.2	0.0038595850297509994
OR52V1P	0.003859546707554643
RP11-791G16.2	0.0038593061945110477
HOXB8	0.003859137627738428
Metazoa_SRP	0.003858661325273711
COLGALT2	0.0038586599349748106
CEACAMP9	0.0038576373438282607
OR8T1P	0.0038573500203831802
RP11-142L4.3	0.0038572163145434036
RP11-157H4.1	0.0038559687989723882
DDIT4L	0.003855713914800775
TTC41P	0.0038555664609581097
CKS2	0.0038552519249941295
RP11-153M7.1	0.003854649325602365
RP1-229K20.9	0.003854586301057562
RP11-167N4.5	0.0038543256274907395
COL6A4P2	0.0038541577445345555
MFSD13B	0.0038541576827634395
RNU2-22P	0.0038534114516685465
RP11-442J21.2	0.0038526219273890675
RP11-367N14.3	0.0038525820322393633
RIMBP3B	0.0038524459886738896
MIR548I2	0.0038524351692121716
HMGN1P37	0.003852374016733229
RPS3AP5	0.003851874432759632
CTB-102L5.4	0.0038514039869764257
RP11-322L20.1	0.0038513234642320463
LINC01100	0.003851149814100868
RAB12	0.003851067018350751
IGKV2D-29	0.0038509070449188137
ARSFP1	0.0038503835981119846
NAPA	0.0038503391914575173
DCST1	0.0038498900980225336
AC007277.3	0.0038494106175163095
KCNK18	0.0038490985066470876
RP11-85G21.2	0.0038484799807393085
RP11-666O2.5	0.0038484696627165645
RP5-1087E8.2	0.0038481757758993453
GOLGA2P9	0.0038472333338054696
FARSB	0.0038471185858454516
AP004782.1	0.003846746572725658
FCF1P4	0.003846744197330927
KCNJ10	0.0038466946924825265
KRT74	0.0038465028777560258
PRKAB2	0.003846135985619198
RP11-71E19.2	0.00384574537605935
FAR1P1	0.003845725189882257
MACROD2-AS1	0.0038457095166631035
IGHV3-43	0.003845705224257038
KCND3	0.0038453952861342857
RP11-428G5.1	0.0038452749419821824
RP11-499P20.2	0.003845230609622974
C11orf42	0.0038450476153113864
LINC01567	0.003843566740167813
ATP6V1B2	0.003843337673736643
CLPSL2	0.003843306010655265
CLYBL-AS1	0.0038423418816631934
LINC01138	0.0038422382317460243
SMIM15	0.0038419244338657108
RP11-437J2.4	0.003841685263637867
RP11-473E2.3	0.0038416345213060353
KLF7-IT1	0.003841523701054553
RP11-139F4.2	0.003841408842979208
LMO7DN	0.0038411656277143585
RP11-57H12.2	0.0038410665355625593
RNA5SP453	0.003841026439902823
RP11-44K6.4	0.0038407619244290457
CCSAP	0.003840685162453851
RP4-764D2.1	0.0038406647460022636
RPL7P44	0.0038406132195579314
MAGEC2	0.0038399601113162673
B3GNT7	0.003839342058811867
CTD-2307P3.1	0.0038389681923687003
DDX11-AS1	0.00383894358022153
ORMDL2	0.0038389190609543224
OR2N1P	0.0038384841503651336
E2F4P1	0.003838413817473883
CRYBA4	0.003838302335170979
XXbac-B135H6.18	0.003837661735909265
NPY4R	0.003837176981698346
SNORA4	0.0038370089739319414
AC013448.1	0.0038369525246882076
KB-1410C5.2	0.003835933717322102
RP11-1036E20.9	0.003835810918582399
RP11-254G11.1	0.00383579436281608
SNORD115-14	0.0038355719774091353
RP11-259O2.3	0.003835383826238294
AP000320.6	0.0038353014450773293
RP11-557C9.3	0.0038351729388074723
RP11-840I19.5	0.0038351596188750817
RP11-70F11.2	0.0038351197726891897
DRD5P2	0.0038350942387365117
AC021218.2	0.0038343539550075695
AC004461.4	0.0038340730642949794
uc_338	0.0038339855662995947
RP11-756H6.1	0.0038335689421905316
AOX2P	0.003833537189479275
ITGB8	0.0038335137329163762
LINC01443	0.0038328855513948237
SLC41A1	0.003832391394826127
RP5-1056L3.3	0.0038319349543866556
UBE2Q1	0.003831623748771388
RNU1-63P	0.003830803657719362
MIR4307	0.003830350992751141
RP11-107G24.3	0.0038299241536104804
CTD-2184D3.1	0.003829521429918149
AC142528.1	0.003829317252018847
TRAJ8	0.003829201044451537
RP11-254I22.3	0.003828577444815189
AC138430.4	0.0038280527875099524
SULT1C3	0.0038278028040263697
RAD23BLP	0.003827634076151749
RP11-69L16.6	0.003827267712056507
RP11-34F13.2	0.003826999944032165
RP11-886D15.1	0.0038267395750383047
TRBV23OR9-2	0.0038267369814821177
RP11-122L9.1	0.003825966956857677
RP11-262H14.5	0.0038258255833848154
IGHJ1P	0.003825778308252791
TLR12P	0.003825605806965409
CTD-2265D6.2	0.0038252326149277828
CTC-295J13.3	0.0038239464585124853
RP5-1181K21.4	0.0038236180903135396
RP11-138B4.1	0.0038231985052759243
ZBTB38	0.0038227176367102204
LINC01354	0.003821907530182003
RP11-206L10.8	0.0038218191589114363
USP3-AS1	0.003821420308001176
TTTY14	0.003821217842472018
CASC15	0.0038211686869820322
AC008281.1	0.0038210219454241014
SNORD113-2	0.0038209790839240534
RP11-710C12.1	0.0038209238995214993
RP11-408A13.2	0.00382059645553774
PTP4A1P2	0.0038198398647150034
PRRG2	0.0038193948250019715
RP11-799D4.4	0.0038186837811170376
RP11-445O16.2	0.0038184902291863543
PTPRD-AS1	0.0038178271882106742
RP11-218I21.2	0.0038176369285883183
TRAJ22	0.0038167660130402634
PDCD6IPP2	0.0038166177884398204
RP11-819C21.1	0.0038159257865224253
DDX47	0.0038155809371967515
AP000997.2	0.003815503212843842
PRDX3	0.003815203228245903
RP11-153F5.3	0.003814931697326546
AC092684.1	0.003814927125425598
RP11-160H22.5	0.00381492660043423
HINT1P1	0.003814570148731525
BAG3	0.003814389942730028
RNA5SP390	0.0038140645770568696
KCNJ6	0.003813761579537792
RP11-428I12.1	0.003813631409092962
NPM1P11	0.00381326179059707
RP11-259N19.1	0.0038124128281998393
Pinc	0.00381228085346302
AC073934.6	0.0038122798316405125
ZNF808	0.0038122536489235644
LGALS4	0.003811852904882237
HIST1H2APS5	0.003811419336947547
TTC4	0.003811392905211172
FTH1P27	0.0038108786347715584
APOBEC2	0.00381072448970909
CTD-2269E23.4	0.003810326384582733
CTD-3096M3.2	0.0038102995422052855
PCDHGB4	0.003810086819472325
FGF12-AS1	0.003809681924020012
VTI1BP2	0.003809531422385555
SNORA31	0.003809523177259438
MMGT1	0.0038089607891978157
RP11-33B1.4	0.0038088499087397423
XXyac-YX155B6.5	0.0038087983615668207
ZNF442	0.003808624060781226
CD24P2	0.003808275785069097
AC005062.2	0.0038081778182259395
SLC22A18AS	0.003807849347340033
RP11-10O17.3	0.0038077981235527846
snoU109	0.0038077684440623837
OACYLP	0.003807694832447551
FAM222A-AS1	0.003807338958450289
RP11-1105O14.1	0.0038071726717124363
RP11-383G10.5	0.003806783302310661
SRP54-AS1	0.003806583950065666
RP11-514F3.5	0.003806392550941312
RN7SL321P	0.003806144111425501
RP11-392P7.7	0.0038056441532215855
AF038458.5	0.003805564578866409
ASS1P2	0.003805402557619472
RP11-400K9.3	0.0038044397855160933
ISM1-AS1	0.0038043546072599943
PPP1R3D	0.003804158960103816
RTEL1P1	0.003804129528085299
NACC1	0.0038035165375404733
RP11-497K15.1	0.003803370484262198
GDPD4	0.003803363308209653
AC106876.2	0.0038030443678844193
LINC01088	0.003802592352626288
RPL7AP58	0.0038024609673335914
PHC1P1	0.003801696031834026
RNU6-840P	0.003801020921803964
RP11-1079K10.3	0.0038008222320015583
CHAF1B	0.0038006859780939915
TCEAL6	0.0037999962376969267
RP5-1139B12.2	0.0037999078809821973
FKBP4P1	0.0037996974482103667
RN7SL5P	0.0037995555377559574
AGO1	0.0037993355722751657
NPIPB10P	0.0037992767997422896
RN7SKP297	0.003799060214619502
RPL7P50	0.0037988763513564605
IGHV3-13	0.0037988084362896323
RP11-589M4.3	0.0037987601268952014
ASH1L	0.00379874209143576
BSNDP1	0.00379873155878934
ANP32BP1	0.0037981947980540364
FDPSP8	0.003797339229590734
RP11-156E6.1	0.0037969027663592885
AC074011.2	0.0037961269689927154
KHDC1P1	0.0037956902276564735
SYT13	0.0037953837048001113
SNORD63	0.003794273875771324
RNU6-807P	0.0037941504337398336
TPRG1	0.0037939674590880663
RP11-266K4.9	0.003793472536711378
RP11-173D14.3	0.0037934650421272164
RP11-343B5.1	0.003792838009179423
EIF4HP1	0.0037923022751799864
YBX1P8	0.003791887573303177
CSTP1	0.003791091813008255
AC067940.1	0.0037900918232205687
Y_RNA	0.003790087002605416
Y_RNA	0.003789992124925032
AC096669.2	0.003789798411613845
RP13-188A5.1	0.003789517038678782
SLC9A9-AS1	0.0037891997473187412
CTD-2254N19.1	0.003789101461339662
MIR122	0.003789081121604715
OR2T2	0.003788908856237652
RP6-159A1.2	0.0037885419214728354
SNX18P12	0.0037879120470853947
OR7E161P	0.0037875772789210047
PDCD5P1	0.003787160058927066
RP11-316K19.3	0.0037867667766695195
RNU4-40P	0.0037859050095714946
RP11-805F19.4	0.003785340948696618
GRPEL2-AS1	0.003785259421799335
EMBP1	0.0037852419468453664
FANCE	0.0037851288335397004
AARD	0.003784744043742902
Y_RNA	0.003784040742177649
AC011995.1	0.003784024007025609
HSD17B1	0.003783229731539643
AC073150.6	0.0037832295915388617
RP11-214K3.23	0.003783140603197894
CDKN2D	0.0037830467993644977
AC005014.5	0.0037828243709635413
AC012531.1	0.0037827288178104153
RP11-445P17.8	0.0037821824566828155
RRM2P4	0.0037818195481322003
RP11-71H17.1	0.003781807520530684
RP11-173M1.5	0.0037814692361418127
LL22NC03-N14H11.1	0.0037798101641267298
ATP6V1G2	0.0037795427136612532
GLULP4	0.0037793113455324174
RN7SL225P	0.003778884857844697
TMEM134	0.0037788801347767294
CTD-2651B20.5	0.0037787167281338103
RPS12P24	0.003778477569426399
AP000431.1	0.0037783276367908294
XXbac-B476C20.13	0.0037772101374970593
RNU6-1091P	0.0037768199171620523
BEND3P3	0.0037762577869582996
MIR548I1	0.003775522243680426
CTD-2267D19.3	0.003775468700291148
TTPA	0.003775213355462075
CTD-2283N19.1	0.0037743001581294314
RP4-597N16.4	0.0037737070733781133
RP5-890E16.2	0.003772643057270403
TMEM44-AS1	0.0037726223959014334
ABHD14A	0.0037723859187007262
PCDHGA12	0.0037723143201940216
RP11-309L24.6	0.003772135457484614
RP11-286N3.1	0.0037720287231494043
FOXD4L6	0.0037717902889485007
IFNWP18	0.003771629187998695
Y_RNA	0.003771592881722524
ICAM1	0.003771470385269441
AC078899.3	0.003771334197039763
RP11-286N22.10	0.00377123489007465
CTD-3030D20.1	0.0037710284635265475
RP11-283I3.4	0.003770529930872018
MT1A	0.003770529636748851
ENTHD1	0.0037702214765160157
TCERG1L-AS1	0.0037700678488506475
RP3-467L1.6	0.003769994833051729
RP4-564O4.1	0.003769485940485468
RP11-1000B6.2	0.003769394217625273
MT-ND4L	0.003769080148727303
RP11-603J24.14	0.0037688631165789083
RP3-467N11.2	0.003768648295692063
Y_RNA	0.0037685970751020976
LINC01050	0.0037685052718738686
AC091729.9	0.0037684728728948225
TCTEX1D2	0.0037680556800112138
RP11-290F5.1	0.0037680281301902185
GUSBP4	0.003767991530802957
DGKE	0.003767897051288
RNU6-422P	0.0037673128506372695
NAMPTP1	0.0037672571641100944
RN7SL388P	0.0037669538270045967
SLC47A1P1	0.0037668803955113396
RP11-208N14.4	0.0037668592192263524
CTD-2033A16.2	0.003766314285513314
AC009784.3	0.0037659856825570485
GPHA2	0.0037648110107055366
CTC-260E6.7	0.0037647761292170542
HMGN2P18	0.003764736978455548
RP11-505K9.4	0.0037644846764278966
PLEKHN1	0.0037638064659541817
RPSAP49	0.0037636562158779832
ELAVL3	0.003763654574704661
MT-TR	0.003763468046708029
RP11-35P15.1	0.003763055521465436
RP11-361H10.5	0.003762984518522093
LVCAT1	0.0037628976922572674
BSN-AS1	0.003762598410694632
RP11-562L8.1	0.0037624809002706544
IGFL2	0.0037619079304505314
RP11-613F22.8	0.003761562822049184
OTX1	0.0037610924592738227
AL109767.1	0.0037608444123304976
RP11-774D14.1	0.003760547491841667
BNIP3P33	0.0037604486543559835
CTD-2200P10.1	0.0037604008014365683
MRAP2	0.0037597017311731666
TRIM27	0.003759257034179172
INS	0.003758707662310091
AC007390.4	0.0037586977969273137
GOLGA8H	0.003758552931730188
UBXN2B	0.003758387919575847
FAM131C	0.0037579098505594946
CH17-13I23.1	0.0037574516495506535
RN7SKP117	0.0037573925041627797
BDH2P1	0.003756292923696843
RP11-553D4.2	0.003755505568183382
Y_RNA	0.0037554364481299654
AC009506.1	0.003755390379563877
CTC-329D1.3	0.0037553051605120377
CLDN24	0.00375462368988489
SCGB1C1	0.0037545691140781854
RP11-797J4.1	0.0037544649909695953
C5orf34	0.0037544327385415953
CTA-342B11.2	0.0037532975620860657
AL354828.2	0.00375283112221509
RBPJP2	0.003751887336550275
FTLP2	0.003751695046776007
TSPY12P	0.003751531493157162
POM121L9P	0.00375143266249022
RP11-38G5.2	0.003751244714175747
FAM205A	0.00375104460990646
CTC-277H1.7	0.0037507390632571637
LIFR	0.0037504679201022257
SNORA74	0.0037500697971485034
RP11-775D22.3	0.003749991497224911
DSTNP5	0.0037499685392000607
COPZ1	0.0037499398318925504
RP11-329A14.2	0.003749672952130916
RP11-216L13.21	0.0037496022547183075
CCNT1	0.0037494977584355224
ELK2AP	0.0037494782386101005
RP11-575B7.3	0.00374939629962403
FRG2MP	0.0037492904288867926
AC000123.2	0.0037490251002486345
SNORA80B	0.0037486535305850514
LA16c-3G11.7	0.0037481329995792175
IQSEC3P1	0.0037477513188566005
FAM47DP	0.003747202654703288
IGHV1-2	0.003747010426408948
ZNF286B	0.0037466099953459334
IFNW1	0.0037464822305442744
GABRG3-AS1	0.003746317365033983
CEACAM4	0.003746187108002977
RP11-497G19.7	0.0037460286821398518
RP11-96K19.5	0.003745527326439681
LINC00700	0.0037453738504742745
RP11-441M10.1	0.0037451729969553405
IGLV2-18	0.003744939760597307
MT-RNR2	0.003744503951647705
RPL23AP38	0.0037441551753419123
LINC00211	0.003743703948528354
LLNLF-187D8.1	0.0037432451472934423
LL0XNC01-237H1.3	0.003742503222923599
AC006947.1	0.0037424608776321588
HNRNPA1P28	0.003742382479582657
MIR17HG	0.003742135405692422
HTT-AS	0.0037414533944648875
DUS4L	0.003741442806503546
KRT41P	0.003741339101912205
AK4P1	0.00374109760040666
PIGC	0.003740903966695486
CTB-161C1.1	0.0037407772115733958
ASB10	0.0037406952030566965
RP11-400K9.4	0.0037405272446796945
XXbac-B444P24.10	0.0037403534527942024
SNORD115-21	0.003739928897554481
GS1-259H13.13	0.0037394719073715246
STT3A-AS1	0.0037393990316674994
ALOX12-AS1	0.0037387532321911227
AC147651.5	0.0037382084941073616
RP11-480D4.4	0.00373784445783265
MRRFP1	0.0037374580357080085
SLC25A5P7	0.003737215489446485
RN7SL16P	0.0037370039640202044
RP11-778D9.9	0.0037367453595365608
GLYATL1P1	0.003736701963452672
RP11-622J8.1	0.0037356355529950622
CEACAM18	0.0037355828842720136
MIR3133	0.003735069687807569
CTD-2050B12.1	0.003734828478401437
FLVCR1-AS1	0.0037346657486466445
C1orf167	0.003734591408208437
GS1-304P7.3	0.0037343654004442697
CTD-2245E15.3	0.003734078530219555
RP11-10L12.4	0.0037339257034263683
RP11-245P10.6	0.003733820261258608
RP11-302F12.2	0.0037338046051264917
RP11-930O11.2	0.0037336780248083457
RPL7AP10	0.003733648806584896
CTD-3126B10.4	0.0037322188681334673
MIR8082	0.003732124748457758
HRASLS	0.0037315567069225227
AP5B1	0.0037315507789680295
CBWD7	0.003731393318382432
OR7E14P	0.0037310714649345382
CACNA1G-AS1	0.0037306196131210436
C5orf67	0.0037302750673286313
RP11-244H3.4	0.003730156878735581
RP1-63M2.5	0.0037298817748793534
CTA-292E10.6	0.003729834865578546
LINC00517	0.003729007586421937
ALOX12P1	0.0037284906493028312
SUPT4H1	0.0037284126752690893
RN7SL187P	0.0037281547498340334
RP11-357D18.1	0.003728021766569254
RP11-697E2.9	0.0037279719791398513
LINC01587	0.003727170497012939
MIR3920	0.0037266553868330766
FEM1AP4	0.0037265475253844722
AC004988.1	0.0037257911934726684
SNRPCP19	0.003725685235732933
CTD-3107M8.1	0.0037256219773540255
LINC01411	0.0037252908926391774
DUSP8	0.0037252086806992013
RP11-255G12.3	0.0037251902798195236
NRBF2P4	0.0037249488577373938
SOHLH1	0.0037249125358005887
NECTIN2	0.0037248075200183996
RP1-40E16.2	0.0037244902544139526
AMACR	0.003723938156919946
AC067969.2	0.003723868279658024
RP11-29B2.6	0.00372368037297386
LRP4-AS1	0.0037234114602248273
RP11-551G24.3	0.003723296073155465
POLR2KP2	0.0037222665790247753
ATP5G1P5	0.0037219965167982223
IGHV1OR15-3	0.003721745243766029
RP11-2L8.2	0.0037214847609013525
UBQLN4P1	0.003721130716416967
RP11-114M1.3	0.0037210727673312747
AC009133.12	0.0037210489285909197
CICP3	0.0037208113577501434
RP11-69L16.4	0.0037207663019812364
GLRX5	0.0037207540295195684
BEND3P2	0.003720745529074568
DBX2	0.003720688224152624
RP11-734K23.9	0.0037206366336474356
RP11-272L13.3	0.003720607058408854
ZBTB6	0.00372044890972035
FUCA1P1	0.0037198031091949866
HLA-U	0.0037194647103132527
RP11-440L14.3	0.0037193310149253593
RP11-560G2.2	0.0037189880137039636
RNU6-884P	0.0037189053402456097
RPS26P41	0.0037187319216176584
MNAT1	0.003718697565546613
CISD2	0.0037183254263800994
RP11-326E7.1	0.0037182489710684903
ZNF525	0.0037178785006284714
AC093850.1	0.003717605434454081
FAM95B1	0.0037173495930966096
RALY-AS1	0.003717148776288153
RNU6ATAC16P	0.003716388650652316
MIMT1	0.003716333387002328
AC004893.10	0.003716004872647231
CTC-235G5.3	0.0037159677230185844
RP11-48B3.3	0.0037158758014619367
LINC01500	0.0037155553300781802
RP11-982M15.8	0.0037151066296528114
RPL21P111	0.0037147147281381054
IGLV3-27	0.0037145742668654343
IPP	0.003714265736903137
RP11-17P16.2	0.0037140849629959693
RP11-422P24.10	0.0037134750363150898
RP11-713P17.5	0.0037126822787637904
RP3-483K16.4	0.003712324617921731
DDX6P2	0.0037121549205652725
CTD-2373H9.5	0.00371194765904558
AC005606.14	0.003711339072920919
AC097495.3	0.0037106213983467214
TSC22D4	0.0037101725956876965
RNU6-808P	0.0037087524953720572
AC020915.2	0.003708620874614688
ANKHD1-EIF4EBP3	0.00370860039754497
VN1R85P	0.003708494084751898
BRWD1P2	0.003708224191504497
CTC-444N24.7	0.003707661711984197
ALG1L14P	0.003707491304722071
TMEM236	0.003707211980890113
RPS3AP25	0.0037071884581186833
AC017104.6	0.0037071147482159133
RP11-711D18.2	0.0037063921203034102
MIR4725	0.0037052962677899615
GLRB	0.0037047796271665666
RN7SL856P	0.0037043658844284344
MIR6793	0.003704326401422412
TICAM1	0.0037041651717604116
BBOX1-AS1	0.003704164508673105
GPC5-IT1	0.0037036668279356957
CXCL1	0.003703527673623465
PPCS	0.0037032773120930797
TRAJ42	0.003703036269016303
HSPD1P6	0.003703010756706697
RP13-507P19.1	0.003702935603132408
RP11-69M1.4	0.0037028718446263276
LRRC37A17P	0.0037028164082482697
NAV2-AS3	0.003702766968361158
LAMTOR3P1	0.0037018077852143724
VN1R108P	0.0037015827553513085
LINC01168	0.003701422155922004
CYCSP8	0.0037011850208097264
PAFAH1B3	0.003700743601889376
RP11-337L12.1	0.003700575089491187
IGKV1-13	0.003700442428958834
ITPK1-AS1	0.003700298372868302
RP11-160H12.3	0.003699656237890757
RP11-183C12.1	0.003699065942017224
RP11-1086F11.1	0.0036988696849414864
RP3-359N14.1	0.003698571375988234
DIO2-AS1	0.0036984993763329093
WDR87	0.0036978920822104324
H2AFX	0.003697562692074861
EEF1B2P1	0.0036974124086596467
RPL6P2	0.0036972427189799657
AL163953.2	0.003696757708779861
RPL34P34	0.003696704468261436
AC008268.1	0.0036965645229855688
RNU6-621P	0.003696241501329457
RP5-979D14.1	0.003696173055418145
SMIM7	0.003696011830304329
RP11-651L5.3	0.00369595846593374
RP3-510D11.2	0.0036957463215103897
RP11-329B9.1	0.0036955864152421495
RN7SKP32	0.0036952473215788504
CTD-2145A24.4	0.0036951451010458908
FAM24B	0.0036949021792886242
RP5-1021I20.5	0.0036943959560537653
VN1R6P	0.0036941808915549115
ENO1-AS1	0.00369379641034088
MT-TS2	0.0036936331677137916
AC099754.1	0.0036930605115921365
RNU6-118P	0.0036926500653110517
MAGEF1	0.003692540506256231
RP4-539M6.20	0.003691900239623695
RP11-434D2.11	0.0036917862966602687
RP11-401P9.7	0.0036909374801351886
RP11-320L11.2	0.0036909335138909905
RP11-1046B16.3	0.0036907309789284003
RP11-3B12.4	0.003690464199364349
GS1-18A18.2	0.00369017284122073
IPO7P1	0.0036901089940167015
OLMALINC	0.0036901058139532806
GCHFR	0.0036900627638149545
RP11-109D9.4	0.003689441345530292
RP11-634B7.4	0.003689075827342908
MIRLET7DHG	0.003688577545423368
AL162151.3	0.0036885321613496086
TEFM	0.0036884495422134056
FGF12-AS3	0.0036882456704062467
CTB-14A14.1	0.0036882406385573808
LINC00374	0.0036876565124039015
CTC-412M14.5	0.0036875256176709475
SEC61B	0.003687503622603909
LAMP5-AS1	0.0036873035309912543
HERC2P7	0.003686792040901782
RP11-498M14.2	0.0036866454067229232
IGHV1-68	0.003686280179912872
SDF2	0.0036861684549105707
RP11-192P3.4	0.0036861609162732968
MAGOH2P	0.003686131759307788
RP11-989F5.1	0.0036856090681036237
RP11-174M13.2	0.003685348551551378
RPL13AP23	0.0036845838059966244
RP11-469J4.3	0.0036843009904272417
HTR7P1	0.003684095313560332
EPHA1	0.003683611964835495
C16orf95	0.0036833103164461384
RPS2P55	0.003683115843725607
MIR3941	0.003683042946278883
RNU7-170P	0.003683037357940205
KRT18P40	0.0036828459521435065
MIR6747	0.0036828210910582904
RP11-67L3.4	0.0036822349604399753
RP11-465L10.10	0.0036820498840555143
RP11-383B24.3	0.003681407853483293
CLPSL1	0.0036811153885683463
LINC01424	0.0036807581095346744
U3	0.0036805947625097733
RPL12P13	0.003680285694784472
RP11-122C21.1	0.0036799948532009667
RP11-529E10.7	0.0036799319672928257
RPS28	0.003679875089231231
ATP5G2P4	0.003679210743687936
CTB-167G5.7	0.0036790808631497027
TM4SF5	0.003679032201542079
IGHJ3	0.0036788878874124413
ANAPC15	0.0036787871478776413
RP11-219G10.1	0.0036779970168667377
RP4-704D23.1	0.0036779169640978058
OR7E87P	0.003677694995228144
DUXAP8	0.003677507751250467
RP13-616I3.1	0.003677152298520831
RP11-268P4.2	0.003676767758227471
SLC25A21-AS1	0.003676171088102653
RP11-480D4.2	0.0036756964044901805
OR2L13	0.0036756154994854358
CLDN3	0.0036755602783688592
AC015849.14	0.0036754713535859405
RP11-69E11.8	0.003675344707254724
DPPA5P1	0.0036749354042978325
RP11-311P8.2	0.003674715546864558
AC007179.1	0.0036741052275539735
RP1-13D10.2	0.003674083286613254
RP3-469D22.1	0.0036739291953780794
RP11-152K4.2	0.0036737840508917893
SNORD81	0.0036736516238325967
RP3-342P20.2	0.0036735107689269517
NKD1	0.003673385363823662
RP11-307L14.1	0.003672955905705959
WEE2-AS1	0.0036726640223635003
RP11-439E19.10	0.003672199283784812
AC126365.1	0.0036719124199701423
RP11-543P15.1	0.003671843920073124
SCARNA21	0.0036716302535292843
RP11-111F5.8	0.0036713951563308255
RHOT1P3	0.0036713877729951075
Six3os1_2	0.003671311307085631
RP3-467K16.2	0.003671305416985376
GAPDHP71	0.0036701813825274487
RP11-560A15.4	0.003669023133175129
MIR6815	0.003668287991875484
PATE4	0.0036680364867406616
RP11-57H14.3	0.0036676906316266684
RP11-474D1.3	0.0036674035962654707
PRAMENP	0.003667369831038518
ZCRB1	0.0036672642327781973
AC018463.5	0.0036665672493987824
RP11-473M20.11	0.0036664727604936265
PTP4A1P6	0.003666433676715303
PRLHR	0.003666296520678331
MIR99B	0.0036660521361873226
AC083864.4	0.003666030279566891
OR7M1P	0.0036659512572103834
IGHV4OR15-8	0.0036655748307789014
RP11-483H20.4	0.0036649232982424733
SLC5A7	0.0036648464551345167
APOC4-APOC2	0.003664802031719857
RP11-696F10.1	0.003664735007003781
C6orf3	0.0036645290694300833
SNRPD1	0.003664435578644592
PPP3R2	0.00366390104194875
RP11-63N8.3	0.0036637910258983395
SNORA31	0.00366369817687118
RP11-16P6.1	0.0036636464498577695
RP11-12A2.1	0.0036635932887241858
FEZF1-AS1	0.003663373543383453
RP11-190C22.8	0.003663324575620551
AL136097.1	0.0036632441917960434
SNORD93	0.0036630604923920534
RP1-102E24.8	0.0036620325412523636
HMGN4	0.0036616004988635
MIR4653	0.003661338337651193
PTGES2-AS1	0.0036612265163966807
RP11-325O24.2	0.0036611954368848555
RP11-140L24.3	0.0036599987824489397
AC159540.1	0.003659931301500779
RHOV	0.003659635620826443
IGHV1OR15-2	0.0036592340134897574
LINC00893	0.0036586122520798786
RP11-177F11.1	0.0036585500889832006
MRPS31	0.0036584574414782233
GPR171	0.0036584493365583643
RNU6-964P	0.0036583849910816145
Y_RNA	0.003658315068632879
RP11-296E7.1	0.00365784000159307
RP11-118E18.4	0.0036572605675965967
RNF138P1	0.003657239274311465
RNA5SP128	0.0036571732919742474
RP11-831F12.2	0.003657019064658064
RP11-676B18.1	0.003656867438455956
DUSP14	0.003656745874176473
RP11-142C4.4	0.0036560969370494534
RANP2	0.003655924403885095
ADAMTS3	0.0036559063102809693
RP11-677M14.2	0.003655683025324441
RP11-98H4.1	0.003655495698643949
CRYAA	0.0036554169090338767
RP11-96H17.3	0.0036548851096011325
RP13-1032I1.7	0.0036547892451367354
RP11-44N11.2	0.003654733062078855
RP11-367O10.1	0.003654361110816969
RP11-897M7.3	0.003654193763105168
RP11-531F16.3	0.003653890955295965
RP11-313P22.1	0.0036538462774297355
AC123023.1	0.00365378262041197
L1TD1	0.00365328564803214
MT-ATP8	0.0036532530842800556
GDF15	0.0036530829663839358
MIR4324	0.003652801679423922
RP1-90J20.14	0.0036523868134836703
RP11-14N9.2	0.003652223346846925
RP11-116D17.1	0.0036517111147976633
C11orf86	0.0036502283218336914
CBX3P9	0.0036498700979684814
RP11-160E2.6	0.003648907503349352
AF127936.7	0.0036484206904178642
RAB11A	0.003648123987985244
CHUK	0.0036480458563329034
RPL27P12	0.0036473181182905923
PLA2G4D	0.0036470119266794354
TRGJP1	0.003646986232094309
RP11-4K16.2	0.003646947882273458
SLC25A5P2	0.0036460792781385183
RNA5SP206	0.0036459806585040183
LINC01010	0.0036458229815576654
NDUFS5	0.0036456835225999553
RP11-384C4.6	0.0036452012038068683
AC008592.5	0.003645112147284005
AC107081.1	0.00364496150693429
CTD-2260A17.3	0.003644787256208232
RP11-13K12.2	0.0036442713287522205
RAB19	0.0036442288363048125
RP11-119H12.1	0.0036438632462681884
WBP11	0.0036431176903360227
ARL9	0.0036430171556353533
MTATP6P16	0.003642671610140356
RP13-766D20.2	0.003641789283772254
SULT1C2	0.0036417028161009756
RP11-90H3.2	0.003641477519868611
TAS2R4	0.003641048245102159
RP11-643M14.1	0.0036409495876291815
ZNF486	0.003640723263803441
CTD-2035E11.4	0.003639899968558811
MIR1273F	0.0036396256792433006
CTD-2514C3.1	0.00363942240084877
ATP6V0E1P1	0.0036393313481353703
AC008522.1	0.003639277601255989
TRAPPC2B	0.0036392540754364355
CTD-2302E22.4	0.0036383857935186757
CTD-3080P12.3	0.003638166744414883
AC092675.4	0.0036381561752118386
SLC25A31	0.0036379208061976935
LINC00868	0.003637861492059669
RP11-209D14.4	0.00363782219685516
RNU6-336P	0.0036378026081682327
SPATA5	0.0036377151500598926
RPL7AP31	0.003636809813326331
ZNF37BP	0.0036368064874426737
RPL5P30	0.003636729661621697
RP11-300E4.2	0.0036365871248733943
TPBG	0.003635889077784734
AC005307.4	0.003635515061742141
Metazoa_SRP	0.003635363226055999
TERF1P4	0.003635086657686123
RP11-211N8.2	0.0036346551307459996
SRMP2	0.0036322294084551207
LRGUK	0.0036320833776103
AC007228.11	0.0036319924256333846
RPS4XP11	0.003631581797519193
CMB9-55F22.1	0.003631540067642129
SLC34A1	0.003630908707798133
RPS7P3	0.0036299402722159966
RP3-477O4.5	0.0036298928677806447
HOXA7	0.0036297400496872363
SYPL1	0.003629419615128134
RP11-462D18.2	0.003629274174864911
FAM212B	0.003629028697772193
TMPOP2	0.0036284790274209336
PON1	0.0036282347022296574
AC013429.5	0.0036278564472207006
RP11-576N17.2	0.0036278117962560102
RP11-359H3.4	0.00362781129269813
RNU7-59P	0.0036276905237369204
MYO5BP2	0.0036275413124378466
OSGIN2	0.0036273846913443086
AC112229.1	0.0036269547455310496
RP11-113D6.10	0.0036265036043166736
DNAJC8	0.003626477663737775
RNU6-437P	0.00362632308874194
AC226119.4	0.0036263156472217885
RP11-26L20.3	0.0036257047722944194
RP1-56K13.2	0.003625661659702931
MB21D2	0.0036256518461526784
RP11-164C1.2	0.003625475908960636
RN7SKP239	0.0036253942693341814
PKD1P5	0.003624879021952947
HECA	0.0036246915732353214
LINC00491	0.003624265971216095
BRD9P2	0.0036241252187081126
RPL21P7	0.0036239992436458432
TMCC3	0.0036239333035558616
CTB-193M12.3	0.0036237005980444665
SCGB1D4	0.003623648105255007
RP11-321E2.4	0.003623258237303
RP11-966I7.3	0.0036226370765993204
RNU1-131P	0.0036224288614206224
AC007952.5	0.0036223776131460166
RP11-582J16.5	0.0036221707420048257
RNA5SP97	0.0036221154652684305
U91328.22	0.003621795909459223
FMR1-AS1	0.003621401561203472
MS4A18	0.003621031251039364
KRTAP8-1	0.0036203404869623677
AC009303.1	0.003619968178406338
RP11-1430O6.1	0.0036194653637534836
RP11-177C12.1	0.0036192273160427753
TAS2R2P	0.003619195951463938
MIR3681HG	0.0036191875003979126
AC079354.6	0.0036188609348862567
MIR556	0.0036184310945827996
C7orf33	0.0036184101472212975
MIR8058	0.0036183060447603395
RPL23AP50	0.003618133926875712
RP11-119F19.5	0.0036178439041983073
METTL11B	0.0036178040871677995
MIR6088	0.0036175938093299773
RNA5SP435	0.0036173439197046296
MTCO2P12	0.0036170856801101313
ST13P13	0.003616908221378462
C16orf47	0.0036168520382637253
PCBP2P1	0.0036167640687769557
RP11-81A22.5	0.0036166255956484056
PRELID1P1	0.0036165355058473425
MIR4698	0.00361631079858384
AC004156.3	0.0036161643053065403
AC012314.20	0.0036160583156810504
CMBL	0.003615762073323919
PSMA2P3	0.003615616748562464
RP11-486B10.4	0.003615598584958395
CTD-2566J3.1	0.0036153442719932356
MIR626	0.0036153070890604442
RPL3P7	0.0036152599563345233
LINC01422	0.003614692457704112
DDX43	0.0036146279047474545
RPL15P13	0.0036143452692790038
DHRS3	0.0036141652509226914
RP13-52K8.1	0.0036139673704384443
CYCSP52	0.0036137394680769946
ITPR1-AS1	0.0036136225866140533
RP11-314C9.2	0.0036131056766185664
UBE2D3P1	0.003613063223782778
RP11-982M15.7	0.0036125559857368055
LIMD1-AS1	0.003612177020730172
RP1-182D15.2	0.0036121446993869393
RP11-481F24.3	0.0036118838506284333
YWHAQP7	0.0036116464902765663
RP3-425C14.5	0.003611281139374218
BMS1P11	0.0036108017723626455
RP11-751H17.1	0.003609739396619075
ATP11AUN	0.003609681542303463
RP3-477M7.5	0.003609561093122364
MUC21	0.003609339673932704
SOX12	0.0036093214721511966
C8orf87	0.0036093036843652423
HSPD1P8	0.0036090159466649696
AC091654.7	0.00360898820411018
RP11-492E3.2	0.003608864381257294
DDIT3	0.003608835235318096
OR10H5	0.0036084785181747935
RPL34P27	0.003608066767938981
RP11-874J12.4	0.0036078940597646567
KIAA1257	0.0036076810132876546
RP11-314A20.2	0.003607501950551289
RN7SKP5	0.0036069316934227973
SEC11B	0.0036064797660702538
RP11-145E17.3	0.0036058344749270526
IGLV1-62	0.0036056627086994745
RP11-165J3.6	0.003605543916166302
AP000560.3	0.003605075154786521
FLJ33360	0.00360499829794454
SCGB2B2	0.0036049773894926184
CTC-277H1.6	0.003604175468874253
MIR455	0.0036039966097010734
RARRES2P1	0.003603893526518303
RP11-835E18.5	0.003603487651493747
RP11-90P5.2	0.003603336545095472
RP11-80H5.6	0.0036033247960619757
AE000662.93	0.003603003592223952
RAD23BP1	0.0036024342583058787
SAPCD2P1	0.003602412326298766
RP11-45F15.1	0.0036023782584091177
RP13-204A15.5	0.0036023051450226815
RP11-6J24.3	0.0036023036743808128
KBTBD13	0.0036019873373587547
TGM7	0.003601937742893138
TMSB10	0.003601742139422598
COL18A1-AS1	0.0036016006119207002
ZNF747	0.003601542629341735
CTC-529P8.1	0.0036010230717649573
RP11-120K18.2	0.003600889945219737
RP11-227D13.2	0.0036004619715642953
RP11-13A1.2	0.0036003280770024585
PPIAP26	0.0035999784300691177
RASA4CP	0.003599890502382898
AP003068.9	0.003599616444432558
OR52N3P	0.0035987491849059482
USP17L2	0.0035987452385003614
RP11-631M6.3	0.003597980172220311
COX6CP10	0.0035975594605201977
AMMECR1	0.0035974782297794614
ANKRD37	0.0035974449596953414
RP11-181G12.2	0.0035971584000458866
OR13C7	0.0035968510504648956
XRCC6P3	0.0035963509923114686
RP11-3B12.2	0.0035960488095337167
ZNF592	0.0035959281321810764
KIF3B	0.003595521269451358
DPRX	0.003595216240629875
RP11-734K21.5	0.003595074606058369
C3orf14	0.0035950715527852894
CTC-343N3.1	0.0035950641847224876
RP11-429J17.2	0.0035949300328114975
HIST2H2AC	0.0035948334288883397
RP3-414A15.2	0.003594684585553052
PRPH2	0.0035946684890496594
CTC-297N7.7	0.003594664340060142
OR2M1P	0.003594283074512361
CTD-2234N14.2	0.003594235971860922
RP4-734P14.4	0.0035941524182205144
AC113167.2	0.003593916035032676
RP11-83J16.3	0.003593734781014632
RP11-643C9.2	0.0035935437456825533
RP11-5P18.1	0.0035935242771647103
YWHAEP1	0.0035925523796722716
RP11-181B11.1	0.0035923237221208446
UGT2B11	0.0035923197736671365
SEC14L1P1	0.0035922967405701152
RAET1L	0.0035919580964472973
MTRNR2L13	0.0035917404240431087
TGIF2	0.0035911158173045897
CTD-3037G24.4	0.0035907369926872217
AC025442.3	0.003590698708123688
SNORD18	0.003590322645366706
TFP1	0.0035902867853515714
MARK3P3	0.0035901773998686733
LTBR	0.0035900408228653484
AP000889.1	0.003589937043028476
IGHV3-23	0.0035899347422874844
OSTCP4	0.00358983743264622
RP11-748H22.1	0.003589698391903919
MARK2P6	0.0035896126888024377
SUMO2P1	0.0035895684181065216
CABP1	0.003589549259108075
RPP25	0.0035890239967749328
RP11-702H23.4	0.0035889038420230364
LL22NC03-2H8.4	0.0035887512652398377
MTND5P15	0.003588284650828658
NRAS	0.0035882804741336196
RNU1-73P	0.003588105119841696
RP11-631M21.1	0.003587631745296516
ENPP5	0.0035872537665872684
AC008427.2	0.003586885751638989
CARS-AS1	0.003586882761144767
SURF1	0.0035866601142312098
CD8BP	0.0035865812195768985
LINC01543	0.003586493885469058
RP13-88F20.1	0.0035859978541023735
RP11-573M3.3	0.003585887196546101
MIR137HG	0.0035858828778065122
RP11-511B23.3	0.003585613892870212
RP11-501C14.9	0.0035847600543404273
RP11-395I6.3	0.003584718197922426
PNO1	0.0035844057288320305
bP-2189O9.2	0.0035843706695903145
RP11-295D4.7	0.0035842910949830365
AC008834.1	0.0035839976936173534
RP11-53I6.2	0.0035839590773027374
FBXO27	0.003583723661996153
RP11-544A12.5	0.0035833663294424726
RP11-258C19.4	0.003582883126883451
RP11-770J1.3	0.0035827826335462372
RP11-654A16.3	0.003581853761745979
RP11-1085N6.2	0.0035817540480557897
PIK3CB	0.003581517663396133
COX10	0.0035813588110697055
DCDC2C	0.0035810865729341734
KB-1958F4.1	0.003580979665577078
RP11-96D1.9	0.0035808249745846875
TCEAL2	0.00357997075006385
MAGOHB	0.003579881385526199
LINC01492	0.0035798442401425187
BHLHE40	0.0035798176004982808
IGHV3OR16-13	0.003579339710632447
COX20P2	0.0035792330843084155
RP11-374P20.4	0.003579040510013363
RP3-431A14.4	0.0035790097984459723
RNA5SP466	0.0035786919170784776
NUP62	0.003578319355554238
GS1-72M22.1	0.003578124345784864
ZNF699	0.0035773348094541193
RNU6-506P	0.00357727778247956
CA3	0.00357698073770561
MIR1468	0.0035767225975456853
CH17-373J23.1	0.003575788087481337
RP11-366M4.6	0.0035757755094776938
CTC-360P9.4	0.0035756665395494922
CDRT15	0.003575664615955801
RP11-33I11.2	0.003575229670023825
RP11-96D1.10	0.003574889079038551
PHB2	0.0035747403730961047
GLYCTK-AS1	0.003574740274680136
AC107083.1	0.0035745926071875616
DNASE2	0.0035744114378601284
Y_RNA	0.00357429607896406
LINC01482	0.0035741749371842055
GS1-600G8.5	0.0035734245601218946
RP5-1153D9.5	0.003572975885157624
SNORA36	0.003572151882874834
MIR7111	0.003572000407003848
RP11-215D10.1	0.003571972752439436
TOB2P1	0.0035718521952588685
RP11-378E13.3	0.0035712385264154204
RP3-523C21.2	0.0035710457555464233
HNRNPABP1	0.0035709108673143658
FAM106A	0.003570573331312904
RP1-283E3.8	0.00357033812361568
RP11-352G9.1	0.003570209598667169
RPL7P1	0.0035699008373601612
PRLH	0.0035693653340445803
RP11-517C16.2	0.003569023513165559
BDP1P	0.0035686011968127282
RP4-641G12.3	0.0035675252988116414
RP11-747H12.3	0.0035674451216694708
RPL7P20	0.0035671307345176134
KRTAP9-4	0.0035670648861229983
TOX	0.003566331500472351
RP11-91G21.1	0.003566159905125719
RP11-809H16.5	0.0035659770238513863
RP11-812E19.9	0.003565729755069619
ZIM2	0.003565609370270723
IGHV1-69	0.003565291285729361
RP11-44F14.10	0.0035651609808521638
RP5-881P19.7	0.003565128969566767
EPB41L4A-AS1	0.0035639260519115907
RP11-889D3.2	0.003563897977284407
Y_RNA	0.0035637969596183094
RP11-356M20.1	0.003562989803031583
TCAM1P	0.0035624127814095426
RP11-385F5.4	0.0035616861256396854
RPS6KA2-IT1	0.0035613826006300935
PTH2R	0.0035606517050843457
RP11-276H1.3	0.0035605746183611842
RP13-279N23.2	0.003560530106058933
RP11-523L20.2	0.003560220838443892
AF241726.2	0.0035601398180444325
TINCR	0.003560093848605794
SNORD114-20	0.003559734737039597
RP11-57G22.1	0.0035593817094214586
PHBP20	0.0035589636300624567
WFDC12	0.0035589305859040077
RP11-686D22.3	0.003558577583664247
POLR2LP1	0.0035583136715399287
RP11-474D1.1	0.0035576022659131405
RP11-886H22.1	0.0035573611766723965
LINC00276	0.00355700046314113
KIAA1210	0.003556910690781406
MT-CO1	0.0035567905583283282
LINC00599	0.0035564549646373194
CTD-2210P24.2	0.0035563795927246334
RP11-715F3.2	0.003556041526262908
RP11-555H23.1	0.003555943528801657
RP11-16E18.1	0.0035558514078422847
SNORA77	0.0035556311787891294
MIR3131	0.003555354225568562
AC093818.1	0.003555001499916375
ZNF155	0.00355499267121354
RNU7-3P	0.0035548539257796745
RP11-374M1.5	0.003554847672162481
LINC01296	0.003554796336066387
GP9	0.003554790724586087
AC002550.5	0.0035546083206869743
RP11-108L7.4	0.003553565039148806
LINGO4	0.003553491751184077
ADIRF-AS1	0.0035523919564246515
RP11-559N14.6	0.003552321371852342
RNU6V	0.0035521823829335287
ATP5G1P3	0.003551970744007038
SLC25A6P2	0.0035516782817020228
AC006372.5	0.0035514028459972392
Metazoa_SRP	0.003551381916936656
FRMD6-AS2	0.0035513543249277965
RP11-78O7.2	0.0035513357358487306
DHRS11	0.0035511171196949604
RP11-679C8.2	0.0035510851567081368
CTC-251D13.1	0.0035508767302390005
CENPO	0.003550834040332132
RP11-70D24.4	0.0035501061860976684
RP11-599B13.9	0.0035496606376642153
RP11-435O5.6	0.003549586298830063
RP11-164P12.3	0.0035494602515332256
RP1-149A16.3	0.003548702067379545
CCNL2P1	0.0035481626120386946
RP11-791G15.2	0.0035480573061038986
KIAA1143	0.003547716271645111
BRCC3P1	0.0035477128092882876
VIM2P	0.0035476918974531027
TRAJ37	0.0035476319357048624
AZU1	0.0035470274217104985
CTC-250P20.2	0.0035468270904649543
CTC-260E6.4	0.0035465909443501043
PALB2	0.0035463814140801056
HOXB6	0.003546164787909871
RP11-298I3.1	0.003546096659636746
IGHD5-18	0.0035460609876356948
PLA2G2C	0.003545740399588562
RP11-493E12.2	0.003545356662451725
VTRNA1-1	0.003544506607885674
HNRNPKP5	0.0035442795386048933
AC006262.10	0.00354418570348761
RP11-325E5.1	0.0035441757496501034
RP11-298J23.5	0.0035440603795472295
PPRC1	0.003543656775512709
NOS2P2	0.0035435493677164216
HNRNPA1P46	0.003543484704272579
RP11-296E3.2	0.003543384925254322
RP11-521C20.5	0.0035431775139301304
SCARB2	0.0035429653418446254
RP11-12L8.2	0.0035424125298442717
RP11-402C9.1	0.003542328888942881
RP11-305L7.5	0.003542294355749253
TM4SF20	0.0035412092319140652
RP11-702F3.3	0.0035410227474295328
C7orf77	0.0035407873205254123
TFB1M	0.00354054193115082
RP11-551L14.4	0.0035402470724141878
RP11-168A11.4	0.0035401298224456692
CTC-537E7.2	0.003539137601922828
HRASLS2	0.003538940662582607
TXNDC17	0.0035386335581772716
TSKU	0.0035386284280946516
RNU6-438P	0.0035385095385283977
CTD-2535L24.2	0.0035381381772542435
RP13-60M5.2	0.003538042887181746
RBMXL2	0.003537820666251714
RP13-631K18.3	0.0035377231387521907
AC084082.3	0.0035376653301655136
HMGB3P24	0.003537105869112258
SLC25A15P1	0.0035362698780983387
Y_RNA	0.0035360597131444773
AC009264.1	0.0035344224475516604
MKRN7P	0.0035338242505962786
LINC00900	0.003533756788489833
Y_RNA	0.003533570688750681
RP11-731D1.1	0.003532893415438452
MELK	0.003532787500194869
RPS15AP11	0.003532753894886053
GPR75-ASB3	0.0035327534387683576
RP11-514D23.3	0.00353263605363703
FAM155A	0.003532401384979212
TNFRSF10A	0.003532204855534085
CTC-543D15.8	0.0035317961439055227
AC005614.5	0.003531673586066087
CTD-2272G21.2	0.003531426104061158
RPL29	0.0035307183536663657
RP1-90J20.8	0.003529971612373526
SLC25A15P5	0.003529907037230285
CYP2F2P	0.003529696886987689
CTD-2337I7.1	0.0035290633382650343
AC112497.1	0.003528576276034686
OR10B1P	0.0035285388258263417
RNU4-55P	0.003528458547941476
IGHV3-21	0.0035279800116305928
RPL12P7	0.0035278809863754346
CTC-546K23.1	0.003527671746906062
RP11-405L18.4	0.0035274387980761463
RP11-70C1.1	0.0035266214591260447
CITF22-92A6.1	0.003526441533458295
SSBP3-AS1	0.003526402121255652
TIMM17BP1	0.0035255872343825856
HIST1H1E	0.003525559829021052
RP11-327P2.7	0.003525405993290754
NDUFB4P6	0.0035253349694042827
C9orf129	0.0035253090587473077
AC231657.1	0.0035252277907967255
GAPDHP51	0.003524848223342635
SPECC1L-ADORA2A	0.003524641822052583
LINC00929	0.003524112355995977
RP11-523L1.2	0.003524058165283241
RP5-856G1.1	0.003523347433739233
RP11-33A14.3	0.0035233379355502827
GTF2IP23	0.0035229717213576474
CTD-3096P4.1	0.00352237711748934
snoZ6	0.003522154222508887
RP11-462G22.2	0.0035217467696857874
KDM4A-AS1	0.0035210310089616175
MRPS7	0.0035205817715516594
RP11-295P9.6	0.003520133002026343
ZNF182	0.003520102706292716
RPL17P45	0.0035199838854010554
LIF	0.003519698828723955
C7orf55-LUC7L2	0.0035194943755247946
RP11-390N6.1	0.003519322998311693
AC066692.3	0.003519288545205158
RNU6-689P	0.0035189403804302883
C1GALT1	0.00351879503506727
RP11-134N1.2	0.003518558844952709
RP11-77O7.1	0.00351846045142566
KPNB1	0.0035180354285443047
TCAF2P1	0.0035176332788872666
LINC01399	0.0035173211250447266
CASC4P1	0.003517202547090486
RPSAP50	0.0035166647157213898
SPATA31D5P	0.00351622298261715
CCAT1	0.0035159337777265266
IGKV2-28	0.0035157461436867176
RP11-112J1.1	0.0035154842841837015
MEAF6P1	0.003515283459895912
RP11-545G3.1	0.0035144049692223656
LINC00957	0.003513576507066429
RBMS3-AS1	0.0035134390259807446
LINC01337	0.0035133020617939895
RP11-201O14.2	0.003513066193223604
IGKV1-9	0.0035123340459235885
RPS28P7	0.0035122566032770646
ZCCHC3	0.0035112257890225016
HPYR1	0.003510952421542627
STRA8	0.003510804229613709
RP11-527L4.6	0.0035106536243144962
CTD-2335A18.2	0.00351032488225014
RP11-144O23.8	0.0035101260103856287
SNHG18	0.0035099646697284506
FDPSP4	0.0035089185871444188
RP11-855A2.3	0.003508813840173295
MTND4P9	0.00350728485436036
RNU6-588P	0.0035063029181844857
ILF2P2	0.0035062324194252447
RP11-492A10.1	0.003506103794051688
RP11-123J14.1	0.003505821950238036
RP11-761N21.1	0.0035056919711924455
GDNF-AS1	0.003505594313715505
DIRAS1	0.0035051917626049934
FAM138B	0.0035051751206697295
RP11-255H23.5	0.0035049721975019183
UQCC3	0.003504825611806365
RP11-709A23.2	0.003504333648905309
RP11-159N11.4	0.003504030395658602
SMIM21	0.0035038968081617457
MIR646	0.003503584021259612
USP9YP14	0.0035034809909423926
RP11-795F19.1	0.0035034781283109096
NKAPP1	0.003503269849286606
MAP2K4P1	0.003502742156954468
KLHDC2	0.0035025973173035923
BLOC1S5-TXNDC5	0.0035025867327621004
RN7SL732P	0.0035022812155213684
RPL7P46	0.0035022695040781314
RP11-454H13.1	0.0035015477208812664
SNORD64	0.0035015254599220997
RP11-400N13.2	0.0035010016461525227
MIR4736	0.0035009429357940854
RP11-665C16.8	0.0035006231636188034
RP11-466A19.4	0.003500050899350242
LTV1	0.0034999334178486235
RNU2-63P	0.0034996106332887077
PRKX-AS1	0.003499572207918641
RP11-408E5.5	0.003499515417239955
CTD-2368P22.1	0.003498682271929144
RPL3P9	0.0034986386746130595
Metazoa_SRP	0.003498198206828738
MIR4667	0.0034978052351317354
LINC01099	0.003497683033412787
RP11-138I1.2	0.0034974546474273913
DRG2	0.0034970137479814448
ZFP92	0.0034965658720911563
RNU6-80P	0.0034961585205824765
AC097468.7	0.0034959836131109737
CTD-2293H3.1	0.0034959649419636007
RP11-380I10.4	0.0034953555460264297
RP11-533E19.2	0.003495271179486036
CTC-428G20.2	0.0034951506632867183
RP11-332J15.4	0.0034946338937445016
RPL5P5	0.00349448479780363
RP11-410E4.1	0.0034939644062360856
TARBP1	0.0034936104082461212
CACNB3	0.003493534251206621
SETP4	0.00349329873486492
Y_RNA	0.0034929904051412435
CTC-558O2.2	0.0034924027552487016
LINC00566	0.0034920888406037185
RP11-567L7.3	0.0034920287538041275
RP11-678L1.1	0.003491608313331372
GPR87	0.0034914753593784744
RP11-327F22.6	0.003491274289263252
GRPR	0.0034911852933799544
CLCA4	0.003490897056456105
NMI	0.0034908451236543995
RP1-117O3.2	0.0034908348607746186
RP11-61G23.2	0.0034907088775024235
SH2D1B	0.00349064431379163
GAST	0.0034897614050631467
FAM183DP	0.00348970947577743
EHHADH	0.0034896085995304634
RP11-321A17.4	0.003489130248545405
IGFBP5	0.003488838054012359
AC133141.1	0.003488709192394055
RP3-352A20.1	0.003488517806259601
NPM1P22	0.0034884029514342754
RP11-451F20.1	0.0034883857778095118
C9orf172	0.0034878953687299203
FANCM	0.003487548743239132
PSORS1C2	0.003487537181218435
RNU7-123P	0.0034873973916453027
IGHV3-64	0.00348719563689138
C10orf126	0.0034869737754033734
AC009110.1	0.0034869545973069825
LINC01135	0.0034865222485511637
IL13RA1	0.0034863590320946196
SCAMP4	0.0034861686922587946
OCIAD1-AS1	0.0034860391329714162
ALG1L11P	0.003485376232547911
MSH3	0.0034853701869085375
RP4-651E10.4	0.003485175198497236
AJ003147.8	0.0034850817844498346
RPLP0P6	0.0034848766083804793
CTC-448D22.1	0.0034847439931023905
PAH	0.0034847176391150495
ANGPTL7	0.0034846648265631852
CTB-51A17.1	0.0034845894566134343
RP11-647K16.1	0.0034841148847550704
RP11-328C8.2	0.0034837011739763083
RBMX2P1	0.0034832207507957385
SLC25A6P3	0.003483087434400831
FAM83E	0.003482962044645907
U3	0.003482814665408807
RP11-437J2.3	0.003482807591863846
RPS6P15	0.0034827415540524616
FAM13B	0.0034823225443117744
RP11-703H8.9	0.003481942196888822
CTC-497E21.5	0.0034817878177598525
RP11-820I16.3	0.0034815673162888025
IGLV6-57	0.003481257814036256
RP11-296L22.7	0.003481180422094702
RNU6-141P	0.003481121916229304
FAM133A	0.0034810366858946287
IGHV3-6	0.00348089074603262
CTD-2545H1.1	0.0034808480874673853
SKA1	0.0034806294870291924
MIR1299	0.00347944518309157
RP11-111I12.1	0.0034793969731335417
CYP4F60P	0.0034793927773792326
Y_RNA	0.0034792369564402505
ANXA10	0.0034789195299447847
G6PC3	0.003478895904441924
RPL15P20	0.00347887121180575
ZNF534	0.003478714730427914
CTD-2023N9.3	0.0034786238437269266
CTD-2282P23.2	0.003478252693647667
RP11-254F19.4	0.003478164770634497
RP11-533K11.1	0.0034780247090779896
RP11-571I18.4	0.003477983209586009
RP11-157D23.2	0.0034779682329629754
OFD1P17	0.0034779156924708726
RP11-110I1.12	0.003477552408463559
RN7SKP250	0.0034773424828502472
RP11-793I11.1	0.0034772084593894226
RPS29P17	0.003477109518865586
SLC29A4P1	0.00347656889407373
FAIM2	0.0034764968742576124
RP11-355O1.7	0.0034763121692866624
Y_RNA	0.003475625726949606
RNU6-147P	0.0034754972404540067
SIAH2-AS1	0.003474953632373073
RP11-368J22.2	0.003474910625807404
RP11-484L8.1	0.003474290795365728
ANKRD20A10P	0.003474243319247384
RP11-747E23.1	0.003474170170885337
RP11-46I8.3	0.0034739358825913195
EEF1A1P28	0.0034735547193967637
CTD-2147F2.2	0.0034727065554583055
RP11-145G20.1	0.0034726305033676887
RNY4P19	0.00347246046426289
KRTAP10-1	0.0034723923568014425
CTD-2384A14.1	0.003472324955170115
RPL10L	0.0034720424849945405
RP3-522P13.1	0.003471485062293378
FAM86DP	0.0034712304328426216
AP000254.8	0.0034707361830955638
LINC00622	0.0034705625211348162
AC023115.4	0.0034705403869940764
RP1-13D10.5	0.003469782707516806
RP11-802F5.1	0.0034694173212426733
CDC42P2	0.0034693894761400864
INTS4P2	0.0034686954623672434
RP11-343J3.2	0.0034686086561988728
RP1-228P16.8	0.0034683939971777433
HIST1H1B	0.003468348112178852
RP1-253B10.1	0.003468286187196731
CTD-2083E4.5	0.0034682093262391783
CTC-235G5.2	0.0034678807107229146
MTCO3P38	0.003467787851194668
RP11-403E24.1	0.0034674252172450628
PRDX2P3	0.003466912328695124
MIRLET7A1	0.003466738749855138
CH17-351M24.1	0.0034664226428763496
COPB2	0.003466275056745033
CTD-2572N17.1	0.0034662553923119595
RNU7-40P	0.0034659193048550796
SLC35C1	0.003465527134015393
LINC00345	0.003465025941807167
RP11-32B5.8	0.003464963252646931
THAP12P3	0.0034648932528586764
RNA5SP246	0.0034648489079353666
LINC00701	0.003464831481471041
RP11-567O16.1	0.003464261008118049
TRBV21OR9-2	0.003464099031327812
RP11-521L9.1	0.0034640681075080205
AP000472.2	0.003464053190126033
RN7SL546P	0.0034640523347321556
FAM106CP	0.0034635663550651946
TATDN1P1	0.0034629556287996024
RP4-539M6.21	0.003462245064403092
RP11-218C14.5	0.003462182244230801
AC123886.2	0.0034620477468602895
RP11-438O11.1	0.0034617122987877155
TMEM102	0.00346143011972066
RP11-259O2.1	0.003461312744696465
SS18L2	0.0034608105324248043
RN7SL364P	0.0034596934293588985
ARL14	0.003459685150761033
ZNF71	0.003459628560450447
ARRDC4	0.0034591528552046654
LINC00845	0.0034584424276848215
RP1-229K20.5	0.003458313778311765
NEXN-AS1	0.0034576919028678917
RP11-1O2.1	0.0034576487171481115
AC133785.1	0.003457125167143095
CTC-512J14.5	0.0034570560540382518
DCLRE1CP1	0.0034570553428365535
C2orf91	0.003456988085283542
CTD-2342N23.3	0.0034569036874559328
WRBP1	0.003456772641741104
RSU1P2	0.0034566488465965065
RN7SL279P	0.003456542413355374
MRPS31P4	0.003456253727155626
PSMB6	0.003456095479016001
NUP37	0.00345596457823256
GPC4	0.003455430580301236
RP11-115J16.2	0.0034541813823691764
AC069257.8	0.0034538540690022906
RP11-577H5.5	0.0034534836467971486
RP11-583F2.1	0.003453337839459403
NPIPB9	0.0034532484199227575
AC123900.2	0.0034530337082940947
RP11-547L9.1	0.0034529787029133332
UBLCP1	0.0034526317168508463
PSMC3	0.003452349759026754
RP11-700H13.1	0.0034517631276497654
RPL7P5	0.0034517317983908803
RP11-38C17.1	0.0034512359537174804
DPY19L2P4	0.003451182755709
RP1-288L1.4	0.003450592280279077
AC074286.1	0.0034501289489030987
ESPNP	0.003449664399241422
FAM133B	0.003449296037124456
PTGES3P1	0.0034489808740586804
RP11-27G22.1	0.0034485723956809763
AC009542.2	0.0034482943670639393
MCCD1	0.003448152505202565
ZNRF4	0.0034475700216213432
RP11-108M9.2	0.0034475618800676767
RP11-380L11.4	0.003447431069295052
SPDYE7P	0.003447402329343033
LINC00352	0.003447363246393991
KB-1440D3.13	0.0034464875893677137
CTA-280A3__B.2	0.0034462231645080925
RP4-683M8.2	0.003446172820405553
Y_RNA	0.003445858590944708
RP11-326C3.2	0.0034457802627515448
RP11-150O12.6	0.0034456773469687895
AP000620.1	0.003444495082587668
LINC00867	0.0034440351226207766
RP11-509E10.3	0.003443906029446369
PCDHB6	0.0034436601667971155
LINC01213	0.003443259978133972
SPRR1A	0.0034431632827861343
RP11-340I6.5	0.003442657333573817
MEIS1-AS3	0.0034422055608110164
RP11-150D20.5	0.0034421254793010484
RP11-179K3.2	0.0034419608760381313
RP11-229P13.15	0.0034419578308712956
RPS10P3	0.0034418952614487623
RPSAP44	0.0034415062949088118
MSMB	0.003441278803828444
RP11-489E7.4	0.0034411235994573617
CTRB1	0.003441070435615064
UFSP1	0.00344034572512189
RP11-134K1.2	0.0034401964977019556
RP11-722M1.1	0.0034399885864917334
MIR4514	0.003439620600929349
MIR3194	0.003439425293589026
CTC-258N23.3	0.0034393363082008575
PTCHD1-AS	0.00343913218579202
RP11-386B13.4	0.003438121681554596
RN7SKP80	0.0034378823852609227
RP11-423G4.10	0.0034369068373719747
VRK1	0.003436753337066395
AC025171.1	0.003436014921414218
RP11-638F5.2	0.0034357546041724396
CDC42EP4	0.003435558413089866
MIR1276	0.00343539167734727
STH	0.0034349405674032447
RP4-612B18.1	0.0034346432668874555
CDH20	0.003434169053215013
RP11-1102P22.3	0.0034334375831169966
SCCPDH	0.0034332840775728123
AC007566.10	0.003432695404587821
U47924.27	0.003432628081080426
RPS11P6	0.003432307555349685
PRND	0.003431275843882972
RP11-932A10.1	0.0034312635079767795
DLEU2L	0.003430907019082507
RP11-84C10.2	0.0034308009393256593
HRCT1	0.00343067201820875
CTD-2583A14.10	0.0034302288343604427
U3	0.0034301100639013175
RNU6-238P	0.003430022710982162
RP11-262K1.1	0.0034298049407145933
METTL15P3	0.003429415095937096
RP11-242C24.3	0.0034293196644596055
SDCBPP2	0.003429137984233834
CTD-2350J17.1	0.0034290751188801984
MFSD2B	0.0034285751185854645
IGLV1-41	0.0034284346600232597
RP11-313E19.2	0.0034283286330652556
Y_RNA	0.003428040354389399
LINC00634	0.003428005233397421
RP11-266K4.13	0.003427976508800809
PCNX3	0.0034279199985469376
RP11-526F3.1	0.003427894853946187
RP11-887P2.5	0.0034273733134641982
POLR2J4	0.0034268104744306443
FBXO6	0.003426114842508479
ANO7L1	0.0034257344729706945
AL132640.1	0.0034256528707864234
C11orf58	0.0034255034666668097
NDUFA4	0.0034254801184256493
FJX1	0.003425247258071743
RP11-325K4.3	0.003425130925155798
RP3-366N23.4	0.0034248227878442756
RP11-21L23.3	0.003424655498745762
RP11-665C16.6	0.0034246493955621318
LUADT1	0.0034245500355478435
AC019050.1	0.0034235831490852906
EFCAB14-AS1	0.003423356505388299
RP11-65D17.1	0.003423350293364994
ARL6IP6	0.003423149382838011
MIR548N	0.003422962954776507
ZNF337-AS1	0.0034228828195308173
Metazoa_SRP	0.003422871596067235
RP1-35C21.2	0.0034225360513443492
RP11-103J17.2	0.0034224950582409774
YBX2P1	0.0034220766073456426
RP11-820I16.2	0.003421797810404836
CTD-2561B21.3	0.0034216630723341228
PRKDC	0.0034212658951616208
MIR4753	0.0034210967934489704
MIR4731	0.0034206672836228145
MAF1	0.003420615744228776
AC005786.5	0.0034203586364148285
NOL7	0.0034203080149349144
TAF5L	0.003420207043767972
RP11-375N15.2	0.003420155014728618
RN7SL652P	0.003420147935741336
ZNF805	0.003419843216261777
TRAJ27	0.003419564526763641
RNU1-72P	0.0034193084122266936
VDAC1P6	0.003419220304316496
FARSA	0.0034185428113724737
MIR371B	0.003418357656467389
OR2AT1P	0.003418305407725108
CTB-187L3.1	0.0034182502855448988
RP11-1348G14.1	0.0034182005317028663
RP11-613F7.1	0.0034179768505186066
RNU6-1292P	0.0034176147049928647
Metazoa_SRP	0.0034174300403153686
TMEM256-PLSCR3	0.0034169627372284926
DOLK	0.0034168969833146615
RP5-828H9.1	0.003416873422724581
TRIM61	0.003416316875424927
MTND5P16	0.0034160725173473542
RP11-964E11.2	0.0034155287311656165
SCARNA20	0.0034153173152598804
LY6G6C	0.003415207238606846
RNU6-584P	0.003415009024125081
CTD-2538G9.5	0.00341466264549327
MIR5094	0.003414421615863481
IGKV1-39	0.003413110130412395
MT-TN	0.0034130551511906367
RP11-867G23.3	0.0034126868366660583
RP11-283C24.1	0.0034124168531521715
MIR4730	0.003412364892717104
RP11-51F16.9	0.003410710463355859
RP11-793K1.1	0.0034105457523821636
UBQLN2	0.003410220363261767
RP11-527D7.1	0.0034099574973433504
IVL	0.0034097132658847747
RP11-462B18.3	0.0034093014942915617
EAF1-AS1	0.003409256203367065
LINC00511	0.0034091677596577085
RP11-656D10.3	0.003408931177596583
RP4-585I14.3	0.00340884096774415
IFNWP2	0.0034083597410459947
GSTT2B	0.003408196122306268
CTD-2126E3.4	0.003407847571348818
KRT17P8	0.0034078074018894142
SEC13P1	0.003407433208923861
RPL7P9	0.003406445537940859
STMN3	0.003406412129223198
TMEM45A	0.0034054931293028778
RAD51L3-RFFL	0.003405014854647503
LINC01429	0.0034047604053148452
LSM6	0.003404201284496732
AP001505.10	0.0034041289969711543
LL0XNC01-116E7.2	0.0034039548954040255
RP11-210K20.6	0.0034038039198079056
CTA-992D9.10	0.0034035684934368687
RP11-1072C15.6	0.003403128951476047
GUCA1B	0.003402818265287063
RNA5SP199	0.003402700378859648
RP11-687F6.5	0.0034023952765758645
HADHA	0.0034021642074368104
ZNF674	0.003401969217229048
RP11-61L19.1	0.003401844493654269
RP11-1079K10.2	0.0034017432666767562
snoU13	0.0034012576181135165
RP11-250B2.6	0.003401052186813917
XXbac-BPG252P9.10	0.00340058567843457
COX8A	0.003400478814298823
Y_RNA	0.0033999290319858214
ARF4P1	0.0033994926491021913
C1DP4	0.003399395140678784
N4BP1	0.0033993421617575697
RP11-223I10.1	0.0033989797596026892
POU3F3	0.003398939916013927
RP11-864J10.2	0.003398851823564688
LA16c-429E7.1	0.003398371730900365
ZBTB39	0.003398296679296991
RP11-439H8.4	0.0033980619500490186
TMEM185B	0.003397991310091779
RP11-598O12.1	0.0033973391887050087
RP11-13J8.1	0.0033973384657243846
RP11-35O15.2	0.003397243876579803
RP3-522D1.2	0.0033968473045169244
MIR300	0.0033964255956084586
RN7SL2	0.003394878182294701
RP11-686G23.2	0.003394847136794206
RP11-65J3.3	0.0033948443579310157
MIR3135A	0.0033947261153270975
RP11-731F5.1	0.0033943429659110116
Y_RNA	0.0033943278749714464
MIA-RAB4B	0.0033943154567782153
TBC1D3E	0.0033941949606866536
RN7SKP130	0.003393859534140622
RCC2P7	0.003393823046444866
RP11-407N17.4	0.0033937022556491943
RPS26P47	0.0033928875839117564
RN7SKP15	0.003392170194351062
TUBB4B	0.00339196787114735
FDX1	0.0033917597489579675
MTCO1P5	0.0033916556519033984
USP29	0.0033912884580287674
TMEM253	0.003391263610784178
SYNGR2	0.00339075141580025
RP11-320G10.1	0.0033906294982758065
CTD-2114J12.1	0.00339031343927694
CTD-2160D9.1	0.00338948222704932
RP11-64C1.1	0.0033892295716907083
RP11-261P13.5	0.0033892021812591696
RP11-548K12.12	0.003388947277908212
IGFBPL1	0.003388807134271391
RP4-665J23.2	0.003388388449128202
RP11-831A10.1	0.0033879204868485563
RAMP3	0.0033878032505971767
TMEM35B	0.0033876125462521224
AC090283.3	0.003386986726425047
LINC00704	0.003386302970011519
MIR95	0.0033859172752499335
USF3	0.0033857768360773233
RNY1P3	0.0033854634041265816
RNF139-AS1	0.003385371487459711
MIR148B	0.0033851706428403845
RPS20P10	0.0033846094390403442
LINC01502	0.003383916214774795
SEPT14P8	0.003383874718845077
RNU6-246P	0.003383650611315773
WDYHV1	0.003383633871299843
RP11-849H4.2	0.0033833646573634695
RPL36AP39	0.003383291610669202
RNU6-890P	0.003382652403011741
RP11-20I6.1	0.0033825167708333207
MIR135B	0.0033822179496060425
VN1R11P	0.003382105854683376
RP11-343C2.11	0.0033820850720084703
WFDC11	0.0033820799117520893
RP11-135M8__A.1	0.003381763083791766
VDAC3P1	0.0033814430103274624
NANOGNBP1	0.0033810959985432765
CTD-3224I3.3	0.0033802842231305127
AL163953.3	0.0033802070450977507
FAM224A	0.0033800943820964163
IGKV1D-39	0.003379596429851072
TNFAIP8L3	0.003379511699906779
CTD-2249K22.1	0.0033791569806669542
RPL12P12	0.0033788390315042153
SCUBE3	0.003378668274809673
RABL3	0.0033785783155945988
ZNF597	0.003378468733017195
KB-1958F4.2	0.003378271233012236
HIGD1AP14	0.0033781022936701893
RP11-301M17.1	0.0033775469836577854
AC068538.2	0.0033772940885591434
CTD-2024P10.2	0.003377104788309389
YBX1P10	0.003376952415471926
LPO	0.003376916986892918
WWTR1-IT1	0.0033766685869424003
GLCE	0.0033766351457162245
CASP6	0.003376627032205092
ATP4A	0.003376367404399398
CTB-147C22.8	0.003376004298680113
CACNA1S	0.0033753016264585637
RPS4XP16	0.0033751588414362233
RP11-219G17.4	0.0033745669204513283
RGS2	0.0033745458349748354
RP11-71H17.8	0.00337427763339583
HOXB-AS2	0.0033739894322006156
DLG3-AS1	0.003373832546437853
COMMD5	0.0033736856245855733
GSTO3P	0.0033736811075298434
RPL7P11	0.0033731391600222245
ADIPOR1P2	0.0033725386084995277
RP11-83A24.1	0.003372388796310116
CTC-429P9.4	0.0033722987545916692
RP11-73M11.3	0.003371818045881982
ADGRF5P1	0.003371808196594463
RP11-283I3.1	0.0033716613677232878
AC006262.4	0.0033713520888619874
AC002519.6	0.0033713399964657225
GOLT1B	0.003371336049831137
LINC01358	0.0033713330612045646
RP5-1024G6.7	0.0033712685134602207
C4orf36	0.003371218794096106
TMEM240	0.003370988733770247
RP11-263I1.1	0.003370820661943635
OR52N2	0.003370802262232536
BNIP3P16	0.003370663137427897
CTD-2240J17.2	0.0033700053149039386
RBMX2P3	0.00336995593433511
RP11-747H12.7	0.0033699438872486468
RP11-680G24.6	0.0033696905134795916
PRDM5	0.0033695524069324826
RP11-446E24.4	0.0033695036907665232
RP11-38O23.4	0.0033693584659236445
LOXL1-AS1	0.003369061982166591
RP11-481J2.4	0.003369060062874814
RPL35AP15	0.003368923356938076
GUSBP9	0.0033687147340194837
OOSP1	0.0033680214517338883
RP11-278A23.2	0.0033677145736138578
IL17D	0.0033671109001672814
RP11-709A23.1	0.003366568103924228
RP11-304F15.5	0.003366550104030918
ATMIN	0.003366487726226205
FTLP3	0.003366132351940635
IFT74-AS1	0.003365149282380493
ZNF729	0.003364951585922995
RP11-132F7.2	0.003364594601464106
MTCYBP35	0.003364468042228321
SEPT10P1	0.00336421281392183
RNU6-32P	0.0033640766820916654
CDX2	0.003363888581382789
MIR1303	0.0033637407711582033
DCLK3	0.003363479195966724
FAM151B	0.0033632379850743444
RP11-142A22.4	0.003362933765469325
LINC01496	0.0033627521019171953
PTGDR2	0.0033624500042212535
CH17-118O6.3	0.0033623546163677573
MORF4L1P1	0.00336213244241655
ARHGEF9-IT1	0.00336197628401217
GTSF1	0.0033615277025778427
CTC-459F4.9	0.0033614064646578273
RP11-317N8.3	0.003361303328034878
XXbac-BPG32J3.20	0.0033612814796947148
LL0XNC01-116E7.5	0.0033611466543896234
RP11-513O17.1	0.003360860501197933
RP11-893F2.18	0.003360658483370277
RP11-419C5.3	0.0033601660238540714
RP13-104F24.2	0.0033595995040125158
AC002523.1	0.0033594846002874498
RP11-881M11.1	0.003358774839549724
NUS1P2	0.003358623328876875
MIR4446	0.003358445971352411
ASIC5	0.0033584139323220874
RP5-1120P11.1	0.0033578600119770225
ZC3H12A	0.0033573715079359937
RP5-1085F17.4	0.003357332377302419
RP11-406A9.2	0.0033573000735327694
XXbac-BPG32J3.22	0.0033569364585971486
AMTN	0.0033568815754905033
CRYGEP	0.0033565732393377613
CMB9-55A18.1	0.0033562274505950424
CTC-308K20.4	0.003356205374359908
CEBPD	0.003355585474803879
MTRNR2L8	0.003355309450803471
MYOM2	0.003355171865953681
RPL21P71	0.003355136059132889
RP11-473O4.5	0.0033547237612940486
TSSC1-IT1	0.0033547023657828235
PMS2P6	0.00335467988911242
PUDPP2	0.00335420446050318
OR13I1P	0.0033540519880750977
SPATA19	0.003353900048238743
RN7SL825P	0.0033535611573518864
AC005740.4	0.003353303939750736
RP11-667M19.10	0.0033532086371773615
DANCR	0.0033529390916898828
CTD-2256P15.2	0.00335232485307709
LA16c-380F5.1	0.003352095113667552
RP11-12M5.3	0.0033520904629506898
FAM207BP	0.003351864108795718
RP5-1177I5.3	0.0033515660599480013
ANGPTL3	0.0033513395056885605
RP11-426J5.3	0.00335115448806067
CTD-2189E23.1	0.0033511131080521026
MBD3L1	0.0033507773230938105
GDI2P1	0.003350741437688963
CDC42-IT1	0.0033506200910713956
SNORA75	0.0033501989475620856
TUSC2	0.0033499675985162714
LSM8	0.003349880107144258
MAGEA3	0.003349861472510337
RP11-173P15.10	0.003349617719907131
MIR3936	0.0033495722598054557
RP11-244J10.1	0.0033494281055180776
Y_RNA	0.0033490568492897527
RP11-231E4.3	0.0033489062831085544
CH17-262O2.1	0.0033488381689446055
MIR381	0.003348684412291532
RP11-618I10.2	0.003348275740948099
RP11-280O1.2	0.0033481239604764516
RP11-196B3.2	0.0033476684979823787
AC002310.11	0.003347021491641445
VTRNA2-1	0.0033469578274470807
PSMA6P1	0.0033469174893582475
RP11-203M5.7	0.0033468765751495707
CTD-2325M2.1	0.0033466821951469426
HNRNPA1P45	0.0033466632528489693
DUX4L46	0.003346441917411644
RP11-452F19.3	0.0033464393996490145
AC003090.1	0.0033458813128466277
CTA-796E4.4	0.003345388147819827
RP11-252O18.2	0.0033452340358089672
RNA5SP25	0.003344553402144895
PGBD3	0.003344241025704436
RPS27AP19	0.0033437154964733127
PGLYRP1	0.003343704328846344
RP11-217L21.1	0.0033433696783944874
RP11-690D19.1	0.003343350562514057
MIR4424	0.0033432717345022378
RNU6-361P	0.0033430851790053014
SNX33	0.0033427931293063553
KB-318B8.7	0.003342714307569608
FAM72D	0.003342688445002488
RBMX2P2	0.003342605183904966
MIR3136	0.003342397574748017
AC002117.1	0.0033420981513882842
LCN1P2	0.0033419788362196927
FTCD-AS1	0.0033416720176173316
EIF2B5-IT1	0.003341011994985358
OR9A2	0.0033407750354905222
RP11-712L6.8	0.00334015243414604
NAP1L3	0.0033400369281622612
MIR6769A	0.003339897172472798
MIR6509	0.0033394424800720296
RP11-141C7.3	0.0033389604848432183
CTC-255N20.1	0.0033386393305234623
ART4	0.003338577890775356
RP11-283G6.5	0.003338270991131806
TFF2	0.0033380317172596436
pRNA	0.0033377063472746354
CATSPER4	0.0033375063313663077
MIR4641	0.003336127850081784
RP11-50D9.3	0.0033359999742483154
IFNWP15	0.003335916253852026
RP11-426C22.7	0.0033356582716981623
RTP5	0.003335227729787142
RP11-38L15.2	0.0033352161860225465
AC005229.5	0.003334977585526428
C6orf15	0.003334565762029617
AC009302.2	0.0033342947380787524
RP4-677H15.4	0.0033342373000099248
RP11-567E21.3	0.0033331858162039
RP11-159F24.2	0.003332704843072943
FTLP14	0.0033323097163136762
RP4-669K10.8	0.0033315200308003715
RP11-78J21.7	0.0033303979448276832
AC007463.2	0.0033301890496861344
CTA-215D11.4	0.0033300585805930783
RP4-635E18.9	0.0033289860403888467
RP11-203B9.4	0.0033289189387868206
RP11-174J11.1	0.0033287154899091322
CA5BP1	0.0033280972711515976
SNORA11	0.003327990202611921
RN7SL520P	0.003327974671606404
RP11-710F7.3	0.0033277613528135356
PIK3R4	0.0033274590365360707
LINC00290	0.003327421450033134
IGHV3OR16-11	0.003327269726966376
RP11-875O11.1	0.003326602773493545
RP11-573M3.6	0.0033264808837803806
RP4-765C7.2	0.003326379762830105
RPL9P18	0.00332611560782929
RN7SL128P	0.003325680846660441
RP11-430C7.4	0.003325614407766779
DICER1-AS1	0.003325376768637265
AC004485.3	0.0033252385451031175
HHIP-AS1	0.0033250018026161118
WFIKKN1	0.0033247234073513947
UBE2M	0.0033245291038998728
DSCAM-AS1	0.0033245020200164165
RP11-442O18.2	0.0033244737391520604
AC092106.2	0.00332428832363953
ZNF717	0.0033240575542977124
Y_RNA	0.003324035793956597
RP5-1033K19.2	0.0033238104298072653
CTB-32O4.3	0.003323579865345634
RP11-1084A12.1	0.00332305673916365
LINC00882	0.003322814637751565
KIAA0196-AS1	0.0033227773459529562
RP11-686G8.1	0.0033227342545016415
AC009362.2	0.0033217583700111126
RP11-135A24.4	0.003320991454986766
RP11-463C8.7	0.0033208133320344322
CTC-425O23.5	0.0033207537607826848
RP11-91P24.7	0.0033206714651168945
RP11-544L8__B.4	0.003320265606851842
RP11-80K6.2	0.003320216638275131
POM121L2	0.0033198823697982885
RP11-700P18.2	0.0033194890894300082
RP11-61N20.3	0.0033190140865068597
ARL5AP4	0.0033186288699615894
AC011899.9	0.0033179542361335985
NUFIP1P	0.003317629508990831
SMIM12	0.0033175104516350537
SLC35A5	0.0033167347445387713
RP11-359E19.2	0.0033167038347367856
AC012146.7	0.003316247954823958
IGHV3OR16-12	0.003315900718935209
CTB-118N6.2	0.003315872833730576
RP3-510O8.4	0.0033155514303485124
SNORD116-27	0.0033151622950059988
CDC37P1	0.0033150781793404613
RP11-594N15.3	0.003314560291648723
RP11-307L3.2	0.0033131966543291855
MAGEA6	0.0033129743360149756
RP5-997D16.2	0.0033125432172462846
PPP1R1C	0.0033121149230768182
SPIN3	0.003312040184220753
LINC00682	0.0033112750484937774
IAPP	0.0033111814297804463
RP5-1132H15.1	0.003310793208924434
Y_RNA	0.003310781603754674
RP11-310H4.2	0.0033107046511287605
HNRNPA1P37	0.003310364907613061
RP11-175P13.2	0.0033099522855240112
C11orf95	0.003309705069540915
RP11-470M17.2	0.003309694283036393
RP11-349G13.1	0.0033096873660802633
RP11-342K2.1	0.003309440346978395
LINC00624	0.0033088418904094
CPA3	0.0033083421056328785
RP5-1069C8.3	0.0033081289539566698
IGKV1OR2-108	0.003307640388021532
RP11-585P4.5	0.003307601955366548
RN7SL165P	0.003307588726982179
RP11-96L14.7	0.0033075840384584857
RP11-731C17.2	0.0033072258895751362
RP11-603J24.6	0.003306477611695451
RP4-647C14.3	0.003306295120943719
LINC00899	0.0033061090186528768
RP11-421N8.1	0.003305612644084923
IGKV1-27	0.0033053799681108573
RP11-572M11.3	0.0033050999204047157
RP11-225N10.1	0.003305094055855531
RP11-403I13.4	0.0033050721821526676
RP11-331N16.1	0.0033044626825624412
PAQR8	0.0033044075231189723
SV2A	0.003304146001064585
RPL23AP72	0.0033040196621720846
TMEM82	0.0033040008765186624
RPL30P4	0.0033036802683596074
AC006486.9	0.0033036531551984393
ULK4	0.0033033136464929156
RNA5SP312	0.0033024144534390433
RPL29P19	0.0033021834967012368
RP11-673E1.1	0.003302021485929835
RP5-827C21.6	0.0033013389414349743
LINC00649	0.003300987964440982
RP11-118K6.3	0.0033005805980900367
RP11-385F7.1	0.0033003771307541646
IGLV4-69	0.0033002868544824843
POLR2D	0.003298412507484402
LINC01132	0.0032983900608688638
RP11-281H11.2	0.003297318537362014
CH17-385C13.2	0.0032971570632653368
IGLV2-33	0.003296647562483018
AGMAT	0.003295890812751485
IPO8P1	0.00329548435756998
ASB14	0.0032949138134706025
VN1R40P	0.003294789135359413
RP11-380D11.2	0.003294425246877125
PCA3	0.0032941063743956167
SERPINA3	0.0032935914613658576
RN7SL12P	0.003293503014793384
LRRFIP1P1	0.003293384732254831
RNU1-8P	0.003293356223995321
RP11-81K13.1	0.0032932817636309696
BTF3L4P3	0.003293146724069155
DEFB112	0.003292662053991139
PTMAP3	0.003292627367950547
PWRN4	0.003292599981190532
RP11-159F24.3	0.0032918237111852528
HIBADH	0.00329094444425785
RHEBP3	0.0032905787040703703
APOC1P1	0.003290524989492628
MIR578	0.00328968863794032
HNRNPH1P3	0.003289665742857567
PHBP3	0.0032886223439403425
OR7E109P	0.0032884521124154926
RPS27AP1	0.0032882335194859987
NFKBIA	0.003288133783403657
CTD-2012J19.1	0.003287716803483278
MAOA	0.0032873026817122983
EEF1B2P7	0.0032873020041942853
DGAT2L7P	0.0032872135657135352
CTD-2262B20.1	0.0032867614505536677
BRK1	0.0032858033770028537
RP11-206F17.2	0.003285726104977817
RP11-107N7.1	0.0032856641055773405
LZTS1-AS1	0.0032853296152782234
RNF224	0.0032843376078310303
RP1-92O14.3	0.0032841751192892285
LINC01353	0.0032840329508692957
RP11-278C7.1	0.003283817406864625
RPL15P2	0.0032821041518429532
FOXL1	0.00328206527053929
APPBP2	0.0032817583161396163
RP11-14C10.3	0.0032815370545203515
RN7SL610P	0.003281509039478059
MRC1	0.003281435235606706
KRT12	0.0032812756278338784
Y_RNA	0.003280806902809126
RP11-89K18.1	0.0032805963895148737
Y_RNA	0.003280442120514659
RPLP0P2	0.003280216427201245
BVES-AS1	0.0032795715426865157
ID2-AS1	0.003278871964769628
RP11-44D5.1	0.0032786688577086352
CTD-2568A17.1	0.003278114344477214
RP13-126C7.1	0.0032781048144434584
RP11-803D5.4	0.003278088926530269
AP4M1	0.0032779461837234665
RP11-192H23.7	0.00327790627922819
EPS8L3	0.0032771135244325303
KCNJ2	0.003276910289802261
IGLV2-5	0.0032763780921943263
AC092168.2	0.003276207601607015
XXcos-LUCA11.5	0.003276156918647559
OOEP	0.003276095744513712
C9orf92	0.003275775349740347
EIF1AD	0.0032756692807097646
SYF2P2	0.0032754087359534194
AC068279.3	0.0032751505244909343
HNCAT21	0.003275029092860477
CMTM2	0.003274685432742519
IARS2	0.003274542955534541
RP11-25D10.2	0.003274438725274702
RP11-809H16.3	0.0032742301180154454
OOEP-AS1	0.0032740288266136916
U82670.9	0.0032738340781846057
RP11-480N24.4	0.003273751303461654
LINC00381	0.003273646735592081
KRT18P50	0.0032735260047600467
RN7SL265P	0.003273051156688827
PGM5P3-AS1	0.0032724602707552247
OTOGL	0.003272442722708056
RP3-405J10.5	0.0032721940684532877
CTC-458G6.2	0.003271978773391134
DDX12P	0.003271900495258672
TSPAN10	0.0032717825328319903
RP11-169K16.8	0.003271447219190526
RP11-651P23.2	0.003271154674361335
RP11-229M1.2	0.0032710975198233334
KATNBL1P2	0.0032709858895376693
NPC2	0.0032705506932823006
NAP1L4P1	0.0032705134337864
PHEX	0.0032696619285390027
IGLJ2	0.0032695393785359015
LINC01170	0.003268833049739944
CHL1-AS1	0.0032685203041576184
LMNB2	0.0032681159871312693
ALG1L2	0.0032678946784425638
CCNT2-AS1	0.0032668805264504854
RP5-1184F4.5	0.0032668593602185494
PTCHD3	0.00326658917090992
RP1-45N11.1	0.0032663879489514005
RP11-707O23.1	0.0032659049256076344
KCNMB1	0.003265868775940434
CPTP	0.0032655698891078918
AC005786.3	0.0032643914900107006
CSNK1G2P1	0.0032642091260481126
ATP2A1-AS1	0.0032640513623185367
MIR553	0.0032639782120626104
RPS29P22	0.003263665183416409
NENFP3	0.003263428981865742
RNF219-AS1	0.003263265308762299
KLRA1P	0.003263157701378296
RP11-433J20.1	0.003262829491493646
RP11-302K17.3	0.003262504837486362
RP11-434B12.1	0.003262460794220404
KCNMA1-AS1	0.0032623116807421505
RP13-582L3.4	0.003262016465830799
EFCAB14P1	0.0032618296153964837
LINC01082	0.0032616427718070483
AC080125.1	0.0032614652534152595
IFNL4P1	0.003261435818972211
RP4-640E24.1	0.0032606446224431812
LINC01451	0.003260506377379487
RNU6-298P	0.00326039335404166
TAMM41	0.003260169030215559
PLPP6	0.003259880230007049
DPPA2P2	0.003259840102247695
TNFSF18	0.0032597200096584613
RP11-347N5.3	0.003259516645303708
RP1-266L20.9	0.0032588025303588557
SLC17A4	0.0032585920571738085
GS1-124K5.3	0.0032585298459052938
MOGAT3	0.003258310851864387
RP4-614O4.13	0.003257998341463695
EDN2	0.0032579382171759813
PTMAP5	0.003257876406457467
RP11-181B11.2	0.0032574044762667424
UBE2NP1	0.0032573809901459833
TTTY15	0.003256762957720367
MIR345	0.0032560783390711287
DTWD2	0.00325528364127248
RP11-45L9.1	0.0032552325293624625
RP11-532F6.4	0.0032548702793793603
Metazoa_SRP	0.003254588571924436
CCDC71	0.0032545454580915154
LINC00456	0.003254537688448112
NSUN6	0.003254478942781414
LINC00863	0.0032542420385004316
RP11-164N3.1	0.003254034864405172
TGM6	0.0032538903201716454
C9orf57	0.0032538840111781026
ADAMTS5	0.0032535614971642654
CTC-273B12.10	0.003253237498895248
RP11-567L7.5	0.0032530728089240923
RPSAP45	0.0032525885185870386
LINC01479	0.0032523323243520597
ZNF134	0.003252330513315981
NUP85	0.003251863197173124
LINC01584	0.0032510811897774076
CCT5P1	0.003250911581600662
TRIM77BP	0.003250750588379947
SLC38A8	0.003250300907565752
RP11-109L13.5	0.0032496648680152406
TGDS	0.0032495697441381594
GNA11	0.003249251325184603
NUCKS1P1	0.00324909868351656
AC053503.12	0.003249066205374408
RP11-529G21.2	0.0032489511639115522
IGKV1D-27	0.003247931840955535
AC114752.3	0.0032478794762269164
RP11-342K6.2	0.0032473951341570793
FDX2	0.0032470484203843903
IGHV4-34	0.003246789174229218
KPNA2	0.0032466740544005983
RPS4XP1	0.0032459551839686654
ADIPOR2	0.003245893654252388
KRT8P3	0.0032450682099211844
RN7SL144P	0.003245023132731824
IFNNP1	0.0032446613362351953
RP5-1074L1.1	0.0032434397353594347
ARNTL2-AS1	0.0032431467670690985
RPL18P13	0.003242656799663834
UTP14C	0.003241596727506471
RPSAP8	0.003241588685117738
ABCG8	0.003241464205280832
RP1-146I3.1	0.003241098651118462
DUSP11	0.0032410245267085855
AHNAK2	0.0032409406690286973
IGHV4-61	0.0032409188559013946
YWHAZP7	0.003240906907541277
RNU6-934P	0.0032405262703952315
TMEM50A	0.0032401125825943975
RP11-707G14.1	0.003239411523600007
SHISA4	0.0032393295393035957
CRAT8	0.003239107400544534
AP5S1	0.00323902741221159
RPL12P21	0.0032388269212385765
IGKV1-6	0.00323840595217312
NYAP1	0.0032381775652532735
FABP12	0.003238152926141045
RPL11P3	0.003238031431051848
RIPPLY1	0.003237629634380942
HSP90B3P	0.003237024735619429
AC006483.5	0.0032369338085981732
RP11-112N23.1	0.0032368350229812796
AL022393.9	0.003236593011048438
RAB22A	0.0032364918439975634
IGHV1OR15-9	0.003236444470043361
RP11-44F14.6	0.003236438652664871
CTC-484P3.3	0.0032362699659678577
RP11-147L13.15	0.0032358479236851
CTD-3220F14.3	0.0032357525050097685
ARPC4-TTLL3	0.0032356602311394097
PCDHGA8	0.003235652915101338
RP11-74J13.8	0.0032355070699862606
RHEB	0.0032353544158472154
TRAJ60	0.0032349095988117448
MIR367	0.0032347271245101133
OR5BK1P	0.003234571622425566
RN7SKP64	0.003234563379976562
RNA5SP168	0.0032343439852087256
FABP1	0.0032337638796159315
RP11-38L15.8	0.0032337214726083645
RP11-1101H11.1	0.0032336550157627854
CTC-523E23.4	0.0032334782080085203
RP11-1149M10.1	0.003233453861476875
SERGEF	0.0032331775531142543
AC018878.3	0.0032331702807766754
RP11-290F24.6	0.0032327727983023917
FAM91A3P	0.0032324617629178563
UQCRHP2	0.003232375797154076
MIR3680-2	0.003231999371082176
RP11-282O18.7	0.003231335326848902
RP11-17A1.3	0.0032309675802197286
RP11-144F15.1	0.003230963574167685
SPRR2E	0.003230957895000378
CALM2P3	0.003230877572212867
RP11-20I23.5	0.003230308426770305
RP11-85G18.6	0.0032299188686944853
AC073316.2	0.0032297255655583793
SLC13A1	0.0032295313023834927
KB-1125A3.11	0.0032288583252809574
SNRPB2	0.003228241109078884
RP11-650K20.3	0.003227988422246648
RPL35P4	0.0032277458965896794
RP11-129B9.1	0.003227710357279518
IMPAD1	0.0032275821564256564
DLX2	0.0032274153259400384
RPL18P10	0.0032271904306806092
RP11-82K18.2	0.0032268310389415365
HOXA11	0.0032266768638112217
CCDC185	0.00322648055676876
STX1B	0.003225523539374253
LA16c-312E8.4	0.0032254962509408723
CTC-360J11.4	0.0032254826923049634
RNU2-69P	0.003225425331287057
RP4-777L9.2	0.0032252898247463148
RP11-163G10.4	0.0032252530153306994
RAX	0.003225173615912829
NHLRC2	0.003225079506898739
UTS2R	0.0032248495733184757
OR8B9P	0.003224739861994359
RP11-259P6.3	0.003224715351763497
NDUFAF8	0.0032245573401495356
RP11-212F11.1	0.0032243510746754384
SNORD6	0.003224272326901699
RNU6-62P	0.0032240389894489063
RPL36P16	0.003223956958039053
RP11-432J9.6	0.003222680223792259
RP11-375O18.2	0.0032223983708107523
RP11-417L19.2	0.0032219729714608454
CTD-3216D2.5	0.003221703807737892
RPL23AP63	0.003221640487080568
RNU6ATAC3P	0.003221425443929948
AC012442.5	0.003221247770614802
RP11-17M24.3	0.003221183243620379
EIF4A2P2	0.003221173035450846
DNAJA1P2	0.003220653740419674
GRK1	0.00322050379452882
CTC-467M3.1	0.0032203070718748138
AC004022.8	0.003220198214958308
OTUD7A	0.003220024396133534
TMEM127	0.0032199636401798216
SSTR2	0.0032196053122184763
RP11-405A12.1	0.003219441167931688
RP11-435O5.5	0.003218449220024855
AC073130.2	0.0032182985909578314
RPL5P15	0.0032179103611129117
RP11-1174L13.2	0.003217880437152811
RP11-9H20.2	0.0032170090751429434
RP11-190A12.7	0.003216915563732809
LINC00540	0.003216773065674385
MAST1	0.0032167265433874514
RP11-304L19.2	0.003216344246773639
CTD-2525I3.8	0.003216128681900053
RP11-446H18.6	0.0032159573488980938
RP11-353M9.1	0.003215769223903608
KCNMB4	0.003215735646477546
AP006547.3	0.003215578204614425
RP1-224A6.3	0.003214849375924753
MOS	0.003214776468873002
RP11-356C4.3	0.003214733592955653
RN7SL771P	0.0032140936237567293
ALOX5AP	0.003213909806533562
RP11-5L12.1	0.003213813965568665
ALMS1P1	0.0032136393008023096
STMND1	0.003213265606796118
RP11-348A7.1	0.0032129488837328852
RP11-318C2.1	0.0032125603292169785
RP11-474P2.6	0.0032119086526540925
AF127577.11	0.003211585089512888
RPL23AP33	0.003211099243470909
RP1-128M12.3	0.003210927026286821
RP11-785H20.1	0.00321072804458841
Y_RNA	0.0032106977422011736
CTA-313A17.2	0.003210679750340028
PSME3	0.003210462123700505
RP11-212P7.3	0.003210211800528848
ALPK3	0.003210186181611326
AC079781.5	0.0032097304543477843
HIST1H2BB	0.0032096693986206496
MSNP1	0.0032096494801278222
AC002116.7	0.0032095114955527763
PSMB11	0.0032093753885907594
AC002486.3	0.0032091175697723648
RP1-292B18.4	0.0032090570652963096
ZNF735	0.0032089201612041426
TMEM74B	0.003208810514094554
CH507-513H4.4	0.0032086401310820528
RP13-895J2.11	0.003208526868527121
RP11-374M1.7	0.003208235745401151
TEN1	0.0032081599980683037
CLK3P2	0.0032079721217191624
DLGAP4-AS1	0.0032072218017834306
RP11-344B2.3	0.0032070142527354985
RN7SL33P	0.003206968638140481
NOXRED1	0.0032066692248328824
OR2B6	0.0032060020534919295
RN7SL510P	0.003205453997269347
NAP1L1P3	0.0032051264909993293
KMT2B	0.003204918900259549
MIR3942	0.0032048235355076568
TAF13P2	0.0032047839850563634
RP11-618G20.1	0.0032047084670751846
RP11-193J6.1	0.0032046517973197872
AC079117.1	0.0032044236023916935
CTC-525D6.3	0.0032038135475701878
RNU7-103P	0.0032035372642211985
XXbac-BPGBPG55C20.2	0.00320346721256991
KCNMA1-AS3	0.0032023162697480062
KRT34	0.003202048769421855
AC068489.1	0.0032018304501734334
RP5-994D16.9	0.0032017895628962665
ANHX	0.0032017040521173804
RP11-135J2.3	0.003201702733155578
MAFG-AS1	0.0032015833247280657
RP11-820I16.1	0.003200432790628663
CTD-3252C9.2	0.0032002417192376733
TCP1P1	0.003199393717173758
DLGAP2-AS1	0.0031991293231826354
CTD-2376I4.2	0.0031991100036329882
RP11-49K24.5	0.003199019706306958
AC093642.5	0.0031990043047220645
SECTM1	0.003198709159671832
RNU6-376P	0.003198347274218743
MIR3128	0.003197941241056254
RP11-897M7.4	0.003197256676131441
HMGB1P44	0.0031967023300995315
Y_RNA	0.0031966367795577782
XXbac-BPG308K3.5	0.0031965932166821477
AC006116.15	0.003196552367297937
TMEM136	0.0031961379865029947
ERC2-IT1	0.003196108084426249
RPL35AP31	0.003195057380056269
RP11-383G10.1	0.00319495748276421
RP11-85O21.2	0.0031945905490249225
DXO	0.00319449916312884
MIR4694	0.003194350158231525
RP11-481K9.4	0.003194348478153758
CTD-2189E23.2	0.0031942117167530794
COX7A2P2	0.003194047274375125
RP11-473M20.5	0.003193706648367744
RP11-453E17.4	0.0031932775354738562
RPL19	0.0031929858062409015
GDF7	0.003192704121790157
Y_RNA	0.003192701326773116
RP11-50B3.1	0.0031922852444390107
RNU6-304P	0.0031922132696069945
ZNF114	0.0031921090100246133
RPL17-C18orf32	0.0031920871516828734
CD3EAP	0.003191769803667461
MTND4P35	0.003191704077096066
FOXD2-AS1	0.0031916704052971515
AC009229.6	0.003191014550995542
RPS3AP41	0.0031909634230687747
GEMIN5	0.003190687461087762
MIR4254	0.003190663598795445
NANOGNBP2	0.00319033325891289
RP11-103J8.2	0.00318974076659722
RNU6-29P	0.0031897226103855506
RP11-707M3.3	0.003189562302088328
RP11-57C19.6	0.003189530430202898
RP11-829H16.3	0.0031894660073326685
ZRANB2-AS1	0.0031893852809241046
RP5-1024N4.4	0.003189034530433869
COX8C	0.003189008891958165
SNORD67	0.0031885583354237896
AC006115.6	0.0031881437961103066
HCG23	0.0031879189111800603
SLC25A5P5	0.0031878049497733704
RP3-399L15.2	0.0031874409092308795
AC024704.2	0.0031872771818002724
AKT3-IT1	0.0031870687743088193
DNAH17-AS1	0.003186868619507126
RP11-452G18.1	0.003186742588188655
RP11-556O15.1	0.0031863799106145135
RPS4XP21	0.0031863077381163334
RNU6-805P	0.0031861344619261434
RP11-16D22.2	0.003185897424294971
ZNF703	0.0031854154430964775
CTB-102L5.7	0.003185093544338825
RP11-508N22.12	0.0031850637224064356
SPINK14	0.003185026093924028
RNU2-34P	0.003184917574489353
ZNF398	0.0031848381246420416
CCPG1	0.0031843519244145347
CIAO1	0.003184055053069023
AP003025.2	0.0031837340860871926
Y_RNA	0.0031826905022188583
IGHVIII-22-2	0.0031825733314798216
TUBB8P12	0.003181252034009122
KRTAP1-3	0.0031811218452819996
RP11-491F9.6	0.003180160990093445
LINC01222	0.0031801472005497174
RARRES1	0.0031799583318595274
CKMT2-AS1	0.003179945034285416
ZSWIM5P2	0.003179615912050299
RP6-65G23.3	0.00317932572899139
MDS2	0.0031790772554798835
TMTC2	0.0031789927636273747
C2orf49	0.003178508057121571
CENPVL3	0.0031781038095326105
RNU6-91P	0.0031780081941617903
OR2H1	0.0031777687713158468
RP4-758J24.6	0.0031777666029235638
NAT8B	0.003177100787297023
RP11-452K12.4	0.003177059482306635
ENPEP	0.003176942595363
C12orf50	0.003176587660309775
RP11-571M6.15	0.0031760408251407762
RP11-573D15.9	0.003175826813035482
RP11-480D4.5	0.003175487004743629
C6orf47	0.0031752721662076577
RP1-239B22.5	0.0031752181695127424
RP11-242J7.1	0.0031751692445157295
ERVV-1	0.00317461529837801
OR12D2	0.00317431092432758
RP11-358N4.3	0.003173579319425514
Y_RNA	0.003173347950353561
MIR6738	0.0031730122267155706
C17orf96	0.0031729227006338156
RP11-5N11.2	0.0031725737518004844
AC000036.4	0.0031724982885663502
RP11-477D19.2	0.003172452899872489
KCTD21-AS1	0.0031724241595686175
RP11-172C16.4	0.0031723893349758082
LAMTOR1	0.0031719124856062473
RPL21	0.00317189076183736
FAN1	0.003171615933840009
CTD-2619J13.16	0.0031713807514856373
CHAC2	0.0031713441437923448
FAM3D-AS1	0.00317115430288836
RP11-503N18.5	0.0031701236706646505
SP9	0.0031700342910940577
GOLGA8K	0.0031699073380350527
RP11-195E2.1	0.0031695287958086785
RP11-166N17.1	0.0031693052870997098
SPINK13	0.0031689105573323413
FNDC9	0.003168893723145989
GOLIM4	0.0031687736593052867
RP3-393E18.2	0.0031687548144656917
MIR3911	0.003168687753643532
AC090505.4	0.003168646754946292
LINC00612	0.0031682721334384926
RP11-864G5.1	0.003168109308526648
CTB-61M7.2	0.003167958087583877
OPA1	0.003167812743581882
RN7SKP21	0.0031676205220112874
RP11-183A22.3	0.003167412017448113
RP11-311F12.1	0.003167049246187858
IFITM5	0.0031668151015992554
AC007787.2	0.0031667733050626985
AC108025.2	0.0031667537252256114
EXOSC3P2	0.0031663468228516315
MIR4453	0.0031662340086405214
MIR4484	0.003166076611585501
RP11-53I6.3	0.003165906361638503
IGHV3OR16-10	0.0031658121141054842
NACAP2	0.0031657660147462693
RP11-392A14.9	0.003165704951682582
RP11-83C7.1	0.003165245105478174
RP11-600F24.7	0.003165052321713111
RP11-677I18.3	0.003164935374109134
RP4-753D10.5	0.0031645145054121603
LINC00355	0.0031638197570120234
SSR3	0.0031636659184256055
CYSRT1	0.0031634527535874713
MIR616	0.003163247781084901
RP11-382A20.6	0.0031629595267039638
ZNF815P	0.0031628868108483947
IGF2-AS	0.0031628306078054897
MIR4782	0.0031616157683736585
RP13-578N3.3	0.003161143989967023
OR2L9P	0.0031610099258665538
HDAC11-AS1	0.0031609660916159105
RP11-354P11.2	0.003160584904350827
RP11-486G15.2	0.0031604651754591085
RP11-10G15.4	0.0031604610007886745
Y_RNA	0.0031603982131008217
Y_RNA	0.0031602902434235375
RP11-153F1.2	0.0031593596400872246
RP5-961K14.2	0.0031590699531145357
MIR491	0.003156821272373601
OR5AO1P	0.0031566170315344257
NUP50-AS1	0.003156518848691405
VDAC1P2	0.0031559051523531593
HES1	0.0031557572600733608
Y_RNA	0.0031557541540809682
AC010976.2	0.0031555091560831155
FAM133DP	0.0031550682059952183
RP11-134G8.7	0.003154933204750991
RP11-734E19.1	0.0031547755967915093
RNU6-269P	0.0031547118653186203
RP11-90L1.8	0.0031546131246953063
RP11-629P16.1	0.0031537151911127455
RP5-1116H23.3	0.0031536948833753332
ARL4AP4	0.0031536408027214784
LINC00526	0.003152939653537792
RP11-30K9.5	0.0031527966057342126
LINC01397	0.003152647285760241
LINC01293	0.0031526468670943714
RP11-474D1.4	0.0031525172561314117
SNORD112	0.0031523044560327826
RP11-59N23.1	0.0031521352334329213
CTB-147C22.9	0.0031517344087653187
CTD-2537I9.16	0.003151521186643225
RP11-146N18.1	0.0031514294989167147
RP11-94M14.2	0.0031513886209522087
RLIMP1	0.003150974951356768
AC104113.3	0.003150859652538718
RPL3P12	0.0031507691530418937
RP11-556H2.2	0.0031505243953133233
RBM8B	0.0031502770243990023
GRM7-AS1	0.0031500338295044725
RNU6-908P	0.003149944690010783
CSNK1A1P1	0.0031497945149370505
ELMO1-AS1	0.003149614424057913
MBNL1-AS1	0.0031495352068226725
FDPSP7	0.0031494540319114807
LINC00346	0.003149218006016291
RP11-588K22.2	0.0031490864766287917
YWHAEP5	0.0031490217651996355
RNU6-132P	0.003148956525741364
RP3-400B16.2	0.003148479676551188
TRMT2B-AS1	0.0031484334566881838
AC092162.1	0.0031472832004131165
RP11-637O19.3	0.0031471986391023213
RP11-956J14.2	0.0031470520877960474
IGLV7-35	0.0031468035283419697
RNU6-1289P	0.0031468028799286523
BET1P1	0.0031462118568337544
RP11-84A12.1	0.0031460547124533334
AC022153.1	0.0031458879268074186
TREML5P	0.003145825850129301
VIL1	0.0031458033935356563
RP11-575F12.1	0.00314552578711897
GSTM3	0.0031453734315466993
SNORD115-48	0.0031447913711788946
BCRP8	0.0031447218967355674
RPL34P31	0.0031446448400764145
CTD-2091N23.1	0.0031441897562292094
TRGC2	0.003143870551084019
CTD-2310F14.1	0.0031435142850631008
TMED10P2	0.0031432256854113014
RP11-46D6.1	0.003142883207274945
CTD-2291D10.1	0.0031425712654208817
RP11-463I20.2	0.0031425330193642948
HELT	0.0031425312529045606
RNU1-28P	0.0031421885771328525
RP1-159A19.3	0.003142147270635128
RP11-325K4.2	0.0031420366117457313
AC010084.1	0.003141728838856435
AP000345.4	0.003141550492983609
RP11-260E18.1	0.0031414062772835006
C1GALT1C1	0.003141075052836566
PITPNA-AS1	0.0031409167947389345
DNAJC9-AS1	0.003140795183115112
GAPDHP66	0.003140609782989739
RP11-101E3.5	0.0031404786340805033
IGHVII-46-1	0.0031396934882614237
LIN28B	0.00313963493712826
OR52B5P	0.0031392889448299487
RP11-324D17.1	0.0031392661741785183
ERVK-28	0.003138713169666927
INSRR	0.003138647347477199
ZNF350	0.003138555744030174
MIR4526	0.0031384508833862718
ARMCX6	0.0031384136017580354
ANOS2P	0.0031371857748979308
ZNF252P-AS1	0.0031370434149213277
CTD-2215E18.3	0.003136929989471424
RPL7P29	0.0031367719328793077
RP11-640N11.2	0.003136544577406583
RP11-169K17.4	0.003136113266136051
AC005682.5	0.0031359453197217584
XXbac-B562F10.12	0.003135839581482335
RP11-284J1.1	0.0031357968294202904
DIAPH2-AS1	0.0031354863590389403
CTB-99A3.1	0.003135070020574469
TH2LCRR	0.0031349348881470206
MTND2P33	0.00313477631616029
RPL15P1	0.0031344746347172726
CTC-369A16.2	0.0031343479788643216
FAM103A2P	0.0031343309752249306
RNU1-27P	0.0031336918801441894
PSMC1P2	0.0031336648406677797
RP11-23J9.3	0.003132931997117719
CTD-3099C6.5	0.0031327118305688067
RP11-466G12.3	0.0031322231826345403
RP11-197N18.8	0.0031321511132695774
GUCY1A2	0.003131940604783697
AC005357.1	0.003131812852524719
LINC00460	0.003131284475418709
MIR151B	0.003131282127478012
SLC25A52	0.0031311246552910934
RANP4	0.003131038675767413
RP1-232L24.2	0.0031299375325973067
GATC	0.003129817162450052
RP11-867G23.10	0.003129800803046305
TRAJ19	0.003129768970074634
RPL23AP28	0.003129272422321189
INMT-FAM188B	0.003129164402116521
NDUFAB1P1	0.003128901384133411
RP11-604N13.1	0.003128724569971096
RP4-604K5.3	0.003128629574913147
RP11-646E18.4	0.003127842050262975
CHMP4B	0.00312784017402775
RP11-19E11.1	0.0031277079997178003
RP11-306I1.1	0.0031276223910968984
RP11-498P14.5	0.003127477126495555
RP11-889L3.1	0.0031268885713916705
RP11-309M7.1	0.003126558373033238
WIPF3	0.0031263172374513615
SLIRP	0.0031261757935395476
RPL10P1	0.003126141408853277
HNRNPA1P48	0.0031260921433582797
KLF13	0.0031260852154914847
RP11-310H4.3	0.0031255975472904815
RP11-42O15.2	0.0031254874012206033
RP11-381O6.1	0.0031254013417161756
RP3-406P24.3	0.003125399182469455
RP11-219E7.2	0.0031249617025962684
AP000648.5	0.0031243171419612966
CTD-2561J22.1	0.003124081106423413
ZNF426	0.0031237463543703154
C2orf78	0.003123560368186923
ZFP64P1	0.003123470038675048
MTND5P28	0.003123435262925549
RNU7-80P	0.0031233942072978324
RP11-122D10.1	0.003123312714020092
MIR548S	0.0031231545802473813
RP5-930J4.2	0.0031230746480780005
SHC1P2	0.0031228107955177894
MUC7	0.0031224948271464364
RP11-267J23.4	0.0031222981243589415
NDUFA2	0.0031222157409437072
MTND1P34	0.0031221346878495464
RP11-20P5.2	0.003121878169347185
LINC00901	0.0031215956409336317
ZC3H11B	0.003121572681369313
CEND1	0.003121257012798465
RNU6-968P	0.0031211127739962405
SNORD45	0.003120493163829515
NDUFAF4	0.003120467037340155
EIF5P1	0.0031199590067872507
HNRNPA1P71	0.0031198398782697877
OR1B1	0.003119586921456924
OR5B2	0.003118698200291774
IGLV3-13	0.003118627801995699
RP4-669H2.1	0.0031185793619347697
RP11-252O18.3	0.003118355609709343
MIR324	0.003117809654444642
DDX39AP1	0.0031177991945534403
RN7SL126P	0.0031173649465205664
RP11-585P4.6	0.0031173635422993232
MIR3713	0.0031171143877813828
AC108039.3	0.0031170881234417
HCG11	0.0031163225509584862
RP3-416J7.1	0.0031162130214982945
RP11-23P13.6	0.003116067082211353
AP001043.1	0.003116003058315122
GDI2P2	0.0031159859594593266
ASB16	0.0031159555549499806
CICP8	0.003115705130672299
CYP51A1-AS1	0.003115657993791731
MTDH	0.003115416885857909
MIR186	0.003115308514444463
IDSP1	0.003114962076919074
XIRP1	0.003114908875975479
C20orf203	0.0031143774971539822
FABP5	0.0031143286935249657
IBSP	0.003114198807874581
RP11-797H7.5	0.0031140917975447527
MAFTRR	0.003113743838401529
POLR2M	0.0031134393195053948
LA16c-425C2.1	0.0031134229006040005
SUMO2P15	0.0031134179375829833
SNHG5	0.003113212229812481
RP11-346J10.2	0.003111492008038479
NT5C3AP1	0.0031114047523696556
RP11-129K12.1	0.003111104535965874
AC009299.5	0.003111080139077723
RP11-405K6.1	0.0031101570097060243
GABPB1-AS1	0.0031099924013018787
RNU6-1140P	0.003109827949308396
RP11-283G6.6	0.003109368939689547
ZNF354A	0.0031086339903062116
CTC-543D15.3	0.0031085594187511886
RP11-14C10.6	0.0031080397230518163
NRBF2P5	0.0031079923342250113
RP11-788A1.1	0.0031079156928918964
RP11-755E23.3	0.003107768621329503
RP1-253P7.4	0.0031068239892178646
OCM2	0.0031066848285383167
RP11-545H22.1	0.003106625130794072
RNU6-1138P	0.0031065390492072153
RP4-616B8.5	0.003105796522518026
NGRN	0.003105746073480767
RNA5SP251	0.0031057378162815865
THOC3	0.0031054062526859635
KB-1562D12.3	0.0031051722943958543
RP11-15A1.2	0.0031050727610347903
NAV2-AS4	0.0031048646336214224
ZNF90	0.003104811751295991
RP11-536C5.2	0.0031047118803197086
CTD-3162L10.4	0.003104601759073418
AC005330.2	0.0031045970117325374
RNU7-84P	0.0031041492951414226
HLA-DPA2	0.0031035885557231034
ANP32AP1	0.003103260694597293
RP3-462D8.2	0.003102912978998661
RP11-278J6.5	0.003102800452390036
RP11-302L19.1	0.0031025772801950213
CCNB2	0.003102528869737568
SRD5A1P1	0.003102312100313173
MTND1P15	0.0031019700009370507
ZC3H12C	0.0031015507675916424
TMEM169	0.0031013019152200316
RP11-946P6.6	0.00310129708840719
LCA10	0.0031011108293600253
RP11-1348G14.5	0.0031008749120139036
RP11-252K23.1	0.003100413106463142
FOXD2	0.0031004091409879823
OR2T6	0.003100401760069417
CTD-3064M3.4	0.0030998714953594853
RPL7P17	0.0030995248557451026
RP11-45A12.1	0.003099509738557616
RPS19P3	0.0030991085563634832
LBP	0.0030988701601391173
RP11-923I11.6	0.0030987386923157175
RNA5SP467	0.0030985738779728557
U82671.8	0.0030985326078617767
LINC00879	0.0030979151203771368
RP11-527H14.1	0.0030977747334725186
RP13-580B18.4	0.0030976254981373227
CYP2R1	0.003097039072050594
MIR4298	0.003096846806957764
RP11-642M2.1	0.0030968028642119763
LINC01094	0.0030967408009609653
RHOXF1P1	0.0030965378587049647
HSPA8P16	0.003096389707691763
RP11-68L18.1	0.0030957466201487495
Y_RNA	0.0030956695179347247
RP11-279N8.1	0.0030954179782068363
BLVRB	0.003095362549645132
RNU6-554P	0.003095165519102915
SPATA17-AS1	0.0030945964035654504
CTC-431G16.2	0.003094463970815138
RPL31P3	0.0030941778946160636
CALHM1	0.0030940478329787835
GS1-44D20.1	0.0030937223128108962
FBXO39	0.0030927389600698585
MAPT-IT1	0.0030927204387714976
RP11-54C4.2	0.003092629392871403
RP11-54O7.16	0.0030925828858804493
GPR45	0.003092582620902209
RP5-1139I1.2	0.0030922527380707067
AC079779.5	0.003092215748362847
RN7SKP263	0.0030917396601902554
RP11-404K5.2	0.00309140183598472
RN7SL23P	0.0030911775650907984
NANOGNBP3	0.00309105948790459
SORD2P	0.003091023684375116
DNM1P33	0.0030908509210476743
DYNLL1P3	0.003090754721741101
RP11-661O13.1	0.003090318652778876
SPDYE10P	0.0030901774449798745
HS3ST1	0.003089976312970288
MIR8069-2	0.003089909792261728
RPL7P19	0.0030894739592404906
NPIPB7	0.003089268407075309
RP11-46C24.7	0.0030891441609740364
CTD-2256P15.5	0.0030890199294371836
BAHCC1	0.0030888739102366653
RNU2-14P	0.003088873106936373
MIR7854	0.003088613132041177
HIST1H4B	0.003088599458023775
RP11-426C22.6	0.0030883529867457423
RP11-107I14.2	0.003088349641599545
RP11-538P18.2	0.003088271163959676
MIR760	0.0030880871968231977
HMGB1P36	0.003087964885887341
AP000889.2	0.003087825556117291
AP000230.1	0.003087630036705815
RNU2-37P	0.00308761452242691
CTB-46B19.2	0.0030870870160374544
AP001331.1	0.003087014780116991
RP11-125H8.1	0.0030859821561715676
RP11-335O4.3	0.0030858874982766216
CTD-2014B16.2	0.0030857902883610054
CTD-3037G24.5	0.0030852886756157897
RP11-64K12.9	0.0030847432904692563
TMEM114	0.003084230017455421
RP11-15B24.5	0.003084189951237816
NOVA1-AS1	0.0030839004935425615
MIR320A	0.0030836789488827257
XXyac-YR29IB3.1	0.003083402511884344
CHD1	0.0030830869758547187
uc_338	0.0030829939074326607
LRG1	0.0030829877753976932
LLNLR-304A6.1	0.003082825651383829
RP11-61L23.2	0.003081965853526305
NXPH2	0.0030817065666691266
AC063976.3	0.0030813853205065387
LA16c-380A1.2	0.0030811295364383375
RNU6-1189P	0.0030810150950353974
RP11-6N17.3	0.003080806743389256
PHF13	0.0030802964506801396
RP11-532M24.1	0.0030802941848941125
RP2	0.003080198937387314
NYX	0.003080063210452578
RP11-197O8.1	0.003079885818166352
FAM13A-AS1_2	0.003079862379258991
RP11-813P10.2	0.0030798599389568267
RNA5SP477	0.003079666199016415
RP11-40F6.1	0.0030796170001455804
RP11-356N1.2	0.0030789088601955025
RP4-705D16.3	0.0030786274549653883
GAPDHP27	0.003078601022889598
RP11-235C23.5	0.003078453212711816
VSIG8	0.003078361591393988
KDM5C-IT1	0.0030781267950084506
RP4-646N3.1	0.0030776579669359633
IGKV1D-35	0.003077504533539007
Y_RNA	0.0030773381223743648
SDHAF4	0.0030767813466940847
SNORD96B	0.0030765234374732875
AC005517.3	0.0030759713814920786
RP11-1348G14.4	0.0030756880256431864
Y_RNA	0.0030755931601211747
TMEM86A	0.0030750842336546187
RP11-1085N6.4	0.003074894912944175
Y_RNA	0.0030747758372501725
CTB-31N19.2	0.003074744133870477
GPX5	0.00307449981383679
IGHD2-21	0.0030744462938165976
CTB-79E8.3	0.003074148183731358
CTD-3096M3.1	0.003073850503585208
IGKV1D-17	0.0030733526507623946
SLC6A10P	0.00307324932683713
COPS6	0.003073041872757643
KRT8P11	0.0030729347482299453
OPCML-IT2	0.003072698942871432
ZNF850	0.0030724620706323825
OR4C6	0.003072363934176815
RP11-3P22.2	0.003072133931454634
OR7E158P	0.00307191973873361
C12orf60	0.0030716088243154783
CDKN2AIP	0.003071495239572169
RP11-905K4.1	0.0030713726586831277
RP4-745K6.1	0.003070429200080125
RP11-371E8.4	0.0030700790248317017
C20orf202	0.003069927960302089
TCEB1P2	0.0030694146452566492
RP11-653B10.1	0.003069371197228725
NAT10	0.003069209983971729
RP11-1148L6.9	0.003069079397162928
AP000662.4	0.0030690721814294864
HEXDC-IT1	0.003068759689025812
SEPT7P7	0.003068544859570194
ETNPPL	0.003068473624555278
ZNRF2P1	0.0030684286371276312
ZNF720	0.0030681974855222634
RP1-137D17.1	0.003068117173517549
CTD-2132N18.3	0.0030676961252894723
BNIP3P8	0.0030671442229970266
RP11-550A5.2	0.0030671051110113846
RP11-474I16.8	0.003067069318994352
CYP1A2	0.0030669003785556547
RN7SL322P	0.0030665950332066784
UPF3AP3	0.0030661876684025414
RP11-315D16.4	0.0030658687065604905
RNU2-6P	0.003065808531223314
CCDC183-AS1	0.003065805402819806
SCARNA15	0.0030652783605273465
SRMS	0.0030645375857691307
SDR42E2	0.0030644706019020023
RP11-64C12.4	0.003064131225616685
PIGUP1	0.0030640192104696286
BCDIN3D	0.0030639009368742132
RP11-18B16.2	0.003063850330878248
ARL8A	0.003063692166026342
RNASE3	0.003063667900806293
RPL36AP45	0.0030636090517724562
RPS3AP53	0.003063247493649236
RP11-93G23.2	0.003063114387170411
CTD-2339M3.1	0.003063055542760643
PPDPF	0.0030629006056301813
SNAI3-AS1	0.003062851450101883
RNU4-89P	0.0030628240365285415
RPS11P5	0.003062270094840594
CTD-2012J19.3	0.00306204790093045
CTD-2547E10.3	0.003062019012526342
RNU7-160P	0.00306190988610353
IGHV1-17	0.0030617813948894098
SNRPCP11	0.0030617089953236345
ZADH2	0.003061424292752491
SMAD1-AS2	0.003061127439873275
SH3GL1P2	0.003060980149664742
NDUFAF1	0.003060713591164586
LINC01165	0.003059830261968227
TRAJ36	0.003059621887769229
RP11-78O7.3	0.003059407745067136
RN7SL738P	0.0030591055858796025
CTAGE10P	0.0030587995086241173
RPS13	0.003058131987679405
SULT1C2P1	0.0030580742435768167
RYBP	0.003058023862524283
EIF5AP2	0.003057955483569248
HMGA1P4	0.0030573821956426943
DISP2	0.0030570283157957193
ZNF345	0.0030566115959797264
ZNRD1ASP	0.00305656549271449
RP11-725M22.1	0.0030561909742934856
Y_RNA	0.0030561440563324506
RP11-63A11.1	0.0030559837153517127
F9	0.0030558736512033397
RAB14	0.0030556975384900356
RP11-45P15.4	0.0030556965025945603
TPRKBP2	0.0030554358540915354
FZD10	0.0030551925524929975
RP11-2N5.2	0.003054583920622082
FOXN3-AS2	0.0030538368750391153
RP11-387A1.6	0.0030535308007514066
PACERR	0.003053194428902417
Metazoa_SRP	0.003052892951312637
RP11-68I18.10	0.0030528751336810715
RP11-499O7.4	0.003052796272027652
ZNF569	0.0030526648939547267
RP11-354I13.2	0.00305265080448513
C1orf105	0.0030526325289498874
TMEM191C	0.003052486758291367
PCDHA5	0.0030523961293416747
RPSAP10	0.0030518211742421386
STK39	0.003051389469622412
BTBD10P1	0.003051378360210039
PGAM1P10	0.003051358184476214
ROCK1P1	0.003050939548614183
AC097523.3	0.0030504916778195286
RP11-647O20.1	0.003050021116522697
RN7SL49P	0.003050004266541953
GPR180	0.0030499515902313993
RP11-115N12.1	0.0030497550977479576
SPINK8	0.003049534695027838
RP11-461L13.4	0.0030495328416063144
RP11-242F24.1	0.0030494475231394613
AC125232.1	0.0030491830392456636
H3F3A	0.003049161133872481
EPPK1	0.00304907127527146
RP11-539L10.3	0.0030490631132509675
RP11-36C20.1	0.0030486510870056088
RNU6-387P	0.0030486104033677314
RP11-533O20.2	0.003048477759631212
RP11-51J9.6	0.003048354523559171
RP11-317B17.4	0.0030478814408628242
C1orf115	0.0030478098267279117
RPS12P17	0.0030477915794569757
RP11-463I20.4	0.003047573523645343
MIR6806	0.003047339354879415
RP11-76C10.3	0.0030472874835255387
CTD-2666L21.3	0.003047244657097114
PSMC1P11	0.0030467337098504335
FANCD2	0.0030466263852594556
RP11-266K4.14	0.0030465726204743607
NAP1L5	0.003046377888708571
RP11-445N18.5	0.0030463480240604814
RN7SL666P	0.0030455153750045014
RP11-567F11.2	0.0030453971581174536
PBOV1	0.0030453859891457916
RNU2-13P	0.0030453546926600492
OSR1	0.0030451770107079615
RPL39P36	0.0030440365480939183
RP11-21B23.1	0.003043181252165184
UBE2Q2P9	0.0030431193869409887
SF3A3P1	0.0030427381252824443
PGDP1	0.0030426268303698958
SPCS2P4	0.0030424624074751557
CTB-88F18.2	0.0030422848004545626
RP11-356M20.3	0.0030417332095672863
MIR5698	0.0030414362149122584
RNU6-216P	0.003041214278583597
RP11-548K12.8	0.003041116468308911
RP5-1099C19.2	0.003040545686628775
RP11-429J17.4	0.0030399898876906466
RP11-91J3.3	0.003039637494265726
AIRN	0.0030395278642380993
MIR645	0.003039508524454274
MIR320B2	0.0030390857360484943
RP11-177H2.1	0.0030390087744237917
RP11-72B4.2	0.003038923867665273
RNU6-419P	0.0030388261251652485
RP11-513G11.4	0.0030387330071965524
PVT1	0.0030385330184611033
FLT1P1	0.003038453237881935
RP11-398J10.2	0.0030380000611665075
RP11-766F14.2	0.0030375873018298398
CLEC14A	0.0030374217364488466
HSPA8P7	0.0030370958233784783
RP11-284F21.10	0.0030369943598520925
NEUROG2	0.003036453661480936
IGLVI-42	0.003036399876112572
LL22NC03-2H8.5	0.0030361552151403305
RP11-65J3.2	0.0030357801914771524
KATNBL1	0.003035760841979232
RP3-393E18.1	0.0030355733274854834
RP11-304F15.6	0.003035499836344402
ELMO2P1	0.0030348215798260323
GOLGA6L7P	0.003034767511032944
KB-1562D12.2	0.003034743766618042
RP11-742D12.1	0.0030346041048984244
RNU6-258P	0.003034529412912099
HIST1H4C	0.0030343826214667908
GS1-257G1.1	0.003034088095954158
SNORA48	0.0030337677884621243
RP11-344B5.2	0.0030336826213013305
RP3-355L5.5	0.0030334439379080674
TMX2-CTNND1	0.003033339675724441
POLD3	0.0030332875045679893
INGX	0.0030332433681218417
RP11-92A5.2	0.003032777428144332
RP11-478C19.2	0.0030326325280664373
RP11-114G11.5	0.0030323866315270748
PLN	0.003032352810194783
MIR744	0.003031948619392159
LINC01588	0.0030319139784167892
ZNF876P	0.00303182462061734
RP11-95D17.1	0.0030315746523478927
NDUFA5P10	0.0030310612483909686
AL132796.1	0.003030767796085824
NDUFS5P4	0.003030732856824839
CTC-506B8.1	0.003030494282600817
RN7SL581P	0.0030304604574548618
RP1-145M24.1	0.0030303824142695647
AC068287.1	0.003030253129661501
RNU6-17P	0.0030301108849816304
PDCD6	0.003029819888693839
CCNHP1	0.0030297277450284455
CTA-14H9.5	0.0030296593780823086
IGLC6	0.003029563914515493
IL27RA	0.003028365105043739
CYP4X1	0.003027994994024465
KB-1410C5.3	0.003027967518432827
AC010547.9	0.0030278883827972074
Y_RNA	0.0030274719808329894
ZNF192P1	0.003027244651639635
CTD-2313J17.6	0.0030272120877776997
HNRNPKP4	0.003027192174916212
MTND2P31	0.0030269717161540218
RP11-817O13.8	0.003026117439329803
RP11-589B3.7	0.003025899503425955
RP11-19O2.1	0.003025843801044907
AC110926.4	0.0030255055058612465
GOT1L1	0.0030250146246172146
RP11-306G20.1	0.003024898710899078
SPDYE12P	0.0030247208935255208
SCARNA5	0.003024559627632057
RIMBP3	0.0030244449536307636
NAT14	0.0030242701366042183
FAM66A	0.0030233816161541953
RP11-861E23.2	0.0030233785185005573
RP11-562A8.1	0.003023184610805359
RP11-401P9.5	0.003023167188653784
RPPH1	0.003023133412552702
RNU6-1316P	0.003023027332020397
RP5-1016A21.1	0.0030228247233946483
IGLV3-31	0.0030225533673638345
AC024060.1	0.003022409289600622
AC007796.1	0.0030216831875131407
RP11-427M20.1	0.0030215065884062376
RBP1	0.0030214248696673303
RP11-15E1.6	0.003021393398957978
CTB-35F21.4	0.0030213325013592005
RNU6-1209P	0.003021152480071464
MAN1B1-AS1	0.0030211418104843443
MIR4686	0.0030209208521531305
PADI3	0.0030204505479565526
RP3-331H24.6	0.0030204462043729612
OR6B1	0.0030203859791931194
HMGN2P38	0.003020318385188142
LA16c-380H5.6	0.003019997026611823
C18orf65	0.003019958950650284
RPL21P43	0.003019851170262979
AC068831.3	0.0030196931084746723
RPL26P19	0.003019517004532542
ZFPM2-AS1	0.0030194646578673295
CCDC92B	0.0030194620007397044
RP11-759A24.3	0.0030194125116343616
RP11-739B23.1	0.003019339828621286
RP11-65N13.6	0.003019161173709154
AGRP	0.0030191146984311933
HMGB1P20	0.003018854851756898
RPS7P8	0.003018651985657197
PTGFRN	0.003018472415980521
NANP	0.0030184388129323686
RP11-454P7.1	0.0030184122798815514
RN7SL850P	0.0030183978984686037
SNORA15	0.0030180843207505484
MYLK-AS2	0.003017675921320379
HSD11B2	0.0030174526397492127
ST3GAL6-AS1	0.0030173249204457505
LINC01076	0.003017163852784011
SOX8	0.003017124094294213
GS1-115G20.1	0.003016897648483711
ZNF806	0.0030165278739822427
RNU6-484P	0.0030164822244460607
GCLC	0.003016438680072263
MIR4692	0.003016235492318903
RP5-1042I8.7	0.0030161827670913324
MRPL58	0.003016171761023523
BRINP2	0.003016139931645448
L29074.3	0.0030158877131476877
GTF2IP4	0.0030157285722267673
BRAFP1	0.0030156544908947437
RP4-760C5.3	0.0030156329301440896
RP11-347P5.1	0.003015118609287153
MYOG	0.003014926533202906
RNVU1-1	0.0030142024923093076
RP11-1109M24.5	0.0030140390351034644
HLA-DRB6	0.00301403666274237
RP11-245J24.1	0.0030138403628814283
RP11-680G24.4	0.0030135488548652073
RP11-421F16.3	0.0030135289450132366
RP11-415C15.2	0.003013427291877238
RP11-76C10.4	0.003012903833612624
SLC7A5	0.0030127397101952363
ZNF860	0.0030127201282489206
CCNYL1	0.0030127038880627356
RP11-84C13.2	0.0030125608397195388
RP11-726G23.3	0.0030125370107739013
RP11-510M2.1	0.0030123014537121527
RP11-432I13.6	0.0030121294894146105
RP11-267M23.4	0.003011833691252343
SNORD17	0.003011234901547028
GATA5	0.003010802252115216
RP11-469N6.1	0.003010652857350449
APPL1	0.0030105589897448212
RP4-612C19.1	0.0030105130699344443
RP1-228P16.9	0.0030103312421277174
AVIL	0.003010212023179039
MIR4470	0.0030100121149055155
RP11-162G10.5	0.003009917044676247
HNRNPA1P54	0.0030096532180037393
RP5-1050E16.1	0.003009251869725294
CCDC184	0.0030087699965650064
GTF2IP9	0.0030085812751693294
SLU7	0.003008482784846938
RPL7AP57	0.0030084232055357534
RP11-394B2.1	0.0030084080412942768
RP5-864K19.7	0.0030082572259603002
RDH10-AS1	0.003008126882844226
CYP27A1	0.003007822254737198
RP11-1081M5.2	0.0030077617291560613
CYP4A22-AS1	0.003007651613509953
UFSP2	0.00300745035727124
RN7SL804P	0.0030074095592184154
CTD-2319I12.3	0.0030069769881075096
KIRREL3-AS1	0.003006778612660062
RP11-110I1.5	0.0030066303589249507
C8orf88	0.0030065819081857943
ABCD1P5	0.0030064808655942167
RPS3P1	0.00300634466243809
OR2AE1	0.0030058058757748097
RP11-467D6.1	0.003005545472525356
RP11-152L20.3	0.003005536019361226
RP11-305E17.4	0.0030055044716532247
FIGNL2	0.0030054526493563404
FABP3	0.003005324526472008
CTD-2054N24.2	0.0030052426973817496
MTCYBP21	0.0030047821838466836
RP11-93O14.2	0.0030047372513952704
Metazoa_SRP	0.003004629566390174
AC005954.4	0.0030045812241115996
RP11-617F23.1	0.003004283454139487
NDUFB4P3	0.003004115285919697
PATE1	0.003003073120425498
RP3-525N10.2	0.0030029958073655087
RP11-496B10.3	0.003002970023535906
RNU7-48P	0.0030023955243413036
TMA7	0.0030019021680046964
FGF7P7	0.003001621777358895
CTC-498M16.3	0.003001195454780433
RP11-383C6.2	0.003001141285473734
RP11-395L14.17	0.003001114924313997
MND1	0.0030009417583536056
MFSD3	0.0030008509852046924
ACTN3	0.0030002992194356985
RP11-634B22.4	0.003000292968276487
AC137932.4	0.0029998688195437846
RP13-895J2.6	0.00299953397735798
H2AFZP3	0.002999305083120968
DHFR	0.002999201622450972
PDRG1	0.002999094901248145
SLC25A30-AS1	0.0029990338668152046
RNU6-1054P	0.002998671123702838
C11orf45	0.0029985154142634835
LINC01035	0.002996056459819685
RPL23AP49	0.0029959092713430046
AC007285.6	0.0029955834734988096
TPRG1LP1	0.0029954985498056304
AC100830.5	0.0029954766134070183
HAGLROS	0.002995248531741249
RPS24P1	0.002995032265098393
RP1-124C6.1	0.0029948682904016046
RP4-781K5.5	0.0029948512949938893
SETD8P1	0.0029948171316684703
RP11-956A19.1	0.0029946922382059586
RP11-512N4.2	0.002994401113223636
AC087491.2	0.002994069719737146
CARMN	0.0029939173698517643
RP11-570P14.1	0.002993782793338058
KRT8P15	0.0029936706878259897
POLR3C	0.0029935992516715968
NR2F1-AS1	0.00299333709312285
C17orf77	0.0029929870797023657
PRICKLE1	0.002992798732104906
SPANXN3	0.0029926526053313273
PCDHGC3	0.0029924727048145517
RP11-70L8.4	0.002992343429716848
RP11-177F15.1	0.002992244791498363
RP11-861A13.3	0.0029921444829744182
RNU6-123P	0.0029919793839466484
KCNS2	0.0029919431228129026
ZNF143	0.002991281739456136
RP11-170L3.2	0.0029912251818829984
RP11-18B16.1	0.002991210003007064
PRR13P3	0.002991130979130855
UBQLNL	0.0029907708719337407
FGFR3P1	0.0029906344719259482
RP11-503P10.1	0.0029903729866011856
MYDGF	0.0029903545434508696
AC006116.14	0.0029903125049157973
AC074183.3	0.002989793626896898
RP11-816B4.1	0.0029889801371761507
RP11-321E8.8	0.0029885837363770144
EGLN3-AS1	0.0029882937701340368
RP11-676J12.4	0.0029882283186674283
RP11-848P1.7	0.0029882093500630245
RPL5P17	0.002986721648162357
ALKBH5	0.0029867151582142386
FAM90A10P	0.0029859574967625335
PPY	0.0029858548821376134
RPL7AP7	0.0029853247149163927
NCAPG	0.002984839053632488
RP11-141B14.2	0.002984574856854971
BMPER	0.002983988971641633
RP11-398A8.1	0.002983884425364668
USP12-AS2	0.0029837733513278872
RNY4P10	0.0029837158520204486
TMEM52B	0.002983439105984038
RP11-624D11.2	0.0029829448457143653
ANXA2P2	0.0029822654233161755
RP11-613F22.7	0.002982153915965176
RP11-281A20.2	0.0029820726659725866
RNU6-145P	0.0029820383342075364
RP11-60A14.1	0.0029819450104978875
ELAC1	0.0029819272057311987
EPHA3	0.002981904623673534
RP11-290L1.4	0.0029817871926295747
RP11-309L24.4	0.002980750850912023
GPR52	0.002980716409908867
AC011738.4	0.002980606491019946
LINC00616	0.0029805546836553305
RN7SL538P	0.0029805189655214164
RP13-216E22.5	0.002980474312728351
RP5-984P4.4	0.0029804192415563632
CTA-221G9.7	0.0029803108830972888
RP11-392O1.4	0.002980224561644562
LINC00534	0.00297980176610664
RP1-65J11.5	0.002979723317832869
RP4-595K12.2	0.0029796270424418984
RP11-268P4.6	0.0029794418593105027
RNU4-56P	0.00297929620914435
OR5BA1P	0.002979272219676198
RP11-7M8.2	0.0029789117397629227
RP11-435D7.3	0.0029788847574976304
HK2P1	0.002978274831357017
RPL17P25	0.0029782491839805423
MED14	0.0029781804609323526
KB-1043D8.8	0.0029777229084867796
DIRAS2	0.002977665505453722
DDX58	0.0029773157030098035
RP11-397D21.1	0.002977175920977521
AC007016.3	0.0029766847310451925
CLRN3	0.0029764247355340036
AC002472.11	0.0029752534253005736
RP11-118M12.2	0.0029750492755684665
RP11-385M4.3	0.002973981718713848
AC068137.13	0.0029730868568012218
NCAPD2P1	0.0029729017971538768
RP11-640N20.4	0.0029724191512945286
RP11-613H2.2	0.002972323174535952
RP11-321L2.1	0.002972096695474971
PEX12	0.0029718806550223013
LINC00452	0.002971375882577575
CTD-2245F17.9	0.002971207215437562
SNORA26	0.002971070973045887
CTD-2349P21.7	0.0029707191591641117
NTN3	0.002970210038710658
RP1-101G11.2	0.0029697647573497413
RP11-817I4.1	0.0029691380999104
RP11-397O8.7	0.002969131984536194
GINS1	0.0029691152212648216
MRPL35P2	0.0029689326187762877
ZNF879	0.0029682664462107283
MPRIPP1	0.002968026844379725
C5orf52	0.0029678572052833844
HLA-W	0.0029675830690011227
E2F3P2	0.002967541977284664
RP11-357N13.2	0.002967502152963524
COMMD1	0.0029672692171448306
CTC-513N18.6	0.0029672675986976995
RPL7AP64	0.0029672506697344028
RP11-560A15.6	0.002966947509600967
ALG1L12P	0.0029667072548570836
OR51J1	0.002965753923971081
PRMT6	0.0029654780268862932
AMD1P2	0.0029654386608401564
RP4-740C4.5	0.0029650827242458776
CA3-AS1	0.002965059855534658
RN7SL384P	0.0029641994151329196
AC114730.8	0.0029640323035597734
SNORA32	0.0029638563524612663
AC096574.4	0.0029637226908720976
CTD-2179L22.1	0.002963345111070726
LDHAL6A	0.0029630500140816088
RP11-626H12.2	0.0029627969400216254
AC068831.6	0.002962663498588664
RP11-636O21.1	0.002961825249756318
RPL21P5	0.0029616232434242946
RP11-537H15.4	0.002961168752678875
DYX1C1-CCPG1	0.002960930632591195
SZT2-AS1	0.002960922360499263
LHFPL3-AS1	0.00296091568775149
RP11-343H19.1	0.00295975877178473
AC159540.2	0.0029590459159579002
RPL27AP	0.00295885075233729
RP11-326A19.3	0.0029588045973714303
AP000351.3	0.0029586264652354498
AC012531.2	0.0029586185366491245
RP1-199J3.5	0.002958201227875622
IQCA1L	0.0029580374909258136
ZNF256	0.0029577863821205826
SCARNA6	0.00295743338214087
SNORD114-13	0.0029573780137565945
SNORA81	0.002957109404441082
RPS2P1	0.0029570685346474363
CTC-367F4.1	0.002956776742120592
RNU6-97P	0.002956751103407363
RP13-895J2.3	0.002956471349681552
FAM3C2	0.002956224691960176
ZG16	0.0029560950672228217
RP1-45I4.3	0.0029558439486098514
RP11-124G5.3	0.0029557588047627106
ATP5A1P5	0.002955492752245812
RP11-43F13.1	0.0029551973335992746
RPL7AP14	0.0029549625906733954
RARRES2P4	0.002954811928026661
RP11-669M16.1	0.002954644072165832
RP11-734K2.4	0.0029542599518349645
AC015987.1	0.0029542501075942285
RP11-33M22.2	0.0029537509634815742
IGLV8OR8-1	0.002953398929083848
RP11-490K7.4	0.0029527008823116933
PTCHD4	0.002952222399763328
RP3-496C20.1	0.002951876979283694
RP4-781K5.9	0.00295158410840425
RP11-350N15.3	0.0029512010987095883
AP001042.1	0.0029509166385249565
MMP23A	0.0029507150699490323
RP11-273B20.3	0.0029502369662353298
RP11-510M2.4	0.0029501235431548378
SLCO1B7	0.002949947925627267
RP11-787D18.2	0.0029495133639336497
B3GNT6	0.002949007048287426
RP11-701P16.2	0.0029486088655999378
RP11-29H23.4	0.0029485522207593575
AC105009.1	0.002947968366519026
RP11-807E13.3	0.0029477469927237845
PRR31	0.0029476796866335247
RP11-83J16.1	0.002947608571071358
TPM3P9	0.002947527239936829
PAG1	0.002947404728114033
IGLV5-45	0.0029472480122809215
MTND6P19	0.0029472009866655293
RPL31P2	0.0029471729861270802
Y_RNA	0.0029467467027115496
CTD-2195M15.3	0.0029466794937460347
RN7SL569P	0.002946660065410113
RP11-946L16.2	0.0029465891599410386
PLCXD3	0.002946217688820735
RP11-752G15.8	0.002946196265964423
RPL21P13	0.0029460498624987084
AF277315.13	0.0029458374151257773
Y_RNA	0.002945707180317785
CTD-2037L6.2	0.0029456844437103957
AC004051.2	0.0029446096177237536
RP11-145M9.5	0.00294451907157895
Y_RNA	0.0029441903061354635
MTCYBP34	0.002943777564113677
RP11-93O14.3	0.00294336881490665
RP5-1100E15.4	0.002943240856846159
LA16c-352F7.1	0.0029429207010359896
CTD-2015H6.3	0.002942065130458965
ILF2P1	0.0029419092402680324
PGGT1B	0.0029418444461117937
SORCS3-AS1	0.00294147439303668
MRPL15	0.0029412816313051744
RPS26P55	0.0029412569606339757
RP11-40E6.2	0.0029411021748717396
MIR6867	0.002940957868793829
ALG14	0.0029408101992158112
STIP1P3	0.002940673787213356
SAP18P3	0.002940548029694619
KLF3-AS1	0.002940210541264967
FANK1	0.002940000324867417
RP11-452K12.7	0.0029399422520221524
AC010287.1	0.002939941430730068
RP11-725P16.2	0.0029399206370108147
MIR4429	0.0029398419108835317
KARSP1	0.0029397669715130704
RP11-839G9.1	0.002939708072165369
RP11-396C23.2	0.002939582621965135
RP11-141M3.6	0.002939563247519709
AC121251.1	0.002939543445389261
C10orf91	0.0029394369203993454
RP11-737O24.3	0.002938991488658351
RN7SKP35	0.002938780001056002
RHBDL2	0.002938677431135639
URB1-AS1	0.0029385106681271964
OR2AT4	0.002938250952787117
AC016894.1	0.0029382356173729167
RBM7	0.0029376767533600837
NEU2	0.002937384273024297
C1orf185	0.0029373801419445367
MBL2	0.0029373648657625333
MSANTD4	0.0029370831223234314
AKR1C4	0.0029367653041931577
RP1-155D22.2	0.0029367432827193383
TRAPPC6A	0.0029366530242729717
RP5-879K22.1	0.0029365669163252993
RP11-131M11.2	0.0029365034520571352
RNU6-1048P	0.0029364020608590533
SNORD77	0.0029363547788873283
RP11-296P7.4	0.0029360451127409324
JRKL-AS1	0.002935548711078941
AC009878.2	0.002935370914368621
MTND2P24	0.002935255225380549
NEUROD2	0.0029352162879018604
RP3-331H24.4	0.00293518873815664
C1orf204	0.002935010868093389
RP1-317E23.3	0.002934919379123855
ZNF593	0.0029345838488471394
MIR3202-1	0.0029345145996103523
AC006026.9	0.0029343895605093715
RP11-793H4.1	0.0029340296347588743
CACNG7	0.00293402216128638
CTD-2537O9.1	0.0029338504985417764
MIR3146	0.0029336882535966028
ARF3	0.0029333191890759973
RP11-533E19.7	0.002933249494173718
RN7SL125P	0.0029331080733352474
AC026202.3	0.002932922194376938
RP11-624D20.1	0.0029328619212337253
BPIFB5P	0.00293251116004454
RP11-35L17.3	0.0029324923801978277
CTD-2562J17.4	0.002932020123002529
VPS37B	0.002931938818309386
OVCH1	0.0029319337184353974
RP4-536B24.4	0.002931894740235288
LINC01320	0.002931354633472584
SEL1L3	0.002931213642148473
CTA-339C12.1	0.0029308388766498537
RP3-337H4.10	0.0029307966756869914
LINC00314	0.002930728575202206
Y_RNA	0.0029305933404610955
RP11-337A23.5	0.0029305685054779947
PDCL3P6	0.0029304364329842277
RP5-1136G2.1	0.0029301830739607614
FAHD2P1	0.0029301607731274473
RP11-275F13.3	0.0029298604001258624
ZPLD1	0.0029296448040054246
RP11-526D8.11	0.002929545958525068
OR10Q1	0.0029291029138902034
RP11-73M18.2	0.002928871730228783
AC012322.1	0.0029285583355067764
DUX4L26	0.0029283571895826733
RP11-417L19.5	0.002928110174416027
IGFL3	0.002927769305267151
PPIAP29	0.002927584152889861
TRIB1	0.0029274935438077607
SP7	0.0029273979967409857
CTD-2007L18.5	0.0029271852009538214
AC112719.1	0.0029271388672005923
RP13-228J13.8	0.002927105402036369
SYT10	0.0029270345653118596
SNORA80A	0.0029269328385675294
IGHV1-67	0.0029264467183456625
AC103563.5	0.0029263428394019444
RP11-745O10.4	0.0029259631187090736
RNU6-313P	0.002925882478373064
RP4-777O23.2	0.002925848997066184
TEX15	0.00292544437127211
NSFP1	0.002925086678374654
RP11-227G15.8	0.00292494935897249
RP11-193H5.1	0.0029245605317483343
MAPRE3	0.0029245199289157416
RP11-637C24.5	0.0029244532385881285
CARD16	0.002924388551710528
RP4-744I24.4	0.002924380221699809
ST7-AS1	0.002924269876476404
RN7SKP244	0.0029242326965884954
RP1-272E8.2	0.0029241233738858266
CBX1P4	0.002923925903441888
AKIRIN1P2	0.0029237822301952125
AC007364.1	0.0029237560287669415
RP11-66D17.5	0.0029236028744219983
CTD-3064M3.3	0.0029233737733779497
RP11-387H17.4	0.0029232038045165017
RP11-96G10.1	0.0029229750261979596
LINC01565	0.0029226896845321224
OXER1	0.002922524469418965
bP-2171C21.4	0.002922306613312096
RP11-278C7.3	0.002922289056067392
RP11-350G8.5	0.0029222519435684866
TRBV5-7	0.002922211269838078
RP11-12G12.7	0.002922117268806057
RP11-393B14.2	0.002921965233842101
AD000091.3	0.0029210993566282555
RP11-490B18.6	0.002920577647830051
LRRC37A12P	0.0029200357151645986
LINC00881	0.002919945391612645
RP11-138A9.2	0.0029199308507845594
RP11-310P5.1	0.0029196904913624676
RP11-186F10.2	0.0029194625285589243
CCDC93	0.0029194334357304404
FAM66D	0.0029192223416087573
AC011816.1	0.002918928285115692
RPL29P30	0.0029188287085121184
TDGP1	0.0029184991603922656
EPGN	0.002918375627223552
RAB33B	0.0029179477833553087
RNU6-652P	0.002917675305321388
VDR	0.0029174914095230356
RP11-114H21.2	0.0029173457518916757
RP11-178H8.7	0.0029172629914151226
EXOC5P1	0.0029170741688264736
CTD-2014E2.7	0.0029168729815588976
HIGD1AP18	0.0029163181179979562
SSXP10	0.0029162146937399686
RP11-537I16.2	0.0029161358291241953
CTD-2524L6.3	0.0029160555831118057
RN7SL600P	0.0029159776584077833
CARD18	0.002915655966376429
RP11-369E15.1	0.0029152845868341704
CAMP	0.002915242009820001
KDELC1P1	0.002915031775131192
FAM134C	0.002915017529465943
RP11-331F4.1	0.0029148611970491
AL137067.1	0.0029143970657560135
OSTCP8	0.0029143888559237806
PTCHD3P2	0.002914250827300008
OR2S1P	0.002914210460866157
CTB-3M24.3	0.0029135642087991004
IGKV4-1	0.0029135245107197887
SNORA12	0.0029132246611811587
RP11-451H23.2	0.002912983621957898
AF064858.6	0.0029129529482773637
RP11-702F3.1	0.002912808244272875
CTD-2332E11.2	0.0029126910083785177
RP11-333O1.1	0.002912324015910498
TUBB4BP3	0.0029122928097464625
SLC34A3	0.0029122161651004724
RPS4XP10	0.002912095576747947
AP000354.2	0.002911036546665417
RP11-1113L8.6	0.002910817334228866
IRS1	0.002910711879317986
PKP3	0.0029104600363234426
RP11-531A24.7	0.002910443863906492
LONRF2P1	0.00291040110241934
RP11-738O11.13	0.0029102298752300497
AL121590.1	0.0029100966486596052
INSL6	0.0029100383471990982
Y_RNA	0.002909738918946647
SPDYE9P	0.0029094434108188887
FAM163A	0.0029094215307907643
CEBPB	0.002909287354508926
NCK1	0.002909217794347374
RP11-615I2.3	0.002908198320217211
RAB3C	0.0029080938490286395
CTD-2650P22.2	0.0029080181415004638
RP11-1021O19.2	0.002907985550196505
RP11-386D6.2	0.0029078848477342
CTD-2023N9.2	0.002907520127367035
KIAA1147	0.002907501321444312
RP1-72A23.4	0.00290730511421986
FZD2	0.0029071152538444806
CLRN1	0.0029069208116381056
RP11-6L6.4	0.002906806563210524
ZNF813	0.0029067747070901356
RP11-425A6.5	0.0029066890662109417
RP11-517O13.1	0.002906367026725597
RP4-717I23.2	0.002906189623364032
C4orf26	0.0029060055064354744
RP11-613C6.4	0.002905932712398183
CTD-2313D3.1	0.0029056717075041146
RP11-204K16.1	0.002905614513056272
AC007285.7	0.0029054901226698467
RP11-47P18.1	0.0029054745830943514
RP3-323A16.1	0.0029050812929275046
KRT8P40	0.002904972193526297
RNU6ATAC24P	0.0029049585125204176
RP11-26L20.4	0.0029048073203187604
XRCC2	0.0029047121733242506
RP1-20N2.8	0.0029046317562216313
GPS2P1	0.0029040369849996717
RN7SKP160	0.0029038764922263327
TMX2	0.0029035026551816035
Z82214.2	0.002903474616414357
GS1-600G8.4	0.00290318019526443
RP3-449M8.9	0.002902993958090466
RP11-494O16.4	0.0029028708521914213
DUSP6	0.0029028230994660154
DCAF13P3	0.002902692695388379
BACH1-IT1	0.0029023135818846907
AC000081.2	0.0029017792998424653
ZNF197-AS1	0.0029017311936182194
VPS37A	0.002901499354260007
AC079199.2	0.002901098430204811
RP11-778J15.1	0.0029008449449498095
RP11-320M16.2	0.002900772274354677
AC000068.10	0.0029005732261744703
AC083949.1	0.002900545252504469
SERPINA11	0.002899783888409162
RP11-95G6.1	0.002899397794611092
HOXC13-AS	0.002899119936944443
C17orf47	0.002899085865635387
RPL7L1P7	0.0028986463268055505
RPL21P4	0.0028984682530552534
STK33P1	0.0028984434685984392
RPS10P28	0.0028983534197938223
MORF4L1P4	0.002898277938699682
SNHG1	0.0028980801172682116
RP1-273G13.1	0.002898051534098019
RP11-65J3.6	0.002898036544119615
RP11-369K16.1	0.002897892724963938
IGKV1OR2-9	0.002897846292916755
RP11-1281K21.1	0.00289770445736164
RP11-83M16.4	0.0028976931255415457
HCAR1	0.0028975981453262275
RP11-332J15.3	0.00289689072219719
MIR604	0.002896659142958461
RP11-349G13.2	0.002896478053896588
OGFOD1P1	0.002896424613070776
RP11-474I11.8	0.002895825396541191
C1QTNF9B	0.002895678933250348
KRTAP10-5	0.002895355913053902
AC018832.1	0.0028951460462073057
CH17-140K24.3	0.0028950838693845705
CTD-2005D20.1	0.00289499538736994
PARP4	0.002894990573357019
ZNF648	0.0028948797873253797
CTD-2270L9.4	0.0028948454966096293
TBC1D3D	0.002894629721006937
MTATP6P11	0.0028946055028154115
RP11-1263C18.1	0.0028945662497682815
POMGNT2	0.0028944571714215237
AE000661.37	0.0028939527571128555
TUBB7P	0.002893858014294533
MIR3679	0.002893504713618608
CD5L	0.0028933857785822027
RP11-495K9.8	0.0028932573242272477
AC006460.2	0.0028930246922058574
CABP5	0.002892854151097588
ZNF350-AS1	0.002892838244750142
AC133633.2	0.0028927526098923473
AC005625.1	0.0028926065463663452
CATSPERB	0.002892449612998108
RP11-603J24.21	0.00289204923574329
HSPA5	0.0028915140280313923
RAB5A	0.002891430317998565
RNU6-723P	0.002890922711987159
RSL24D1P9	0.00289055870446129
NEGR1-IT1	0.0028904377731546233
CTD-2319I12.4	0.0028904021820777745
RP11-89K22.1	0.0028902768538724855
CTD-3076O17.1	0.002890219048385461
RN7SL819P	0.0028897824903690674
KRT79	0.002889564164463903
ATP5L	0.0028894842944560935
NAP1L6	0.0028893230406419144
RP11-134K13.4	0.0028892119111312937
PDCL3P5	0.0028890662675097934
RP11-127B20.2	0.002888764354819809
RP11-111F5.2	0.0028887196699469123
AC007193.10	0.002888402286559551
RP11-555G19.1	0.002888205979578216
RP11-810B23.1	0.0028879107439326486
CTB-102L5.8	0.002887686578220738
CTD-2553L13.10	0.002887398227883353
MIR5581	0.0028870034362141203
S1PR3	0.0028869260733545617
LLNLR-249E10.1	0.0028867613154576702
XXbac-B562F10.11	0.0028867397558691023
GAPDHP16	0.0028866654595706685
GVQW2	0.0028864734205053715
CDC42EP3	0.002886321085262505
MAST3	0.0028860559379420316
MIR3125	0.002885993779984902
ATP5F1P2	0.0028859031660071715
PCYOX1L	0.002885770388791307
RP11-797A18.5	0.0028854331406222007
RP11-567F11.1	0.002885426657986882
SNORD56B	0.0028852519985028973
AC018816.3	0.002884864992257402
RP11-685M7.5	0.0028848284358324464
RP11-305O4.3	0.002884436113766679
CTB-50L17.16	0.0028843529085878844
AC098826.5	0.0028842937032463414
RP4-631H13.4	0.002883950950121068
RP11-415J8.7	0.002883554306402216
LINC01582	0.00288347190489239
RNVU1-19	0.002883379574159823
HCG16	0.0028832489555375516
RN7SL390P	0.0028815814012836272
DHX8	0.002881363539495209
HMGB1P27	0.0028811425003537196
RP11-90P16.2	0.002880989247672591
RP11-588H23.3	0.0028807407143105973
RPL35AP21	0.0028807269437068203
MIR1255A	0.0028806346087065517
TMEM43	0.0028803249686987094
PHEX-AS1	0.0028802449429204497
RP11-574K11.29	0.0028793372337739573
KRT18P44	0.0028793168608570283
RNU4-48P	0.002878739847080324
CTD-2232E5.2	0.0028783465351964375
RP11-495K9.2	0.0028776996796512043
PSMD11	0.0028773575948527075
RP11-384C4.7	0.0028771825900215722
POMC	0.0028771332997743634
FAM215A	0.0028770422714021558
MTCYBP41	0.002876790859661042
Y_RNA	0.0028766572576272107
RNU6-762P	0.0028765003488100587
SLC12A8	0.002876173876140084
DSG1	0.0028761604310356403
CTD-2319I12.2	0.0028761547139676
CTD-2349P21.11	0.0028758797844591565
ABCC13	0.0028753635407862957
MIR3177	0.0028752446533455633
C1orf100	0.0028749445901041035
LINC01381	0.0028747552572352454
PCDH9-AS1	0.0028743971131458
RP5-1125A11.4	0.0028741935410748457
RP11-73K9.2	0.002874028736045378
IGKV2D-24	0.0028739828186347917
NCEH1	0.0028738160444398628
AC105339.1	0.0028736270805383383
COX4I2	0.0028735664767611233
POMP	0.0028726527045026054
ATP5E	0.002872564305451423
AJ011931.1	0.0028721693671494315
NSA2	0.002872125885130339
AC010468.2	0.00287165656162256
R3HDM2P2	0.002871339774993078
MZT1P2	0.002871129872463392
RP11-466F5.6	0.0028710643882368823
RPL10P12	0.0028707880072747433
HNRNPA1P53	0.0028706689583894306
SPATA31D4	0.002870237014352259
RP11-145O15.2	0.0028692342156969412
TIGAR	0.002869016610455819
RP11-461L18.1	0.0028686521436044007
RP11-98D18.17	0.0028681809834041542
PLA2G5	0.0028680373563180843
XXbac-BPGBPG34I8.1	0.002867629972948146
MAFIP	0.002867100612657231
RP11-807H17.1	0.0028669143892344887
RP11-166N17.3	0.0028668069101794673
RP11-81F13.2	0.0028665341232947837
OSER1	0.00286644229903822
WDR11-AS1	0.0028660443645218067
NOP56P2	0.002865897454351147
SNORD115-11	0.0028658079372919946
RNU6-589P	0.0028657008621701006
CTD-2201E9.4	0.002865641563813511
CTB-4E7.1	0.0028655742416529694
Y_RNA	0.0028655694638189846
SNRNP25	0.002865015918142933
RP11-432I13.5	0.0028644818327082473
FBP2	0.0028644646077939295
RP11-252I13.1	0.0028643694347833242
LRP4	0.002864227023149314
FADD	0.0028639597969727375
ADGRL3-AS1	0.0028637675781033128
MIR148A	0.0028633807770929724
Y_RNA	0.002863203831803322
MEG9	0.002863168845154489
RP11-498P14.4	0.0028629506000812095
HNRNPCP4	0.0028626075277641177
RP11-680H20.2	0.0028624434025928494
POP1	0.00286220557522047
SNORA7B	0.0028618825046062115
RPL23AP64	0.0028616838108874434
PGM5P2	0.0028610662307793962
RP11-520D19.1	0.0028609065455060226
RP11-341D18.5	0.002860474166816134
RP11-349N19.2	0.0028602101820214376
CUL7	0.0028601271580740036
RP11-488C13.5	0.0028598730785014768
RNU6-1306P	0.0028597736942198183
CTC-523E23.3	0.0028597542000657725
CTC-304I17.6	0.002859643576731846
LINC01251	0.002859320204833116
RSL24D1P6	0.0028593034971330323
RP11-495P10.9	0.0028592648154721918
RPL31P20	0.0028592420334855317
AC004053.1	0.0028589997379956838
LINC00689	0.0028587429032090436
RP4-758J18.13	0.002858437042941658
CTD-3107M8.2	0.0028583645025850113
RBM22P13	0.0028582664601538095
RP11-487E1.2	0.002857961151623041
CUBNP1	0.002857868276647535
RP13-554M15.2	0.0028578082328819033
RP11-521B24.4	0.0028572509577968505
AC005324.6	0.0028572433272338374
BAG4	0.0028571421845100206
CHL1-AS2	0.0028564866461533427
FAM181A-AS1	0.002856331956673822
ADM2	0.002856248381182946
RP11-379F4.9	0.0028560690767427486
LINC00462	0.0028556207671545553
CTD-2318O12.1	0.002855352844986436
RP11-432I5.6	0.002855294492538963
MARCH9	0.0028550001976627958
RP11-33O4.1	0.0028546273375870982
RPL7AP8	0.002854482673689851
RP11-294C11.4	0.0028544802782753125
AC092687.3	0.002854236718482368
RP11-574K11.32	0.002853508777048152
RP11-3J1.1	0.00285340935931762
DKFZP434A062	0.0028528901865735442
RNU5F-3P	0.0028528626527108032
CCT4P2	0.0028516508776483527
CALML5	0.00285158185493897
FXYD7	0.0028514503001622928
LY6G6F	0.0028513940538209357
RP11-499F3.1	0.0028513332273078598
RP11-464F9.1	0.0028511920525716534
ZNF880	0.0028510232341770157
RP11-383G6.3	0.002850967039515491
MUC2	0.0028506429150963386
RP11-290L1.3	0.002850526611047422
AMZ2P1	0.002850228608882465
MTRNR2L6	0.0028499599533655926
PSMA3-AS1	0.0028498284695819957
RP11-262H14.3	0.002849719786022153
AC005754.8	0.0028491888759305598
RP11-152F13.10	0.002849072160424075
IARS2P1	0.002848691746128909
ASNSP1	0.0028478047936241284
CPB2-AS1	0.0028465604171354045
AC013267.1	0.002846496813217637
RPL26P35	0.0028464206365522134
RP3-448I9.2	0.002845934589057617
ASS1P8	0.0028457408805251023
TMEM263	0.002845538278529398
CERS6-AS1	0.002845358831179741
AB019441.29	0.002844761010944675
PABPC5-AS1	0.0028444982990882602
RP11-517B11.4	0.002844461501098815
RPS4XP20	0.0028441398543709866
RP11-266K4.1	0.0028441238942472297
RNASEH2A	0.002843883189624321
RGS21	0.0028437737188370046
XXbac-BPG154L12.4	0.002843742901241979
CSAG2	0.0028434264127850796
MIR483	0.002843410807404092
RP11-214K3.19	0.002843108253637737
AP000569.9	0.0028427929630175765
RP11-274A11.3	0.0028426370820699124
SNORD111	0.0028424830486320583
RP11-51L5.5	0.0028422149415973695
CDCA8	0.002841800235800031
TBX5-AS1	0.0028407778174854375
RP11-368M16.7	0.0028405384227826137
EAF2	0.0028404839961171354
KRTAP5-10	0.0028400872762999753
RP11-290H9.5	0.002840063687101323
AC003989.3	0.0028393356785750487
RP11-124D2.7	0.002838751074546709
KB-1460A1.2	0.0028386608367658764
IFIT1	0.0028382722870294937
RP11-1079J22.1	0.0028380832641277756
RP11-244K5.6	0.002837771319248665
IGLV2-14	0.002837653457036619
MICF	0.002837619820286423
CTC-563A5.2	0.002837523617307678
RP11-354M20.3	0.0028373002323813104
VDAC1P8	0.0028372609713900277
FRG1KP	0.002836948181172705
ABHD17AP1	0.0028368842323125
RP11-282I1.2	0.0028366720326417558
LINC01620	0.002836460665725894
AC007383.6	0.002836074612779914
TIMM23B	0.002835970175527743
CTC-559E9.13	0.002835670999545462
RP11-1035H13.3	0.002835502005210362
FRMPD3	0.0028351196332677404
SPRR2B	0.002835063955719666
SETP20	0.002834812381282186
RP11-322A17.1	0.002833905761346772
ZNF790	0.002833794867027258
AHCYP4	0.0028333806151837827
RP11-322E11.2	0.002832898322295413
U3	0.0028325361615073982
RP11-110G21.1	0.0028323442226276464
RP11-344A5.1	0.0028319869179266677
ZNF570	0.0028317144911303377
DEFB125	0.0028316367924804734
RN7SL35P	0.002831436595796626
AL355480.3	0.002831398353693666
POLHP1	0.0028308974861705493
RP11-536P16.4	0.002830597549889252
PTMAP8	0.002830463962520096
RP11-476H24.1	0.0028304349974598263
HDAC3	0.0028302243284612787
RNU1-129P	0.002830062116266832
MAPRE1P1	0.0028288470081776792
RP11-34H11.3	0.0028286883250008064
RP11-371F15.3	0.0028286327876651733
RPSAP3	0.002828450936142627
KIF9-AS1	0.002828117528483419
RP11-118H15.1	0.0028277011423527855
OLFM4	0.0028275281489790957
CTC-573M9.1	0.002827374838137562
CTA-398F10.2	0.002826990292211901
BORCS5	0.0028266624300387327
RP11-598F7.4	0.0028257311054861673
ENTPD7	0.00282557514071599
RP11-337C18.10	0.0028250651624601875
Y_RNA	0.002825039632188321
FTLP13	0.0028248791305256504
RP11-402P6.9	0.0028243819299735365
LECT2	0.0028237239838252524
RP11-239C9.1	0.0028235512935660535
AC006116.13	0.0028234871287232603
PYY2	0.0028232706810938568
AC013402.5	0.0028229359542066216
RP11-967K21.1	0.0028229338584670207
SNORA27	0.0028229237442770156
RP11-461L13.5	0.002822871941692341
FLG-AS1	0.002822408320983107
PGA3	0.0028219738709794997
RP11-530A18.1	0.0028219453688248758
RP11-102D18.1	0.0028219213979808477
IGHV1OR21-1	0.0028216355718039743
CTB-51E13.1	0.0028216155345909435
RP11-528M18.2	0.0028214505508229455
RP11-35O15.1	0.0028208826069196116
RP11-563J2.3	0.0028206721667979814
ACCSL	0.002820612337513519
RP11-496I2.5	0.0028206062407492333
CTD-2308B18.3	0.002820571991023017
PIGBOS1	0.002820422336747106
RP11-8H2.1	0.002820346043096069
ZNF281	0.002820341135928035
MSTN	0.0028202854814766303
FOXI2	0.0028197282215753653
ACTG1P10	0.002819629427187023
TBCAP3	0.0028193556875578283
CLK2P1	0.0028191514093220695
RP11-857B24.2	0.002819121935983253
HTATSF1P1	0.0028185508324785093
MYL12BP1	0.002818084082621647
PSG10P	0.002817903736827256
RP11-717D12.1	0.0028177278175251157
RP11-571I18.5	0.002817579778757004
RP11-391J2.3	0.002816948918304338
HHIP	0.002816562909470744
RP1-258N20.3	0.0028164730349338773
RNU6-1267P	0.0028164686144117657
PYY	0.002816430369100453
AC092667.2	0.002816414240892648
RN7SL81P	0.002816374266564461
S100A11P2	0.0028156908823999717
PROKR2	0.002815388692605254
RN7SL577P	0.0028151811966527825
AC073465.3	0.002815091070688726
ZNF284	0.0028148713253198293
CTD-3074O7.2	0.002814586889569776
RP13-192B19.2	0.002814138788089191
RP11-2G17.1	0.002814138633571748
RP11-459F6.1	0.0028139932108248306
RP11-133K1.6	0.0028136676434938443
AL121578.2	0.0028132303923300984
RP11-983P16.2	0.002812896000932333
RP11-149I9.2	0.002812725546175375
RP11-473M20.16	0.002812309865328751
AC007568.1	0.0028115762266238365
RP11-63G10.3	0.002811085597128539
LINC01405	0.0028106755851701527
LINC01019	0.0028106426725519893
LINC00278	0.0028106318363699456
MIR125B2	0.0028105398682834568
RP11-68E19.1	0.0028104969413041045
RP11-10E18.7	0.0028103160608435
YKT6	0.0028100066415746063
RPL23AP78	0.002809975679740878
ZNF718	0.0028099030996281385
RP1-13D10.3	0.002809462412328228
RP11-354P11.4	0.00280915645554521
RP11-104H15.10	0.0028088212034995948
RP11-1415C14.3	0.00280863826834571
RP11-193I22.2	0.0028084710128472566
BLZF2P	0.0028082701845100143
ATP5EP2	0.0028080075739661077
RP11-157L3.9	0.002807817822974251
RP11-115J23.1	0.0028078176310391586
MIR34A	0.002807257647592124
RP11-621L6.2	0.0028060428062079657
RNF2	0.0028053995143066733
TATDN2	0.0028047445427823213
RP11-317G6.1	0.002804462233892684
NNT-AS1	0.0028043429433791487
RPL21P23	0.0028033306292161264
AC114755.4	0.0028026260816495898
PGBD1	0.0028024573589449544
RP11-252I14.1	0.0028023000799585517
ASNSP6	0.00280222693910537
Y_RNA	0.0028021871841722975
BOLA3-AS1	0.0028021324888607116
KRTAP3-2	0.0028020732607689056
RNF5	0.0028018454887055234
GLYATL1P3	0.0028017870902930205
LDHBP2	0.0028011809683321084
RP11-300A12.2	0.00280074897829111
RNU6-646P	0.0028001923847871444
RN7SKP71	0.0028001412262407626
SNORD71	0.002800040009115377
CTD-2560E9.5	0.0027992807829852998
IGHV3OR16-16	0.002798585894774739
Y_RNA	0.0027983042597207208
RP5-1174J21.2	0.0027979603099038235
RP11-680H20.1	0.002797546765458358
CYP4F29P	0.0027973519609032415
FOXB1	0.002797332033315903
RP11-424I19.1	0.0027972230976034363
RPS14P8	0.00279682024976363
RP11-243M5.2	0.002796732282792405
RP11-687E1.2	0.0027966435062397417
NPBWR1	0.0027966327782470574
RP11-874J12.3	0.002796571450364923
C2CD4A	0.002796517268604
OR2V2	0.002796462317656033
RP11-64K12.8	0.0027963997609811004
RP13-30A9.2	0.002796122245536076
AC073218.1	0.0027958542367660555
RP11-478J18.2	0.002795678668249123
RP1-293L8.2	0.0027950759878959557
RP11-120E13.1	0.002795075424772563
AC108868.3	0.0027950541047713625
RP11-163F15.1	0.002794916517209879
RP11-166N6.3	0.002794820863929716
IGLVIVOR22-2	0.00279470912408204
RP11-713N11.6	0.0027945876590258593
AC005550.3	0.0027943873799002434
XRN2	0.0027943162938089913
RP11-114G22.1	0.0027940976207380948
AC104389.1	0.002794081290589684
AC013470.6	0.0027933942139170796
PCP4	0.002793288446237615
RNU4-5P	0.0027932533418491053
RP11-154H12.3	0.0027931076083507135
RP11-1105G2.4	0.002792991919847727
RP11-440L14.4	0.0027929819867439374
LRRC37A6P	0.0027924223506681344
AC138035.2	0.0027923344288752865
CTC-296K1.4	0.002792154227970134
AC105760.2	0.0027921493734077455
Y_RNA	0.002791896092560836
MIR6763	0.0027917980347028047
CTC-459F4.3	0.0027917480574286063
STK25P1	0.002791519080812819
PSCA	0.002791061120557341
KBTBD2	0.0027905324965163225
NPM1P41	0.0027895387607809264
RP11-420L9.5	0.002789421409787939
EEF1AKMT1	0.002789376927937288
RNA5SP482	0.0027892210512681158
IGHV3-33	0.002789150696186915
RP11-20I23.10	0.0027889582729437555
FCER1A	0.002788737633714443
DLG5-AS1	0.002788677091307754
IGLJ7	0.0027884552973769607
CTC-471F3.5	0.00278835041268704
TAF9BP2	0.0027883432566496703
AC005522.6	0.002788247435851243
ITCH-AS1	0.0027876702443196725
CTD-2319I12.9	0.0027872883442340924
RP1-196A12.1	0.0027868351561284436
LINC00387	0.0027864683144947743
CTD-3193O13.8	0.002786335325643486
MFSD8	0.002785940290306155
CTC-338M12.13	0.002785689262100685
TRAJ48	0.0027856062576690366
RP11-195B21.3	0.002784890296175433
RP1-118J21.24	0.0027840234792784286
RP11-44N12.4	0.0027839895882649625
YWHAEP7	0.0027836742525538223
DEFB1	0.002783507726597402
HSPA8P14	0.0027833011946321916
CTC-344H19.4	0.0027832589410148475
C4orf46	0.0027827951875460696
BNIP3P32	0.002782687932618569
CYP46A1	0.00278245495019794
AC009014.3	0.002782293686662006
LINC00936	0.0027820119833372845
CTB-161J7.2	0.0027820032752376546
IGKV1OR22-5	0.002781866061643833
SYT11	0.002781672373845469
RNY3P13	0.0027816350893844315
WBP11P1	0.0027810299474521367
DUX4L9	0.002780994307464823
RNU7-169P	0.002780790708243469
RP11-53B2.2	0.002780725846229213
CTC-457E21.7	0.00278072142180646
Y_RNA	0.0027805551433583192
RP11-396O20.2	0.0027804923353241997
RP11-461F16.3	0.0027799569972695344
RP11-3J10.7	0.0027792224262903793
RP5-884G6.2	0.002778384614859241
SPANXA2-OT1	0.0027783262877260403
Z97634.3	0.0027782217948099904
RP11-701H24.5	0.002778159471219581
PGAM1P6	0.0027781320882740187
RN7SL134P	0.0027780121613663307
RP11-211N11.5	0.002777624893449496
MRPS31P5	0.002777265522674472
CTD-2342N23.1	0.0027770287173701433
MTND6P22	0.002776936607233079
AC097713.4	0.002776915743881083
CAPNS1	0.00277669679852831
RP11-29H23.7	0.002776068702461632
RP11-265O12.1	0.0027759271890064525
SNORD59A	0.0027757897050962863
RP11-63I8.1	0.002775776470663563
Y_RNA	0.0027753518444602106
DBF4	0.0027753182476317646
MIR2117HG	0.002775263479616958
SMAD9-IT1	0.0027751595444374983
RP11-402G3.5	0.0027749748555978703
RP11-2I17.1	0.0027748006984150333
SMIM11A	0.0027746316869664642
FER1L6	0.0027744631842685358
HNRNPA1P36	0.0027742725515780913
NFKBIL1	0.0027735027792343534
CRCP	0.0027734059325241435
MTRNR2L4	0.0027732084974339943
AC007278.3	0.0027727277826643188
NFIA-AS2	0.0027726850445197863
ASAP1-IT2	0.002772262425931013
RP11-264K23.1	0.002772241958285871
SNRPCP2	0.002771711548666948
C2CD4C	0.0027714491756826772
IFT46	0.002771233544624962
SPRR2C	0.0027711477894101252
RP11-982M15.6	0.0027710070406089626
CTD-2006C1.12	0.0027708542018800328
CICP10	0.002770767109657086
RNU6-1176P	0.0027703513697710327
OVOL1-AS1	0.0027700582646959225
BNIP3P13	0.0027691349117959564
CENPC	0.00276886425160749
RPS26P56	0.0027688529081895718
NOC2LP1	0.002768157611955699
RNU6-1206P	0.00276778287080073
RP11-338K17.5	0.002767782185676672
FRAT1	0.0027674403811171477
SRGAP3-AS4	0.002767394662596869
RP11-429J17.5	0.0027671228182931393
TCTE3	0.0027668688426966265
NR0B1	0.002766111981495801
OR2A1	0.002766103984734391
WDFY2	0.0027660991312601444
CCDC157	0.0027659413953820587
TMEM158	0.0027659095711352237
AKAP8	0.0027658354693362256
RP13-516M14.1	0.002765825049690398
S100A3	0.002765811536642065
SCGB3A1	0.002765569598774466
RP11-624A21.1	0.0027652151729699944
RP11-272B17.1	0.002765077572865845
RP11-219B4.7	0.002764754045199344
RP11-139G7.1	0.0027643016232094114
RPS11	0.0027637958053499147
RNU6-875P	0.002763719147754858
NKAIN1	0.0027636935066624995
RNU11	0.0027635398272778363
PRR32	0.002763100857259901
SELENOP	0.0027630106682510047
RP11-312B8.1	0.002762838515579869
PPP1R10	0.002762834635788212
RP11-676J12.6	0.0027627305909923732
RN7SL491P	0.0027622558686559153
AC130689.5	0.0027621601430492227
RNU6-623P	0.0027619577211966755
XXbac-BPG246D15.9	0.0027616919408581858
RP11-640N20.6	0.0027611111180043542
PUDPP1	0.0027610994756739997
HMGN2P6	0.002760822317328969
RP11-768B22.2	0.0027599787778093687
KIR3DL2	0.00275993000452184
HNRNPCP6	0.0027596837941653847
RP11-382A20.4	0.0027594198014627733
ENPP7P6	0.002759181969740524
TUBAP4	0.0027589313531876532
MLN	0.0027587304312845116
RP11-474N8.9	0.002758716423771109
RP11-159H22.1	0.0027585607818439765
RP11-386M24.1	0.002758224354996703
FDPSP3	0.002757782596299465
RP11-676J12.7	0.0027577774550660203
RNU6-15P	0.002757775683448094
ETHE1	0.002757436453919665
NPM1P9	0.002757313816828859
RP11-114M5.1	0.002757193304790866
USH1G	0.0027566305988490137
AC093901.1	0.0027565997789011647
STAC	0.002755977851261757
RP11-687M24.8	0.002755977639147907
RPL7P57	0.0027557903868158803
MIR5687	0.002755286130602905
KNOP1P2	0.002755039435944417
RP11-360L9.7	0.002754881571947746
PCDHGA10	0.00275486108082916
RPS15AP3	0.0027544310752739267
MUCL1	0.0027543558084656364
CTD-3214H19.4	0.0027538906890444983
RN7SL496P	0.002753361675595834
IGLV2-28	0.0027527361718727556
DGCR12	0.002752682202322639
RN7SKP87	0.0027524087026225682
RPL29P7	0.0027522179953028054
RP1-41C23.1	0.002752190233392983
SPANXN1	0.002752177407792397
RP11-706J10.2	0.002752061981960591
FAM86EP	0.002751809807608008
PTOV1-AS1	0.0027513010683744986
PCDHGA6	0.002751094466950655
RP11-74C1.2	0.0027510337994373314
S100A16	0.0027508573635684156
RP11-378I6.1	0.0027507315469190385
RP11-571L19.7	0.002750593052090079
RP11-867G23.8	0.0027503894003152386
RPL7P59	0.0027500246526519674
GRIFIN	0.0027499948058939466
RP11-158L12.2	0.002749957102175177
RP11-142A23.1	0.002749708871508869
ARHGAP31	0.002749447298017839
CTD-3088G3.4	0.002749414464541326
CDC23	0.00274931415917893
RPL12P9	0.0027493044398355384
RP11-347H15.5	0.0027489993920942852
CTD-2134A5.3	0.002748647894835142
TMEM256	0.002748413915636598
TRMT12	0.002748330497203715
AC002542.2	0.0027480783431695437
RP11-510I21.1	0.002747045480370828
CATSPER1	0.002746993019693368
LSM2	0.0027469914437766073
ZSWIM1	0.0027468955967290226
KLLN	0.0027461276826990563
LINC00562	0.002745980036593525
RP1-35C21.1	0.0027459043252773267
OR5G3	0.0027446933968236146
HSPA8P8	0.0027444613062694353
AC022819.3	0.002744129641800668
FDPSP5	0.0027438878646217886
RPS17P2	0.002743577341484516
RNU4-51P	0.002743539872402956
FKBP1AP1	0.0027434412388335984
RP11-370I10.11	0.0027432816734438673
AC064834.2	0.0027428213569178866
RP4-630A11.3	0.0027428070295295696
TCEB1P28	0.0027426982011387073
NFYB	0.0027426406525026415
RP11-278H7.1	0.0027424864631081535
RP11-143M1.3	0.0027422392041664004
RP4-756H11.3	0.002742124897760145
BMS1P20	0.0027420421447182657
RP11-167P22.3	0.002741874791023296
RP11-766F14.1	0.00274177674015159
RNA5SP18	0.002741754063307779
MIR548AT	0.002741730012563213
MT-TI	0.0027412852602297696
AC007881.4	0.0027407474000651325
RP11-734B5.2	0.002740646704626741
RPL15P3	0.0027402734486621297
GAPDHP35	0.002740190450807246
RP11-810P12.7	0.002740029668180931
MIR3663	0.0027399223578579335
SNORD63	0.0027396155868272877
SLC6A6P1	0.0027395010846724245
Y_RNA	0.0027391744907132357
SUMO2P13	0.0027388588533026038
AP000438.2	0.0027382292801622836
IGLV3-17	0.002738050753447092
TMEM147-AS1	0.002738008630627985
RP11-295D4.4	0.0027378962958580946
RP11-91I8.3	0.002737080292566501
RP11-274E7.2	0.00273693389660978
RP3-410C9.2	0.0027366327826085514
RP11-248J23.7	0.0027365029776364952
SNORA71	0.002735716134781089
RP11-166O4.6	0.0027355649549015695
SEMG2	0.002735358817774146
RP11-235C23.6	0.002735265678742459
RP11-314D7.3	0.00273526391916917
SNORD114-9	0.002735130323291541
RP11-64B16.2	0.0027348774707455876
RPL21P28	0.002734660834580405
VN2R19P	0.0027345831764614545
RP11-551L14.8	0.0027345032072897874
LINC01151	0.00273450046216765
RNU6-786P	0.0027344586108207425
CCT6P1	0.0027344570705620176
RP11-266L9.5	0.002734158194687964
SNORD15A	0.0027341391609088436
AKAP11	0.002734129426925366
KB-1466C5.1	0.0027341237298969243
GS1-542M4.3	0.002733986459625679
RAD17P2	0.002733795251542198
RP11-89N17.1	0.0027332502704315487
PRC1-AS1	0.002732138105790686
RPSAP74	0.0027319478606399445
RP11-290C10.1	0.0027315657449393537
CDC42P5	0.002731319318482031
AP001601.2	0.002730661984357049
PPIAP23	0.0027305486712263932
MIR3909	0.002729853121061026
CDK2AP2	0.0027298464439400663
CTC-338M12.9	0.002729809900047085
RP11-415F23.3	0.0027297932447444937
RP11-775D22.2	0.002729748724938493
PYDC1	0.0027297387594175234
RP11-680F8.3	0.0027292945591435693
AC079780.3	0.002728861557095246
RP11-53O19.3	0.002728301136911921
TMEM200C	0.0027282520508381722
AARSD1	0.0027279732567035107
uc_338	0.002727178293043277
C8orf31	0.0027267335574566783
EEF1DP5	0.0027266918728134425
RP11-143N13.4	0.00272656137973175
PPP6R2P1	0.0027263474910998032
BUD31P2	0.0027259743843158282
RP11-159F24.5	0.002725863764893509
OR9M1P	0.002725590853942633
RP11-804H8.7	0.0027254988465389234
GPR173	0.0027247236077522804
SNORA8	0.0027241104314476914
RNU6-821P	0.0027240994921085226
ICE2P2	0.0027239221087107493
RP11-783L4.1	0.0027236561795650183
STAG3L2	0.0027233981359690686
DUTP7	0.0027229990667574917
CLDN17	0.002722487569980669
RP11-648L3.2	0.00272236277531329
LSP1P1	0.002722110240808742
AC002115.9	0.002722074041778592
RNU6-262P	0.00272177496604149
RP3-337H4.8	0.002721749674446826
RNA5SP294	0.0027214595580864645
SNORA62	0.002721221928740104
SPINK2	0.002721174156745576
MIR4296	0.0027208697633901813
OIP5	0.0027207753801272373
RP11-768G7.2	0.0027204491576026534
RPSAP68	0.0027202797076527345
RP11-770G2.2	0.002720260691632086
BMS1P22	0.002720158673147984
KB-1460A1.5	0.0027198404042372017
TMEM74	0.0027198022179031776
RN7SL399P	0.002719691030395558
RP11-104L21.2	0.0027194140674726354
TMEM221	0.0027192749643062905
PPIL3	0.00271921823305432
AC104306.4	0.0027189346715685556
GATSL2	0.0027186841489056156
RP3-422G23.4	0.002718649395219542
MIR3132	0.002718414932279839
CTD-2192J16.26	0.0027180452668776056
RP3-368A4.6	0.0027177669997073255
RNU6-866P	0.002717490987146764
AC112198.1	0.0027171875453023786
IGHV3-7	0.0027170787995350392
RP11-288K12.1	0.0027169661829262036
SHISA2	0.002716928310570708
ITIH6	0.0027163385571750734
SCARNA10	0.002716199412670345
AC018463.4	0.002716192140166213
PKMP2	0.0027160403385859235
RNA5SP195	0.0027158413602770474
GAPDHP42	0.0027158005396019664
MIR8073	0.002715507967815776
CTD-3046C4.1	0.0027151968869341286
OR13H1	0.002714935347764578
RPS15AP10	0.0027149255393325166
LA16c-325D7.2	0.002714849095475284
RP11-174G17.3	0.0027145900874082692
RPS29P4	0.002713440603428969
TRH	0.002713426499760866
SCARNA21	0.0027132276836896183
GAPLINC	0.002713098908410617
MTATP6P25	0.002713085326906051
HSPBP1	0.0027130666110074158
CPHL1P	0.0027128969579024663
AC011997.1	0.002712853671631476
RP11-776H12.1	0.002712646641899919
MTERF2	0.0027126313304828933
RP11-856M7.1	0.002712088495613695
SLC4A1APP1	0.002711983502942351
RP11-588F10.1	0.0027119643927782195
RP11-5A11.2	0.0027113467515539136
RP11-148B6.2	0.002711224540905921
OR2L6P	0.0027103295072417794
BX255923.3	0.0027103103411075893
AC016710.1	0.0027098153033369016
RP11-545E8.1	0.002709719176570963
AJ003147.9	0.0027096014131187452
RP3-395M20.7	0.0027094487855986735
RP1-308E4.1	0.0027094243925806466
MIR514B	0.0027091801511908973
PRKXP1	0.0027090441155269316
RP11-568J23.6	0.002708868954187133
SOST	0.00270803402865559
LA16c-306A4.1	0.002707944029286072
RP11-92C4.3	0.002707820503072188
Z69720.3	0.0027077741011762983
ALG2	0.002707622429801459
RP11-167H9.4	0.0027075347172178976
AC013262.1	0.002707373658258485
AP000688.14	0.0027072775567224695
ACSM1	0.0027071495131932724
CTD-2340E1.2	0.002707031169356864
RP11-83N9.6	0.002706433947440074
MVD	0.002706400075423749
MEIS3P2	0.0027061196213021906
CCND3P1	0.0027060302183478917
RP11-615I2.1	0.002705822433838573
AC012363.1	0.0027057785514875746
RP11-305O6.3	0.0027054833344253206
CDKN1B	0.002705030763878388
RPL21P17	0.002705011446485499
EIF1P7	0.0027049798116964615
RN7SL426P	0.0027044588005926485
RNA5SP28	0.0027038344365854666
CFLAR-AS1	0.002703538726097504
CTA-363E6.5	0.002703274867255886
LIMS1-AS1	0.0027031899496865754
NUDT19P5	0.0027029752580823184
GRM5-AS1	0.002702683865302057
KB-1125A3.12	0.002702235665287857
AC005154.8	0.002701963811614848
RP11-299A16.1	0.0027008261805936953
RP11-3B12.5	0.002700685855792135
RPS3AP54	0.002700457960405386
C14orf177	0.002699995210107701
TMEM56	0.0026999784683924156
RP11-1113L8.2	0.0026996132228299
RP11-53O19.1	0.0026994894905641984
IGHV3OR16-8	0.0026992312785151405
HLA-T	0.0026990087406437444
RP11-298D21.3	0.002698875169946956
RP11-395D3.1	0.0026987361805283273
HIST1H2AI	0.0026984528220603244
RP11-505K9.5	0.0026981476869672727
RP11-733C7.1	0.0026978019811112887
OR1X1P	0.0026977271980006758
AC004862.6	0.0026972671768685074
RP11-132M7.2	0.0026972274648322803
RPS4XP3	0.0026969723507067177
RP11-114M5.3	0.002696916111183235
GLUD1P8	0.002696518782133415
RP3-333B15.5	0.0026964739857239226
AC005481.5	0.0026964047504932204
KLHL42	0.002696348760584661
RPS24P13	0.0026951873896029783
LINC01063	0.0026949329687031938
MTCO1P46	0.002694875051747461
RPL7P4	0.00269477967301141
RP11-96C23.9	0.0026946223722522067
AF127577.13	0.0026943114508475923
GUCY2C	0.002694287126856509
AP000432.2	0.002694127406078715
SLC35G6	0.002694104072463086
TBC1D3P5	0.002693977778524202
UGT8	0.0026938545562309405
GATAD2B	0.0026936862174525276
SNORA8	0.002693576052058875
DRAXIN	0.002693308730721949
RP11-25K19.1	0.00269316330134296
ZCWPW2	0.0026930511947938583
RP11-177H2.2	0.0026929927404172912
KLF2P4	0.002692937122143354
RP11-617F23.2	0.002692868697473537
PPP1R14BP5	0.0026927108403912614
CCNA2	0.002692600102644415
CFL1P3	0.002692461544845966
NF1P3	0.002692452016247805
GPATCH1	0.002692073556455007
AC109309.4	0.0026919161846390488
RP11-485B17.5	0.0026918045644584625
IFNA21	0.002691426541646522
LL22NC03-N64E9.1	0.0026913840772018424
RP4-564F22.5	0.0026908074918689812
AC067959.1	0.0026902985912113076
ELOVL2	0.002690241900602453
RP11-271C24.3	0.0026901570177034683
RP11-287D1.3	0.0026900276736561346
NAF1	0.0026899569750691347
RP1-276E15.1	0.0026898772520680446
RN7SL280P	0.002689381199910996
RP11-98L5.5	0.002688795356046135
LINC01149	0.002688765469546749
FTLP5	0.002688759185917939
CYCSP55	0.002688716492939369
RP11-20I23.8	0.002688335004263334
RNU6ATAC42P	0.0026881150426056226
OR10A4	0.0026879399523818174
CAPNS2	0.0026878913393277404
ZNF859P	0.00268773249955146
MRPS21P2	0.0026876614011171005
CTB-186G2.1	0.002687194651068678
EMCN	0.002687025650838184
RP11-474C8.8	0.0026870124460260207
RP11-406H4.1	0.002686880367206177
ENPP7P12	0.002686799443807383
XIAPP2	0.0026863728074704276
PSKH2	0.002686142128213438
RN7SL269P	0.002685911449141719
CTD-2574D22.2	0.0026857189577658325
SHMT2	0.002685659015314496
RP5-859M6.1	0.0026856079889141676
MSANTD3-TMEFF1	0.002685133773843986
DNAJB1P1	0.0026851334849959823
RP11-556I14.1	0.0026851117508116156
SPANXA1	0.0026848333558563823
CTC-287O8.1	0.0026846134153258963
VN1R104P	0.002684439442781312
RP11-264L1.1	0.002684377391477627
RP11-490G2.2	0.0026841878508168777
MTCYBP29	0.0026840865475516325
CCL11	0.002683656398726043
RPS12P23	0.002683248015606643
ZMIZ1-AS1	0.002683125908291009
PIP5K1P2	0.002682989026853168
WFDC13	0.0026828453135050497
RP4-539M6.22	0.0026826828515170834
AC007740.1	0.0026822532981212828
RGS17	0.002682071842460497
KB-1184D12.1	0.0026820603715259467
MIR4522	0.0026819505493897574
LINC00173	0.0026818078099968214
LINC00864	0.0026817741686638204
CH507-254M2.5	0.0026807587442145508
RP11-318G8.1	0.002680610171511331
CTD-2547L16.1	0.0026804892396560787
RPL36AP43	0.002679738236730272
Y_RNA	0.0026797347899350987
UBASH3B	0.002679669990991313
SPZ1	0.002679636378043478
IGHJ1	0.002679616540542024
DHX37	0.0026794228552966515
CTB-75G16.3	0.002678757943781024
MTCO3P10	0.0026787310391677517
RP11-69C17.3	0.002678422110496571
CTC-529L17.1	0.0026783809154157763
RRP9	0.002678018456774343
MIR6736	0.00267801508743781
SMIM5	0.002678003438144523
RP11-351J23.2	0.0026779833333269443
KB-1980E6.2	0.002677807435974143
RLN2	0.002677610322429876
AC068831.16	0.002677264048717937
RP3-508I15.10	0.002676780652155817
RP11-266E8.2	0.002676048895074887
SLC10A4	0.0026760046659323757
AP000265.1	0.0026758551430301606
CTC-559E9.6	0.002675804506022296
RP11-274B21.5	0.0026756230560357926
RP11-514O12.4	0.0026755826043591514
RP11-155D18.13	0.0026754694671294633
SNRPCP9	0.0026753116176284016
RP11-694I15.7	0.0026750692288368474
CTD-2613O8.1	0.002674807461865778
FAM86LP	0.0026746559736381716
RP11-432M8.16	0.002674482058271272
C1orf140	0.00267432504731637
RP11-1149O23.2	0.002674226635547809
RP11-384B12.3	0.002674191861327099
RP11-759F5.1	0.0026738504595532064
HCG2040054	0.002673278304669448
RP11-389J22.1	0.0026732031420457856
TMOD2	0.0026730976612972346
AC004920.2	0.0026725971850109866
RP11-34P13.7	0.0026720812966938593
CTC-338M12.4	0.002672068141089713
INSM2	0.0026716419979952357
MTND4LP31	0.00267163620324678
MRPS28	0.002671573093109968
RP11-577H5.1	0.0026715390542151295
IGHV3-11	0.0026713838684065
VBP1	0.0026711622526150894
RP11-718B12.2	0.0026709449718059033
U1	0.002670445796722293
CSTF2T	0.002670369212303674
ZUFSP	0.002670285029444501
IGHV3OR16-9	0.0026702379569073153
ATXN1L	0.002669858167221587
AC006116.20	0.002669247425999984
MTCO1P45	0.0026689900605230293
IGLV2-8	0.0026687315798537875
AC083864.3	0.0026687271315267045
S100A7	0.0026687090734778406
AC139887.4	0.002668561381652322
RP3-522D1.1	0.0026676340645909714
RP11-68I3.7	0.0026675849612206926
IGLV3-6	0.002666422293563179
RP11-298I3.4	0.0026662756212805874
TRIM36-IT1	0.0026662744992596178
RP11-196D18.1	0.0026661669706958594
SMG1P2	0.002665995588663444
RP1-80N2.3	0.0026659517604591828
RP11-468E2.1	0.0026658998443546576
TMEM11	0.002665887687194427
AC072052.7	0.002665844895719175
TULP2	0.002665531637063612
COPS8	0.0026653092853443894
RP11-543E8.2	0.0026651068210047798
DUTP1	0.0026650534792764954
ASB5	0.00266470956179363
RP11-26M5.3	0.002664238840749274
CTXN2	0.0026640237166881
RP11-467H10.1	0.002663866789768539
IMMP1LP1	0.002663734703966063
CTA-392E5.1	0.0026636175409441667
PYURF	0.0026635389454239436
PI3	0.002662957440181116
MIR1293	0.002662031990900166
HMGB3P17	0.002661807639518446
LDHAL6B	0.0026617709437215995
RPL6P30	0.0026617363379487203
MSH5-SAPCD1	0.0026616974411187103
WI2-1896O14.1	0.0026616625296116522
RP11-45A17.4	0.0026615309659533807
RP3-415N12.1	0.0026613759369213544
LINC00982	0.0026611971525719313
RP11-153K16.1	0.0026609282026883434
RP11-367B6.2	0.0026607573513186523
RP11-522B15.4	0.002660735056203743
BNIP3P24	0.0026605429354352073
RP11-773H22.4	0.002660254490920762
RP11-566K19.9	0.0026598834545228955
NMUR2	0.0026597339866643527
RP1-159M24.1	0.0026597328299450772
L34079.2	0.0026594840461711317
CTD-2006K23.2	0.0026593520249484598
MIR4459	0.00265910251571534
ATP6V0CP3	0.0026590623660528705
RP11-384C4.2	0.002659054854306027
RP11-414J4.2	0.002658798922627537
RN7SL526P	0.002658703268873426
RANP1	0.002657913511941236
RP1-166H4.2	0.0026573341145608776
RNU6ATAC40P	0.0026573201176190984
AS3MT	0.0026571265736995957
RP11-285A18.2	0.0026570604708556506
RP11-74E22.8	0.0026562641439261633
TRGC1	0.002655911812894413
Y_RNA	0.002655665537488889
AC079922.2	0.0026556504026114037
LINC01297	0.002655546653376787
RP11-467P9.1	0.0026549228873453718
LDHAP5	0.002654918080397985
RP11-468I15.1	0.0026549029491123657
PSORS1C3	0.0026549011381231937
EIF2S2P3	0.0026547631883450614
HIGD1AP3	0.002654573165820963
HSPA13	0.0026545547008950906
AL591893.1	0.002654447657123237
AC104978.1	0.0026540976071300695
RP11-147K6.1	0.0026538471609129583
CBX3P3	0.0026537847895288067
RP1-161P9.5	0.0026531710704826537
MT1X	0.002653049903847144
RP11-83B20.10	0.002652360205405676
RP11-337N6.2	0.0026522009771867017
CTD-3244O18.5	0.0026521670752652003
RP11-767I20.1	0.002652055137922216
BTF3P7	0.0026519566894042234
RMRP	0.0026518184151343035
KRT18P22	0.0026517196495390717
RP11-52B19.10	0.002651636348729833
THRB-AS1	0.002651594121113856
ATP5G1P6	0.0026515512805500778
SAMD15	0.002651336523548404
AC011290.5	0.0026510082762682646
SLC35E2	0.0026508740294962393
HSPE1P16	0.002650610815398758
RP11-390P2.2	0.0026504277605163555
RN7SKP195	0.00265038026176775
NDUFB2P1	0.0026502073282192694
RP11-3L21.2	0.002649978459303891
RNA5SP351	0.002649861636022322
IDH1-AS1	0.002649798797764634
CBY1	0.002649485550550275
RP11-382A20.1	0.002649483527270246
RP11-252A24.8	0.0026493930676434415
TRPV5	0.002649305902429942
CTD-2587H24.10	0.0026489389122552522
RP11-498B4.5	0.002648466203370686
Y_RNA	0.0026481673752811016
FAM189A1	0.002647498665277211
AC006372.4	0.0026472156470131883
NMS	0.0026471213515844414
KRT126P	0.0026470643661457333
TCEA1P4	0.002647021146394926
IGLV4-60	0.0026465524496953716
AC004543.2	0.0026462662169019152
CTD-2369P2.4	0.0026457809817844106
CTD-3020H12.4	0.002645396783691404
RP11-54O7.10	0.0026453937123233954
RPS14P4	0.002645304513114669
KRTAP17-1	0.0026449652183041144
RNA5SP160	0.00264394631876235
PTS	0.00264387051543994
RNU6-644P	0.0026435161965865156
CHRM4	0.00264349635685985
CTA-113A6.1	0.002643398144056538
RP11-15E18.5	0.002643269560654267
MRPL23	0.002643134256047931
AC007383.3	0.002643011033543771
PSORS1C1	0.00264240083699857
SLC7A5P1	0.002642173862599141
RP5-899B16.1	0.0026419799422213197
GSDMC	0.0026418770673840323
HSPA1A	0.002641829712329279
RP11-138E2.1	0.0026417162124158307
HIST2H3DP1	0.0026415169594554656
MIR4478	0.0026413641239818667
RPL21P8	0.002641288733960852
RP11-141M1.3	0.0026411682091851325
DHFR2	0.002641164312922857
RP11-123K3.4	0.0026408334194684994
RP11-1012A1.7	0.002640714002936443
RP11-483E23.4	0.0026404844156177254
RP11-767N6.7	0.0026401795202040303
FAM206BP	0.002639768624618931
RP11-373N24.2	0.002639431797315724
ANG	0.002639307192664202
ACOD1	0.0026391768145831887
Y_RNA	0.00263913065224521
RP11-718G2.5	0.00263876135336349
RP1-71H19.2	0.002638678868833926
RP11-2N1.3	0.002638609963526634
RP11-469A15.2	0.0026381979032793104
RP4-595K12.1	0.002638069938975861
SNORD116-7	0.0026379467132649948
TMEM42	0.0026377865318681524
RP11-128P10.1	0.002637751439070221
RP11-429A20.2	0.0026377159346038384
RP11-428K3.1	0.002636642232046816
RPL13AP5	0.002636612514352742
RP11-432I5.2	0.0026354948808313045
RN7SL353P	0.0026354263198618087
TMEM189	0.0026354002039404014
AC007038.7	0.0026352529126728694
RP5-1009E24.8	0.0026351001642074736
AC008063.3	0.0026350080973591527
RP13-228J13.10	0.0026341704809118398
AJ006995.3	0.00263413843840151
RP11-10L12.1	0.002634082850773708
RP11-231G15.2	0.0026332113306127016
C2orf61	0.0026326280636358615
MIR5188	0.0026324636948142303
CELA1	0.002632389022852877
RNA5SP221	0.0026323207303997806
IFNA12P	0.002632201699935576
RP11-422J15.1	0.0026321394769887466
RP11-46C24.3	0.0026318184460885053
HIST1H3A	0.0026318063650117365
CH17-13I23.2	0.002631340998987253
RBM8A	0.002631278070382865
PPIAL4C	0.002630846201811317
GPC6-AS2	0.002630772298349457
HMGN1P20	0.002630640079748785
RP11-977B10.2	0.0026296739623756496
RP11-550H2.2	0.002629489722908783
RP11-152C17.1	0.0026294286003388312
FAM90A20P	0.0026285226439001015
LINC00923	0.002628468951138992
RP11-307N16.7	0.002628460912950548
BAK1P1	0.0026280385002337503
RP11-268G13.1	0.002627611234008154
7SK	0.0026273910263762373
LINC01398	0.0026272496140666074
AF240627.2	0.002626679587186532
GEMIN6	0.0026266745357735586
RP11-211N8.6	0.002626667878123661
RP11-220I1.4	0.002626399245329958
SLC30A10	0.0026259496544132695
IGHV1OR16-1	0.002625914912578631
SNORD112	0.002625819493474384
RP11-20O24.4	0.0026257167649408036
CTC-529G1.1	0.002625275321939998
RTP1	0.002625018805677502
RP11-613D13.8	0.0026233404722836246
NPM1P49	0.0026231223880976194
MTND5P7	0.002622592520867669
NMBR	0.002622559843637546
ZBTB22	0.0026225334468976233
RP11-74E24.2	0.002622258078271758
RPL5P32	0.0026219923191541676
LINC01141	0.002621827606405561
NT5C	0.002621748677792763
BEST2	0.0026211848245983795
ZBTB26	0.0026210972729508956
ZNF92P2	0.0026209923718510833
RP11-426K3.1	0.0026207548182871137
Y_RNA	0.0026207424795885105
RP11-843B15.4	0.0026202531498364908
B3GALT2	0.002620076243374889
RNU4-35P	0.002620054927682583
RNU6-701P	0.0026194793148146527
CHST2	0.0026193724230464985
RPS26P31	0.0026192586915370947
CYP2E1	0.00261918223408983
AC012462.2	0.0026189625358221187
ELMOD2	0.0026189426287215674
AC068533.7	0.0026188277186490485
CTD-3128G10.7	0.0026184324648191883
SSSCA1-AS1	0.002618109656510444
RPL21P123	0.002617971062650694
CTD-2199O4.1	0.0026178311846174313
MT-TY	0.00261768098981251
FOXH1	0.002617632361651024
BRDTP1	0.002617583774987401
OR5AH1P	0.0026172212407870525
RPS29P21	0.0026172060171936453
MAMDC2	0.002616187065889959
LA16c-349E11.1	0.0026160066942200024
RP11-1260E13.1	0.002615718276140968
RP11-257I14.1	0.002615591533330452
RP11-347C12.3	0.0026154405152376773
RP11-91I20.4	0.0026154196591075415
PRPS1L1	0.00261509019898351
RP3-416H24.1	0.0026149232892409917
OR6L2P	0.0026146676603133437
NEMP1	0.0026145398846768165
CTD-2002H8.2	0.0026141797286038217
RP11-755O11.2	0.0026137776911852512
THEMIS3P	0.0026135763231553053
TDGF1P5	0.0026135323138727178
CTBP2P2	0.0026134012023541157
RPS2P45	0.0026126662997757095
RP11-35G22.1	0.0026125797447967194
WDR92	0.002612278300109652
RP11-1167A19.6	0.0026122762759130938
ENO1P3	0.002612126847681117
RP11-307I14.2	0.0026121166544716273
RNU6-1217P	0.0026120547845907066
RANBP20P	0.002612005601434849
RP11-108L7.15	0.0026114900602770327
GS1-5L10.1	0.002610757156773342
CCDC144NL-AS1	0.0026107311609173084
RP11-500K19.2	0.002610611191349401
RP13-895J2.9	0.0026105291935929623
CTC-498M16.4	0.002610521539288097
Metazoa_SRP	0.0026103161584876897
AC093642.6	0.0026102485302679896
CUBNP3	0.0026094172163305123
RNU6-759P	0.002609327239677934
MTCO1P24	0.0026090945935120075
MAGEA12	0.0026090691525655174
RPL17P26	0.0026088990684862137
PIP5K1P1	0.0026076729645595634
RNU6-60P	0.002607326841408768
CERS1	0.002607268699350992
BLOC1S3	0.00260658829764192
HMGN1P35	0.002606093534660092
MTND5P8	0.0026059434543568953
DEFB134	0.002605910436087266
U3	0.0026057646473928026
MARCH4	0.002604807306953393
RP1-68D18.3	0.0026044337850122485
CTA-796E4.3	0.0026042166073546825
RP11-281J9.1	0.002604085730728875
PDE12	0.0026040613607400767
LRRC24	0.002603808069413131
RP11-133L19.1	0.0026035735390316883
RP11-94C24.6	0.0026035351950361193
GRIK3	0.002603487248342101
CEP97	0.0026034736269848263
ANKRD9	0.002603376623912078
RP11-216L13.19	0.002602900534762778
BNIP3P20	0.002602556054225864
CYCSP22	0.0026019158718173312
WNT2	0.002601554924459614
C18orf15	0.0026011358957973396
VPS37C	0.0026010629986477313
B4GAT1	0.0026010080411273677
RP11-166P13.3	0.0026009734506946863
MYCNUT	0.0026008547795239446
RNU6-850P	0.002600743761874871
CTD-3076O17.2	0.002600350656268749
RPS10-NUDT3	0.002600346291555585
HSF2BP	0.002600217280742062
RN7SKP69	0.0026001889214374613
CYP2T3P	0.0025999259479163057
RP11-57A19.2	0.0025995025803403405
CTD-2143L24.1	0.002599325252867265
RP1-140J1.4	0.0025991736556619763
AC002044.1	0.0025989418260103773
NRN1L	0.00259880401852115
KCNV2	0.002598473976921237
GAPDHP37	0.002598418027213588
KRT6B	0.002597984016089261
HOTTIP	0.0025978552608509017
KTN1-AS1	0.002597696584421246
KLHL10	0.0025973579149923833
RNU1-115P	0.002597263592138139
BARHL1	0.002596967065021534
LINC01394	0.0025960391269780445
RP11-115D19.2	0.0025958505766160087
RPS26P21	0.002595783451152464
SSTR1	0.0025956774900640126
RP3-417O22.3	0.002595632160548519
MTND4LP1	0.0025955112707714036
GOLGA6A	0.0025953811141103877
PLCG1-AS1	0.002595302773318907
RP11-80A15.1	0.0025952526791502726
RP11-11M20.2	0.002595035622134717
S100B	0.0025947043091699568
METTL24	0.002594659399926155
AC064874.1	0.002593932567694609
RP11-206L10.2	0.002593923096858443
SNORD46	0.0025938697958615624
RP3-406A7.3	0.002593443530676643
RNA5SP429	0.0025932572264981382
MIR7-2	0.002593236822113082
LL0XNC01-240C2.1	0.0025932126461027335
CTD-2329K10.1	0.002593075329420454
RP11-382J24.2	0.00259268619404431
RP11-543B16.2	0.0025925088030662145
MINOS1-NBL1	0.0025924806686845707
CDH2	0.0025919135108851844
SOX2OT_exon4	0.0025919029920231144
SNRPA	0.0025918042215900055
ANP32BP3	0.002591371357673464
ITIH4-AS1	0.0025912088003066376
RP11-236B18.5	0.0025911461953975045
Y_RNA	0.002590975661109047
ACY3	0.0025909063462074785
ZNF833P	0.0025906608150446687
TPI1P1	0.0025904804996205624
HSD3BP2	0.0025899199074507213
KB-1615E4.2	0.0025892926964025654
SNORA26	0.002589256099472506
LINC01388	0.0025892491514411115
RP11-90E9.1	0.0025887922878564534
RP11-163O19.3	0.0025887616581605397
RP11-257K9.8	0.002588473544242325
RNU7-136P	0.0025883853145637686
CRYZP1	0.0025876765154700483
DCXR	0.0025875596144455046
RP11-181C21.4	0.0025871036415778766
RNA5SP53	0.002587055993084213
RPL23AP85	0.0025870062690347547
RP11-394B2.5	0.0025868761168240965
RPL23AP47	0.0025866931813946854
RN7SL531P	0.002586659232195014
RP11-589C21.6	0.002586559936267762
LINC01004	0.0025863959836047966
TUFMP1	0.0025863421820152568
BTBD10P2	0.0025861619790044236
RP11-244N9.6	0.002585485379175593
RNU6-844P	0.002585339934649398
CTC-429P9.5	0.0025852474347062737
RP11-329J18.5	0.0025851336358671687
GPRC6A	0.0025850152808674456
RP11-1110F20.1	0.0025848846304014402
ZBTB3	0.002584765871589436
RP11-88H12.2	0.0025847616973211874
ALKBH2	0.0025847216704051215
IGHV2-26	0.002584559760850922
RNU6-1169P	0.002584503932467335
RP11-351I24.1	0.002583611329658331
RP11-110I1.11	0.002583551366944905
RP11-269M20.1	0.0025833268752416014
AC006296.2	0.0025832472595662447
GAS1RR	0.0025830015864224754
RP11-44F14.7	0.00258274268263076
RP11-94P11.4	0.0025825858331073774
RPL11P4	0.002582398972338212
DPM3	0.0025821640688370178
RP11-367F23.2	0.002582089071867506
PCDHB17P	0.0025819426449377927
RP11-219E7.3	0.002581820549461924
TAS2R10	0.0025807587416874092
AC008171.1	0.0025803465985708898
PABPC4L	0.002580320175309498
CLEC2L	0.002580064486167346
ZBED8	0.0025796450748142535
RP3-323N1.2	0.002579337393252008
ZNHIT3	0.0025787389807651706
BANF1P2	0.0025784422271438075
RP11-99J16__A.2	0.0025779706132598177
MARK2P8	0.0025779238639221744
RP11-862G15.1	0.0025777533543924307
Y_RNA	0.0025771493906499754
MTCO3P40	0.002576879585878397
RP11-568J23.1	0.002576810870509552
AC003991.3	0.0025756223685371284
RP11-274M17.1	0.002575101055591607
IGHV3OR15-7	0.0025750213877136787
B3GALNT1P1	0.002574451892706124
ATP5O	0.002574430110269559
CTB-33G10.1	0.0025742976581058967
TRMT13	0.0025741816612768263
LINC01314	0.002574168476709085
AC142472.6	0.0025736180536787673
C5orf30	0.002573401823485356
RTN4RL2	0.0025733460549616717
MIR548E	0.002573186475374313
MT1H	0.0025726157829018374
RP5-944M2.3	0.0025725667747067862
RPL10P15	0.002572260991129489
RP11-718B12.1	0.0025721116165088004
RP11-457K10.1	0.002571548283257925
LCN1P1	0.0025711121195998218
TESMIN	0.0025708953356636992
RP11-167N24.3	0.0025708778627348723
RP11-529P9.1	0.002570859549426922
VN1R81P	0.0025708442844687746
DDX11L10	0.0025706483574617378
OR2A12	0.002570462902207536
AC005391.2	0.0025703318421014545
RPS20P4	0.0025702847112185102
RP11-732M18.4	0.0025694123323714135
RNA5SP78	0.0025692929004110282
ZSWIM5P1	0.002569272388501959
KLHL7-AS1	0.002569128339833991
RP11-1151B14.2	0.0025689583559547224
LINC00472	0.0025689013414766982
PRELID2P1	0.0025683647590721164
RP11-214O1.1	0.002567720112045073
RP11-231P20.6	0.0025674337884215932
CTD-2192J16.17	0.0025672921989536015
ALG3P1	0.0025671980751254242
LINC00351	0.0025670314966710914
DFFBP1	0.002566949221900148
WFDC10A	0.0025668988233456995
MRPL32	0.0025664504354260707
APOA1-AS	0.0025662260633812152
AC007204.3	0.002566215913449575
RNF139	0.002565793798142248
AC097382.5	0.0025651564950248903
RP5-988G15.1	0.00256512182341448
NUS1P3	0.002564980996138915
Y_RNA	0.0025647683274892703
NBPF13P	0.002564710942276733
RP11-521D12.5	0.0025642236563666303
CHSY1	0.0025640860658582417
CTA-414D7.1	0.0025634352997643507
MIR377	0.0025634042698570213
RP11-90M2.5	0.002563327252889798
RP11-21M24.3	0.0025630866094417813
RP3-403A15.1	0.002562950885391781
MYO1E	0.0025627162152309702
RPL23AP37	0.0025626886308905018
LINC00888	0.002562638436995947
MLLT11	0.0025624534326886845
CTD-2047H16.5	0.002562225315707159
AC013275.2	0.0025620679135807834
RP11-3M1.3	0.0025618735318079485
FOXG1	0.0025617686023665064
RP5-983L19.2	0.0025610719644866007
COX6CP17	0.002561053460393061
AC009480.3	0.002561020993213506
AC003080.4	0.0025608572521667945
MIR4701	0.00256052003539158
EIF3FP1	0.002560219796799941
MAK16	0.0025599872958991018
MICD	0.00255988697046234
STX18	0.0025597623881962062
EIF5A2P1	0.0025582247325834505
CTD-2349P21.5	0.0025582154371786973
KCND3-AS1	0.002557650518635376
MAGEC1	0.002557620922765422
RP11-791G16.4	0.00255707750500645
RP11-108F13.2	0.0025570187444441516
KLHL9	0.0025569846365043804
LCMT2	0.0025567709449995785
RP11-218I7.2	0.002556732818005327
MIR4505	0.002556660546414497
RP11-278J20.2	0.0025563527436765292
RP11-253M7.1	0.0025559719726168688
LINC00824	0.002555708299745597
ANLN	0.002555636737353245
Metazoa_SRP	0.0025556194453715173
ADAMTSL2	0.0025554020691673385
CTD-2516F10.2	0.002555266075432649
RP11-358L22.3	0.002555096825491682
MIR873	0.0025549060742942544
RP11-662B19.2	0.002554882564571819
RP11-179B2.2	0.002554547620839054
RP4-784A16.5	0.002554472407118414
HIGD2B	0.0025544452043863137
AC093826.1	0.0025541710614784357
RP3-323B6.1	0.0025541065678660532
RN7SL4P	0.0025538232630502905
PPP3CB-AS1	0.0025535924736831517
RP11-697H9.2	0.0025534065165582435
RP11-554A11.8	0.00255334526635039
RP11-327J17.1	0.0025533227998433164
RP11-1152H15.1	0.0025532136601586525
RP11-467L19.14	0.00255301179322408
TFAP2A-AS1	0.002553000012177889
KCND2	0.002552999283759794
MIR938	0.0025521217593957187
C2orf74	0.0025519985759480867
C6orf106	0.002551907764418475
RP11-31K23.1	0.0025519023964093493
RP11-544O24.2	0.0025516824080751106
TIMM17A	0.0025507514574761208
AC104654.2	0.0025499177935939727
TPTE2P4	0.002549843610785328
RP3-467L1.4	0.0025496839900905582
IGLON5	0.0025496726367781695
UNC93B2	0.0025493448894164865
XKR8	0.002549335966180938
HMGN1P15	0.0025485590897514074
KRT18P52	0.0025484808744644077
RBAK-RBAKDN	0.0025484245142173823
UCMA	0.0025480677571990823
C19orf67	0.0025473645039616258
CDC6	0.002547338432581104
DNTT	0.0025471743404209104
IGHV3-60	0.0025469767963069083
RP11-521C20.1	0.0025468819836867614
IGLVI-38	0.002546803437413381
bP-2189O9.3	0.0025465867304187055
CCDC97	0.0025462822555256314
RP11-588G21.1	0.002546101906000449
5S_rRNA	0.002545928631027372
RP11-400L8.2	0.002545896831513517
RP11-648K4.2	0.0025457202025566754
AP003774.4	0.002545045827990853
AP001092.4	0.0025449057380399365
RN7SKP255	0.0025447430100549043
HAUS1P2	0.0025443573053776035
SPESP1	0.0025439923898507577
RP13-131K19.1	0.002543743938038813
RP11-490M8.1	0.002543559042799146
HNRNPCP8	0.0025431195625160723
IGLV2-34	0.002542850284238284
LL22NC03-80A10.6	0.0025428149040530243
UQCRC1	0.0025427413618146124
TRIM10	0.002542672072553962
CYP2AB1P	0.0025426667661419614
MIR5688	0.002542226648142798
RP11-22P4.2	0.002542069151069369
SLC7A14	0.0025414919218388642
SPATA13-AS1	0.00254147529290922
RP5-1142A6.7	0.002540940891478302
AC005758.1	0.0025407333647899455
HBD	0.002539875697350132
AC002429.5	0.0025398702854196147
RP1-265C24.8	0.00253932640434572
RPSAP4	0.0025391809476130772
RP11-15B17.2	0.002538529561033447
CTC-264K15.6	0.002538197123852743
RP13-554M15.8	0.0025378806312723857
SNORA71C	0.002537633230214789
RN7SL706P	0.002536909946687946
RNU4-82P	0.002536662574488553
RP11-266E6.3	0.002536584943699135
AC012485.2	0.002536468225690813
KRT18P9	0.002536141940740569
NXPH3	0.0025360077276018592
RPL21P41	0.0025359071578059207
RP11-266L9.6	0.0025358232996791183
RP11-524L6.4	0.002535700740150436
EIF4BP8	0.002535425392778012
MIR7843	0.0025351409993846032
SNAPIN	0.0025348182842059495
LINC01143	0.002534701901083462
RP11-2H3.6	0.002534601575213333
RWDD4P1	0.0025343828939095392
Y_RNA	0.0025339728711485476
TMEM179B	0.0025339428575710536
CNN2P4	0.0025336993747743456
RP11-1069G10.2	0.002533547279229336
AC097381.1	0.002533395563739359
HSPA8P19	0.002533005071142586
TMPRSS11CP	0.002532967199483313
RP5-832C2.5	0.0025329152577831305
OR8S1	0.0025328123419616536
RP4-565E6.1	0.0025324274767805255
CTD-2199O4.6	0.0025315568380122368
RP11-599B13.7	0.0025310608390958604
RP11-712B9.2	0.0025309813903916473
GS1-21A4.1	0.0025309222954692915
MIR3165	0.002530902355676714
RP11-439K3.1	0.0025306405656098123
LINC01101	0.002530429259587302
RP11-388P9.2	0.0025303859945730316
RP11-1060J15.5	0.0025303256880136304
GS1-293C5.1	0.0025302420239391343
KPNA3	0.002529936080363595
RP13-890H12.2	0.0025297147125901078
ANKRD44-IT1	0.002529558035185282
RP11-711C17.1	0.0025293339018960183
UBE2MP1	0.0025290957744196953
SNRPC	0.002529021885222887
RP11-441O15.3	0.0025289751127085197
LINC00950	0.0025289565588459705
SPDYE3	0.0025288384464413004
AC105402.2	0.0025287894394599906
CTD-2192J16.20	0.0025287882936075447
RP11-554D14.3	0.002528551877608491
OR9Q1	0.0025283740332148214
Y_RNA	0.0025282221702171794
LSM12	0.0025281879546373265
RP11-255H23.4	0.002528150078488231
RP11-945A11.1	0.0025276546806572426
RP11-206P5.2	0.0025273213986949303
PFDN1	0.0025271160257519924
MAB21L1	0.002526860341262714
AC113404.1	0.002526858498454015
RNU6-1034P	0.002526779134217385
RP11-167P20.1	0.0025267068506502335
RN7SKP150	0.002526572488494824
NBPF2P	0.0025260526026981973
RP11-158C21.2	0.0025259394003050353
PFDN6	0.002525926100555943
HAUS5	0.00252588180037217
BX255923.2	0.0025255617836736372
IFITM4P	0.002525534443137303
GBX1	0.0025255140692440523
CTC-498J12.3	0.002525064870886685
RP5-943J3.2	0.0025248068500566215
RP11-818O24.2	0.002524787682410116
LINC01011	0.002524782945684191
OR8Q1P	0.0025246641346692005
RP11-629N8.4	0.0025244942693974878
PPP1R2	0.002524065625807295
SNORD56	0.0025240366690749234
KRTAP7-1	0.002523842057425821
RP11-671E7.1	0.0025234894460902436
KB-1125A3.10	0.0025234121811618
OTUD7B	0.002523266938886955
ZBTB14	0.002523003138820989
PDCL3P4	0.0025227846339341653
RHOD	0.002522426757038471
AC046143.3	0.0025221471762788958
CLIC4P1	0.0025219235097019544
HIST1H2BG	0.002521837443002006
IGKV3D-20	0.002521580018157372
SNORA33	0.0025212985359251944
RP11-9L18.2	0.002521213933344963
CTD-2175A23.1	0.0025211277541775244
KCTD5	0.0025205576025097483
RP11-894P9.2	0.0025201855370518443
RP11-71L14.3	0.0025201340011679297
PCAT29	0.002520024266544496
RP6-99M1.3	0.0025197065629627723
RP11-769O8.1	0.002519582821101032
RP11-563K23.1	0.002519268278585568
OLFM2	0.002519231797965076
SNORD58	0.002519110701436869
RNA5SP194	0.0025189546105286336
Y_RNA	0.0025189430004502232
ARHGEF25	0.002518774644448319
RP5-837M10.2	0.0025185671689287583
FAM197Y9	0.0025184687028126634
KLHL6-AS1	0.0025182943898491993
MAPK6PS6	0.0025180883795689565
NKX6-1	0.0025177748303095025
HSPE1P14	0.0025177435478589212
SVIL-AS1	0.002517577862039416
HES7	0.0025174920294439604
RRAGA	0.0025164117836778237
RAB39B	0.00251636522340877
RP11-66H6.4	0.002516270413151725
RP11-218L14.4	0.0025161496883140313
RP5-1106H14.1	0.002515824334746156
RP11-420K14.1	0.0025155950237677202
SDAD1P1	0.0025152238918126455
RP1-34L19.1	0.0025151130565110222
C14orf119	0.0025143917009393937
ACTL6B	0.0025139084984865676
AC005740.5	0.0025139078485785812
HNRNPCP3	0.0025137838434106954
LA16c-431H6.6	0.002513673453534428
AP000593.7	0.0025136182590706543
ARPC3P5	0.0025132632738751534
KAT2A	0.0025131774879258487
RPL36AP15	0.002513022587579065
ALG1L15P	0.002512802025465092
YWHAQP6	0.0025127551806503677
RP11-552D8.1	0.0025123338952839133
Y_RNA	0.0025122243351904747
RP3-388E23.2	0.0025121624643605453
RP11-944L7.4	0.002512038876344413
HNRNPA1P15	0.002511846696605014
RNU6-1123P	0.0025117800600848957
MICAL3	0.0025116226345765266
AC141930.2	0.002511225155213156
MIR4799	0.0025109595299781058
Y_RNA	0.0025106498643615947
RP11-439A17.9	0.0025103061827145908
ADAM20P2	0.002510141427937816
ARF5	0.0025101279858562907
RP11-323H21.3	0.0025100891276165498
TMX2P1	0.0025087642820289893
BNIP3P1	0.002508675265452968
MYSM1	0.002508439068098785
SNORA68	0.002508318987839957
RP11-543C4.1	0.0025082130290163722
RP5-1050D4.5	0.002507788342467
ZIC5	0.0025077754452270794
FAM92A1P1	0.0025077329825724014
CLIC1	0.0025074889034595207
RP11-539L10.4	0.002507388370881027
DIRAS3	0.0025071703686990053
LL22NC01-116C6.1	0.0025066234833822413
RP11-351I21.6	0.002506594495572272
MAPKAPK3	0.002506500420986542
RP11-262H14.4	0.0025064478712900455
SIAH2	0.0025063059089758984
RP11-378A13.1	0.002506176857639712
C14orf39	0.0025058850662276534
FAM90A28P	0.002505576696905305
XKR7	0.0025054300927820814
RP11-114H24.7	0.002505171630403501
RP11-270M14.1	0.0025050782688639836
SETP5	0.0025049686632220205
SPTLC1P4	0.0025041896953922416
CYP27B1	0.002503670527018716
DNAJC15	0.002503209506923816
RNA5SP296	0.002503104267157949
AC007879.5	0.00250294512720029
RP11-641C17.2	0.0025029318356790103
CTD-2017D11.2	0.002502704307183597
IPO9	0.002502553019287053
WDR5	0.0025022905553156354
RP1-302D9.2	0.0025019993824543204
C19orf73	0.0025019399955864222
RP11-507B12.1	0.002501712502349047
UST	0.0025015792082434115
CTD-2027I19.2	0.002501065865760047
MIR4488	0.0025007435271200396
MAGOH	0.0025006896231303606
GFY	0.002500489690866323
BNIP3P36	0.0024993748748118696
TSEN15P2	0.0024990791302582937
ACTG1P21	0.0024989306436633122
RNA5SP180	0.0024983777214711714
CTB-35F21.5	0.0024980905313200597
HMGN2P24	0.002497697556160894
EML2-AS1	0.0024973830695384797
EI24P2	0.002497345034505928
FABP2	0.0024972164745349465
RP11-482D24.2	0.00249708862580266
RP11-100G15.7	0.0024969663678807937
WDR70	0.0024969353097674045
GJB2	0.002496758436126248
GALR2	0.002496673677756027
CCDC77	0.0024964470365293444
GPN3	0.002496294610671532
EBNA1BP2	0.002496129904649962
AL773572.7	0.0024959507134692475
SPRR2F	0.0024958477314193563
CYP2B7P	0.00249567754280531
RPL7AP28	0.0024955440795444077
RP11-429J17.7	0.002495532033841469
GXYLT1P3	0.002495459547869792
RP11-573D15.3	0.00249542743882183
SELENOH	0.002495363163762982
RNU7-67P	0.002495339719249602
TUBB4AP1	0.002494362441650963
RP11-456I15.2	0.002494256866944686
IGKV1-5	0.0024941202716632386
RP11-439A17.10	0.0024940536088460547
RP4-655C5.9	0.0024939160966059464
RDH12	0.002493631689934651
APRT	0.0024935676188872166
KB-1991G8.1	0.002493544494869441
RP11-434H6.7	0.002493314861521253
C1orf143	0.0024925986670233627
KRT18P48	0.002492593200151637
PLBD1-AS1	0.002492513075943343
RPL23AP97	0.0024922599117049382
RP11-435F17.1	0.0024921688671836447
CDH17	0.0024919438134112138
MIR6504	0.0024916727267066483
ATG9A	0.002491616868546899
RNU6-665P	0.002491446745879599
CALM1P2	0.002490597700542714
HNRNPA1P56	0.0024903514364261535
RP11-77H9.6	0.0024901680737458944
RP11-303E16.5	0.0024901677677505165
RNU6-37P	0.002489395749794763
RPL21P90	0.0024891409893181226
AC016700.5	0.002489026721522393
RP11-101O21.1	0.002488836449889089
AP000253.1	0.002488525278534386
RP3-445N2.1	0.002488193016178686
LCMT1-AS2	0.0024881787879580106
Y_RNA	0.002487666730983682
RP11-56I23.1	0.0024873459951209737
RP11-681N23.1	0.0024872014052781492
LINC01115	0.0024870172167637383
RP11-482D24.3	0.002486924713966502
CTXN1	0.0024866376141433983
MEF2C-AS1	0.0024865694408443646
UBBP2	0.0024865669965073813
RP11-173P15.7	0.0024857608471769758
HNRNPA1P31	0.0024856906289745574
RNU6-379P	0.002485549643478565
RP11-806L2.5	0.002485222139173501
RP11-295P22.2	0.0024847545031600774
RP11-635L1.2	0.002484444672833288
Y_RNA	0.0024842005088255483
RN7SL217P	0.0024841437034330183
CTC-321K16.4	0.002484067632468226
GAPDHP31	0.002483989976588744
VANGL2	0.002483891472430913
CTB-31C7.3	0.0024838367140557595
DDX3P2	0.0024836635075398007
EIF4EBP2P3	0.0024836571430540623
IQCF4	0.0024836131311333854
RP11-411B10.7	0.0024834195541594594
AC005077.5	0.0024832377447027445
RP4-555D20.3	0.0024830665047840964
RP11-196G11.1	0.002483032994682976
C15orf59	0.0024829521653128204
ITM2A	0.0024823317041810827
RNU7-151P	0.0024821305746922377
CTA-384D8.31	0.002482011528917044
SNORA77	0.002481687453273082
RP1-90J4.3	0.002481365277332714
IGLV1-47	0.0024812698519850475
SDHAF1	0.0024811979691382624
EIF3K	0.002481057355613008
CTD-2593A12.4	0.0024807904173981665
CTD-2256P15.4	0.002480468023727601
ZSCAN5B	0.002480317427143436
AC002064.4	0.002479892983177764
LRRC37A9P	0.0024798061866634475
AF001548.6	0.0024796497194417653
KRTAP21-1	0.0024795999248533596
RP11-96O20.2	0.0024794936123859576
GAPDHP48	0.002479045528404934
TUBB2B	0.0024787725816300507
AMYP1	0.0024786027108527025
HNRNPLP2	0.0024785299296889154
C10orf71-AS1	0.002478255501709989
RP11-585F1.6	0.0024781504360313227
TUNAR	0.0024780614414321696
GET4	0.002477991000171381
LYRM4	0.0024779470740809695
KCNJ9	0.0024777123310502315
RP11-542K23.7	0.002477180707397085
RNPEP	0.0024770018253937663
RP11-192H6.2	0.002476771302119695
RP11-365O16.6	0.0024767048788351727
KRTAP5-11	0.002476650535604047
RP5-1119A7.14	0.0024763510299596306
RP11-495P10.4	0.0024762306807180573
HERC2P8	0.0024761768993936096
RP11-210M15.2	0.002476151470309071
AC011742.3	0.0024759118192762817
CTD-2528L19.3	0.0024755861436878616
TMCO5B	0.0024754742473882766
TMEM161BP1	0.002475462476744449
RP4-597J3.1	0.0024751418285186145
COL10A1	0.002475054552814951
LDHAL6EP	0.0024746190228834945
RP11-497G19.3	0.002474604627627372
LINC00644	0.00247460012798957
RP11-540O11.4	0.002474478003776335
CTA-126B4.7	0.002474278607493504
MRGPRE	0.0024738772953486186
TNFSF9	0.0024736421561515577
RP11-125O18.1	0.002473426466408756
CTD-2349P21.10	0.0024732279530523794
NDUFB3	0.002472835927837987
RP11-7F18.2	0.0024727891709743384
RP5-940F7.2	0.002472565244932957
RP11-20D14.3	0.0024725436629295027
RPL23AP96	0.0024723289628368196
LINC01020	0.002472246127049264
ACER2	0.0024722272312387677
RP11-628M2.1	0.002472057126607175
FGF23	0.0024718634975629318
ABHD4	0.002471741766147917
MIR4644	0.0024716754836026436
RP11-75C9.2	0.0024716682857178927
RP11-48B3.5	0.002471598752021876
FAM72C	0.0024715272274373227
RP1-273G13.2	0.002471352884917154
AC069213.4	0.0024712341289208524
AC005722.4	0.002471158265562905
SPG21	0.00247103218188087
BTNL3	0.002470785930332125
FABP12P1	0.0024705927378719304
DEFB124	0.0024705500011637425
HIST1H2AL	0.002470516974159501
snoU109	0.002470111260130564
RNU6-25P	0.0024700266254188592
RP11-213G2.1	0.002469721809993322
SNAP47-AS1	0.0024695695262483834
DNAJC9	0.002469473077344915
PDIA4	0.0024689481418059063
RP1-52D1.1	0.0024689442637385525
SPINK6	0.00246871308485069
LINC01182	0.002468600718509418
FOXD4L1	0.0024683410152063216
RP11-417O18.1	0.002468233806452118
RNVU1-15	0.00246740951587765
ABTB2	0.002467276587254194
RP11-638I2.10	0.0024671286149281235
RP11-417L19.6	0.0024671281854588218
CTD-2022H16.1	0.002466885574054544
KIF25-AS1	0.002466858306079757
FLJ16779	0.002466778750952
PLEKHA3	0.002466710711835194
NIFKP4	0.0024662736426027724
KRT18P57	0.002466224228147147
AC004967.7	0.002466137878352251
RP4-803J11.2	0.0024660994648576322
RP11-19J5.1	0.002466046346438558
NCAPH	0.002465924300489922
SESN3	0.0024657024126322788
AC097533.1	0.002465483568484693
MIR6731	0.0024654708750009554
RP11-17M15.2	0.0024654491650471905
GRAMD4P8	0.0024654463379985532
RP11-190D6.1	0.0024654237458503893
IGHV1OR16-3	0.002465316197229736
CMB9-14B22.1	0.0024651165328752164
CTD-2349P21.6	0.00246508826199702
MIR3180-4	0.002465031500111888
bP-21264C1.1	0.002464756536026711
CST9	0.0024643004621069096
FSCN1P1	0.002464285596590345
SCGB1D2	0.0024639859761082118
SC22CB-1E7.1	0.00246396279940557
RP5-963E22.6	0.0024639358547194727
MESP1	0.00246331804452402
LINC00971	0.00246331702653787
RP11-391L3.3	0.002462929961439357
AC017079.3	0.002462924038586184
RP11-156K13.2	0.002462588615762933
RP11-1078H9.2	0.0024623436069631556
RAD21L1	0.00246193941698565
RP11-1046B16.1	0.0024618370877464786
RP11-92B11.4	0.002461793329684303
RP11-4C20.3	0.002461673475659674
Y_RNA	0.0024613893875544113
RP11-243A14.1	0.0024613753100349023
IL10RB	0.002460427189308082
RP11-662M24.1	0.0024599026512445287
RP11-102J14.1	0.0024598847483240614
MSI2	0.002459840867172265
MSLNL	0.002459174783856499
UBR2	0.002459142707732663
PBDC1	0.0024590803868520367
RP11-79E3.3	0.0024589579153511225
CTC-239J10.1	0.002458772627805856
EID2	0.002458705785597856
C9	0.0024585924672778517
ZNF564	0.00245729033318048
RNU1-106P	0.002457199666465767
IGLV1-40	0.002457090688005385
GNG12	0.002457010628532002
RMST	0.0024569051885895733
AC073072.7	0.002456714817302483
CTB-181H17.1	0.0024563855928881224
RP11-588P7.1	0.002456383976396251
TMEM210	0.0024563606732678402
RP11-108K3.5	0.002456149290314581
NBPF9	0.002455904755613506
GDF2	0.0024556712030008826
RNU6-917P	0.0024554180182331533
RP11-58A17.3	0.002455216115657311
KLF9	0.002455187136341675
SNORA11	0.0024546414391526036
RP11-679B19.1	0.002454618668309274
RNU7-140P	0.0024545846316759296
RN7SL552P	0.002454172655933495
MIR3161	0.0024539024163847236
Y_RNA	0.0024537647786897054
RNA5SP370	0.002453634983600956
RP11-61J19.3	0.002453596567171082
RP11-111F5.4	0.002453539722732798
AC073476.1	0.002453536914172278
EEF1DP1	0.002452723043715758
CEACAMP11	0.002452536635126901
RP11-243M5.4	0.0024524975002274373
C3orf22	0.002452046950371122
PLK4	0.002451936273472541
RP11-272L13.4	0.0024519226940166363
PPBP	0.002451835549173223
BOLA3P3	0.002451822611095322
AC008834.2	0.002451807181957012
RP11-184J23.2	0.002451689851382067
AC004069.2	0.002451573474293615
GAS6-AS1	0.002451486577348347
RP11-74K11.2	0.0024513252414994366
CTD-2410N18.1	0.0024512465156644875
HMGB2P1	0.002450208912504263
TMEM233	0.002450028287735774
RNU6-1099P	0.0024498412965819377
TEX35	0.0024498312400082754
UBE2R2-AS1	0.0024493287912509204
RP11-432B6.3	0.0024487856041990543
OR13D3P	0.002448712630945189
PSAT1P4	0.0024480024160461527
C2orf69	0.002447970188200445
RP11-817I4.2	0.002447481073146207
AC104843.4	0.0024474456415169827
GPC2	0.002446756882686393
RP11-734K21.3	0.002446703396304453
UNC93B1	0.0024463165073846924
RP11-103C3.1	0.002446221565983456
RP13-507P19.2	0.0024461789213029725
RP11-266L9.4	0.0024458946365652203
IMPDH1P10	0.0024457674486831065
SEMA6A-AS1	0.0024451840485323084
NSMCE3	0.0024451225552385206
RP11-544M22.3	0.002445007258071807
RP13-444H2.1	0.002444868887376708
RP11-293F5.8	0.0024446293853529473
TIGD5	0.00244458381664998
SNRPFP2	0.0024445469788412933
GLUD2	0.002444181320782892
RP1-228P16.4	0.002443995528656919
GCC2-AS1	0.002443990979975767
CTC-308K20.2	0.002443738118726319
KRT18	0.00244353825893317
MIR6511A1	0.0024431719304731222
RP11-521O16.1	0.002443138712348924
RP11-395L14.3	0.002442853814400595
LHFPL5	0.002442470515597788
ONECUT2	0.002442162217630265
RP11-10L12.2	0.002441231251399309
ACR	0.002440567317396892
PA2G4P2	0.002440513162195386
RNU6-1318P	0.002440503740033836
CICP14	0.002440440660128135
Y_RNA	0.00244033282495735
RP11-277A4.4	0.002440308973347706
PRSS35	0.0024400408065618473
RP11-379F4.4	0.002439929850236318
CCNI2	0.0024398488123320936
RP11-504G3.4	0.0024396391866922384
RP11-332L8.1	0.0024393384337908293
POLR3GP1	0.002439235155716675
RP5-966M1.4	0.0024392260803954573
RP11-394B2.7	0.0024390796867843076
RP11-129H15.4	0.0024389940863735653
SPACA6P-AS	0.002438988185727026
CH17-262O2.2	0.002438897551796573
MT-ND4	0.002438392557743134
AC011239.2	0.002438376302627043
SRGAP2D	0.0024380880526775135
LINC01300	0.0024378924380863737
RP11-238K6.2	0.0024378522946048383
RP11-710M11.1	0.002437757250905416
ZNF444P1	0.0024375260960152515
RP11-212D19.4	0.002437391032996966
RP11-797D24.3	0.0024363977036830123
OR9P1P	0.0024359424793068724
GULOP	0.0024355077644935825
OR2R1P	0.0024352217227386315
HEATR4	0.0024351511297926623
AC104634.3	0.0024349814133360933
Y_RNA	0.002434539255959771
RP11-385G16.1	0.0024345058910526275
U3	0.0024342416264877364
CDH15	0.0024339194705300994
COMTD1	0.002433534907510815
PEG10	0.002433461933759725
CTB-78O21.1	0.002433440136867449
PWP2	0.00243304770485967
RN7SKP230	0.002432697777847022
RP11-408O19.5	0.002432589219360022
RNU6-1321P	0.0024319738515673913
RP11-723D22.2	0.0024318256545812146
SEPT14P4	0.00243164675141069
RP11-752G15.4	0.002431556632591995
TAS2R8	0.0024314532794515683
RNU6-466P	0.002430899806037032
LINC00574	0.002430761302342573
RP11-641A6.5	0.002430570543828844
C1orf195	0.0024303758420329445
CTD-2186M15.3	0.0024300486031150763
ATP8A2P2	0.0024295329667161037
PBK	0.00242943205602839
MAP2K1	0.0024289728254932815
RP1-302D9.1	0.0024279720863051805
SCGB2A2	0.0024278098778340237
RP5-837I24.4	0.0024275668520378295
TCEB3B	0.002427493168313632
AC006466.5	0.0024272093365332935
LAMTOR5-AS1	0.002427204637798212
AC006262.6	0.0024270062441228944
TEX26	0.002426990851076651
RP11-972L6.2	0.002426763149778539
LINC00404	0.0024267506917220517
RP11-810P12.5	0.002426633542420618
DIP2A-IT1	0.0024265080725596085
RP11-664H17.1	0.002426456368126275
HNRNPKP2	0.002426426617649196
CICP7	0.0024262767329513587
ENO2	0.0024261348502153087
RP3-408N23.4	0.0024257129618330104
RP11-54D18.4	0.002425391198819236
RNU6-1257P	0.002425277685871129
RN7SL285P	0.0024251427562239376
NRIP1	0.0024251204305922535
STK17B	0.002425090988812794
RP11-123B3.2	0.002425054933522137
RP11-63E5.1	0.0024249254482519383
PRR13	0.002424730632899759
RP11-706O15.7	0.0024246122608697026
TIMM23	0.0024243840607230467
RP11-302K17.4	0.0024242455964300713
AP001258.4	0.0024236667868857134
RP11-556G22.1	0.00242362579284531
AC007563.5	0.002423517189216799
RN7SL472P	0.0024233480207036533
HSPD1P12	0.002422663076090356
Metazoa_SRP	0.002422636445311977
PACRG-AS3	0.002422544207958355
RALA	0.002422337887504699
bP-2171C21.3	0.0024223149824233177
Y_RNA	0.002421736220031232
MROH3P	0.0024216034988994916
RP11-4B14.3	0.0024213991732230005
RP4-559A3.7	0.0024211734737814676
ASPRV1	0.0024210599016235073
POU3F2	0.0024209331558492143
FLJ22447	0.002420536533434829
RP11-775G23.1	0.002419927525407741
RP11-100N3.2	0.0024198171215739942
MIR3117	0.002419410886935452
RP11-214K3.5	0.002418717464721797
TDGF1P2	0.002418588183828416
RP11-361C13.1	0.002418263227162116
RSL24D1P11	0.002417684910853889
RNU4-24P	0.0024175711605279567
FAM90A24P	0.0024174843797331092
PICSAR	0.002417295810908472
HIST2H2AB	0.002417114558504499
MIR663B	0.0024167717904557367
STAT6	0.002415762523701538
TMEM9B	0.0024155167259118067
RP11-99H8.1	0.002415470728050324
RN7SL832P	0.002415307858501585
VN1R34P	0.0024149443200995055
RP13-270P17.1	0.0024147091322943228
RP11-417L14.1	0.002414620244093813
CTD-2381F24.1	0.00241448947239627
RNU6-1237P	0.002414400568994877
RP11-63P12.7	0.0024138348606718334
MIR6810	0.00241367260654073
RP11-353N14.7	0.002413614827565365
TMEM63C	0.0024132692572502515
MAGEH1	0.0024129494044033183
TRY2P	0.0024128364042092705
RN7SL678P	0.002412502684414712
RP11-349A22.2	0.002412457238971862
AC104451.2	0.0024120865565304492
RP11-701I24.3	0.0024114390479547114
IGLL1	0.002411152109039785
CTD-2666L21.1	0.002411025748841771
RWDD2A	0.0024108454573426976
RP11-305P22.9	0.0024108447306375826
EEF1A1P11	0.0024106414882573536
SNORA84	0.002410404948589822
U7	0.0024103208102522625
DPEP3	0.002409932555300597
RP11-351O1.3	0.002409624968408486
RP11-302I18.1	0.002409346285057337
ORC6	0.0024092183190766556
ZEB2P1	0.0024091831406210036
CASC19	0.002409119261455107
RP11-58A11.2	0.002409065155801922
ZDHHC20-IT1	0.0024087792610480185
CARTPT	0.0024087652014219215
TAF9BP1	0.0024081342059764223
KLHDC7A	0.0024075808596670635
GSX2	0.002407025333471192
RPS5P2	0.0024068572426413502
RP11-1228E12.2	0.0024067508462786665
RNU6-319P	0.002406215547572853
AC018902.1	0.002405926540149084
RP11-554K11.2	0.002405804837350698
RP11-692D12.1	0.002405803836723645
RP11-134O21.1	0.002405500728248133
VN1R76P	0.0024054772811612306
RP11-179B15.5	0.002405236756786648
LINC01310	0.0024051127777801563
LA16c-380F5.3	0.0024048690492526584
SNHG19	0.002404548111324293
EIF4A1P7	0.002404418113907832
snoU13	0.0024042813563342007
CTD-2154H6.1	0.002404160701074838
LINC01218	0.002404119128002239
C4orf51	0.002404013033453653
EEF1DP3	0.0024036362300090264
Metazoa_SRP	0.0024035753416150277
RP1-27K12.4	0.0024031600830162784
AP000662.9	0.002402749507995991
PAK2	0.0024022443680335307
RP11-108E14.1	0.002401847197952425
RPSAP23	0.0024016799721657146
MCCD1P1	0.002401637422258941
RP11-274J7.3	0.002401553043316407
YRDCP1	0.0024012743424301525
UCP1	0.0024008862411055236
C1orf174	0.002400868759952772
RP11-567J20.1	0.002400825170340642
STARD13-IT1	0.002400507386875446
HIST3H2A	0.002400353202266105
SGO1-AS1	0.0024002765531809744
BIRC6-AS1	0.0024000780829469387
RN7SL870P	0.002399478540592833
AC079354.3	0.0023994412166106222
RP11-761B3.1	0.0023990007474384675
MT-TA	0.0023987778240330973
RP11-882I15.1	0.0023985650155076395
RP11-553A21.3	0.0023984987039670095
IL36A	0.00239818971310308
RPL21P2	0.0023978407889917834
CICP5	0.002397798667565539
RP11-666O2.1	0.002397491919768631
IGHV2-70	0.002397312203169387
snoU2-30	0.00239728686171401
CTD-2139B15.4	0.002396832495330473
RPL7P6	0.0023965524307096604
CCND2-AS2	0.0023964982670955605
RP11-362L22.1	0.002396269407471295
IP6K3	0.0023961328267434836
AC009120.5	0.0023960988795607555
RP11-747I9.1	0.002396094945148372
CTC-487M23.7	0.0023960634574694984
OR52E8	0.0023960560751501354
PRELID3BP7	0.0023959027873026503
MIR6124	0.0023957455662680363
RP3-510H16.3	0.0023956891058047936
TCEA1P3	0.0023948906017471497
RNU6-375P	0.0023948600816740945
RP11-98D18.16	0.0023948372289657187
RP11-24M17.3	0.0023944396570184296
BMP8A	0.0023943199889287876
RP11-333A23.1	0.002394145075088095
MIF-AS1	0.0023929395969001276
LINC01608	0.0023924791925670433
RP11-608O8.2	0.00239227013367829
RPL15P14	0.0023921108548299475
OC90	0.0023920275150699265
DPYD-AS2	0.002391815766219394
AC004004.2	0.002391807858917267
KLF2P2	0.002391493155490021
PRDX2P4	0.0023914020459551177
RP11-640L9.1	0.0023906267730116676
RP11-214K3.18	0.002390579766926479
EEF1A1P31	0.0023904891320782645
RP11-14I17.1	0.0023903244117181983
EIF2S2P2	0.0023903052666306517
AC108039.1	0.0023899272415201637
LL0XNC01-116E7.4	0.0023897923046014916
RP11-239H6.2	0.0023896306652736203
CTD-3088G3.8	0.002389499539813146
AF121898.3	0.0023892785629206917
RP11-385H1.1	0.002389085725868767
RP11-666E17.1	0.0023886989539398046
RP11-57B24.2	0.0023886735198313416
SCAMP3	0.0023883997809683614
ZDHHC5	0.002388385621611204
RP1-161N10.1	0.002387816476344285
RP11-116O11.1	0.0023876895983793813
CTC-412M14.6	0.0023874072765285724
RP4-603I14.3	0.0023871725596223206
RN7SL487P	0.0023866682588500974
LINC00706	0.002386543283904554
CNTD1	0.0023864846893549394
HOMEZ	0.002386464060096398
AGT	0.0023863841846848573
CYP2A13	0.0023862260119998945
RP11-576I22.2	0.0023861925980882158
ZNF793-AS1	0.0023861511080685927
IRX1P1	0.0023855418984011023
RP11-21B21.4	0.0023854498740932843
RAB21	0.0023853937460642446
RNU6-4P	0.0023853573758985023
RP11-649A18.4	0.0023853309984191023
CLCA2	0.002385245038963624
MIR1205	0.00238474556215017
RP1-310O13.13	0.002384407155792017
PET100	0.002383879858851327
RP11-367H1.1	0.002383806459607769
RHEBP2	0.0023831881100941795
RP5-963E22.5	0.002383101674839927
RNY1P14	0.0023818272837225042
GTF2IRD2P1	0.0023812344785264228
AC002056.3	0.00238103488526615
FTH1P25	0.002380930937064202
RP11-197N18.7	0.0023807290093044373
RP11-37N22.1	0.002380689532087893
RNU6-863P	0.002380625684619711
AF131215.3	0.002380525029403476
MIR4502	0.0023803384887203143
PDE6C	0.0023802006829750587
RP3-341D10.1	0.002379310126561222
LINC01526	0.0023792702342496624
HMGB1P15	0.002379043941056941
RP11-326K13.3	0.0023789641597701484
RP11-432I5.4	0.0023788930600221365
AC008132.15	0.0023787330783530077
RN7SL663P	0.002378726572167797
RP11-39C10.1	0.002378700736700277
RP11-21L19.1	0.002378652664827892
RPSAP13	0.002378620024645239
MAPK6PS2	0.002378527363315837
RP11-384K6.8	0.002378451052137471
PSG4	0.0023778335229136965
BLM	0.0023773300723810412
RP11-818F20.5	0.0023773010001418566
RP11-166A12.1	0.0023772627782159012
RNU6-633P	0.002377121397913608
LINC01159	0.0023770590826012825
Y_RNA	0.0023768668295124093
ZCCHC16	0.002376477470051194
SNORA46	0.002376354437340281
DGKZP1	0.002376330788329848
LLNLR-304A6.2	0.0023760379973817906
AC018804.6	0.0023750592974264868
CTD-3137H5.1	0.002374565973632475
RP11-118B18.2	0.0023744836913574875
RP5-837O21.2	0.0023744475197851715
RP11-589C21.5	0.0023742098112244517
RP11-143J12.3	0.002374055707568857
AC104698.2	0.0023738834155028403
CTD-2533K21.2	0.002373691447310402
HCG4	0.002373640576721901
RP5-1057J7.7	0.002373600244712309
VDAC1P1	0.002373549618835236
AC092798.2	0.0023733671083180762
ZNF2	0.0023728348984919903
TMEM178B	0.0023726967436831503
MTCO1P29	0.0023724455401382717
LINC01317	0.0023719183633316735
CTD-2006H14.2	0.0023716301738484465
AC022816.2	0.002371555441192393
LA16c-313D11.12	0.0023710894968637978
AC003973.3	0.0023709468089380056
RP11-1149O23.3	0.0023701457578986134
RP11-52A20.2	0.0023700520350516028
RP11-792A8.4	0.002369883688143578
RP11-353N14.4	0.002369833489746326
AC007131.1	0.002369736020299657
MIR4322	0.0023695590998225637
AC055876.1	0.0023694499933397
RP11-493E3.1	0.0023690970824967934
FAM92A1P2	0.00236876694637307
KRTAP1-1	0.0023683608878855194
RP11-131L12.2	0.0023681726418186624
AY269186.2	0.00236812929167873
RP11-16C1.2	0.0023680660338700893
ATOH1	0.0023676627955123495
B9D2	0.0023676575265642362
Y_RNA	0.002367497020710545
RP11-95I19.2	0.002367365288517296
KRT24	0.0023673399609865794
DPY19L1P1	0.0023672771846356697
RP11-367N14.2	0.0023667774640513763
CTD-2647E9.1	0.0023666085224841094
RP1-180M12.1	0.002366562909946223
LINC01456	0.002365977263971731
KRTAP9-9	0.002365912399487574
RP13-631K18.5	0.002365822561606948
RP11-255A11.2	0.002365653885103759
METTL21AP1	0.0023655823818782952
SNORA2B	0.0023654011854773046
OR13C4	0.0023650802980340817
RP11-281A20.1	0.002364852775404053
LINC01470	0.0023644317779061654
RP11-548K12.13	0.0023643115733912737
Y_RNA	0.002364302273373004
RP11-758P17.3	0.0023642764058722523
AHSP	0.002364252706788705
RP11-478P10.1	0.0023642207543599874
HSPB1P2	0.0023637865749778653
Metazoa_SRP	0.0023637652320910407
U3	0.0023637462154714245
RP11-356J5.12	0.0023635779474747423
CICP23	0.0023635629786238677
OR7E7P	0.002363536722003212
TALDO1	0.0023634307336327137
FZD9	0.002362830391512725
CTB-60B18.10	0.0023627033962257626
RP11-10K17.3	0.002362097371495328
ZNF847P	0.00236205745404609
RNU6-43P	0.0023617916481598737
MROH6	0.002361005723395358
RP11-481A20.10	0.0023607736738098612
TBC1D9	0.0023605615613658875
RP11-3K16.1	0.0023601048429852498
RP11-436F23.1	0.0023594059871239093
AC011243.1	0.002359366346867706
PAUPAR	0.00235855350119779
RNU6-1057P	0.002358465871984197
Y_RNA	0.002358462988986159
RP11-933H2.4	0.00235826177727514
RP11-512M8.5	0.002358205266548701
AC097359.2	0.002358147188197233
CTB-33O18.3	0.002357976147202012
AC007312.3	0.002357908653225111
GBAS	0.0023578758042658737
RNU4-22P	0.0023577864078868547
RNA5SP460	0.0023576947997730824
RIPK2	0.00235760278694589
CTC-248O19.1	0.002357465098030382
CTC-559E9.8	0.002357404835628334
KRT18P39	0.002357337452718185
RNU4-50P	0.0023573160660528107
RNU6-30P	0.0023570853010034245
RP5-1147A1.2	0.0023568578328167027
RP11-267M23.3	0.0023566538959094445
AC007292.7	0.0023565812939121346
RTEL1	0.0023565301722540902
MIR648	0.0023559760434437712
USP12-AS1	0.0023557624249463025
RTP4	0.002355744163874566
AC104389.28	0.0023557135492305466
ATP1B3	0.002355399212294947
AC016751.2	0.002355332403306305
RNU6-761P	0.002355286278803893
CTB-113P19.4	0.0023551931149519262
TMEM167B	0.0023543546082681697
PCDH9-AS4	0.00235431588801213
AKIRIN2P1	0.0023539349002231176
RP11-861L17.4	0.0023536118596597074
RP11-391L3.4	0.002353150761067086
ASS1P9	0.0023530988684347543
AC064852.4	0.002353060413008618
MIR6864	0.002352993932845506
FAM21FP	0.0023527322653405527
FDPSP1	0.002352622156375571
SNORD114-12	0.00235240255287161
WAC-AS1	0.0023523070033353833
DENND3	0.0023518808080351433
RP11-405F3.5	0.0023516509103124407
RPEP1	0.002351599229496616
SNORD101	0.0023512425136839685
RELL2	0.002350182337422896
HMSD	0.002349981579655012
RP11-850F7.7	0.0023492127644157324
GPRIN1	0.002349163652049007
SMIM24	0.0023489248492756616
HMGB1P37	0.0023488000441961093
RNU4-14P	0.002348697005547711
RP11-167J8.3	0.0023484197016342746
AC017060.1	0.002348374162807716
TMEM55B	0.002348316988599935
FBXO5	0.002348020415419218
CTD-2308G16.1	0.0023479980139529777
RP11-302B13.5	0.0023476072098168772
AC021106.1	0.002347249683732184
RP11-770J1.7	0.0023469900517972043
RP5-1042K10.10	0.00234687109476424
RABIF	0.0023464143571333062
RN7SL75P	0.0023461429977036105
FTH1P15	0.0023458598282619088
RP11-488L18.1	0.00234551796210741
RNU6-608P	0.002345489196033832
CTB-160O22.1	0.0023451656395945125
RP11-93B14.4	0.0023450636243633545
RP11-36N20.1	0.0023448511439374442
AF129075.5	0.00234441149849225
PGM5-AS1	0.0023437654250794745
FAM83C-AS1	0.0023437543321000605
SNORA71B	0.0023436607614317024
RP11-253M7.6	0.0023436172687473045
RP11-963H4.2	0.0023425646596030715
AC009403.2	0.002342053213409184
RP11-375I20.6	0.002341854056211071
CTC-525D6.1	0.0023418224375339985
TCEA3	0.0023417394485109855
CATSPER2P1	0.002341698605687836
RNA5-8SP6	0.0023414196200135305
Y_RNA	0.0023410553389909207
CGA	0.002340978993064168
RP11-325K19.1	0.0023409501606777242
RP11-583F2.5	0.0023406972544850408
MIR152	0.002340682039540273
MIR181C	0.0023406619193022484
RP11-607P23.1	0.0023406464156043778
RP11-25B7.1	0.0023404666299693747
DGUOK-AS1	0.002340362844250305
AC007879.7	0.0023403501633637155
SAPCD2	0.002340106278026168
LINC00593	0.002340053143160211
RP11-686D22.8	0.002339789029135084
RP11-141E13.1	0.002339763651908148
RP11-653J6.1	0.00233951752693839
RP5-855F16.1	0.0023393813299805613
CTB-180A7.8	0.0023393455843230882
OR2T32P	0.002339296859979426
STARD13-AS	0.0023392149237242907
RPL10P8	0.0023388727656866812
RP11-789C2.1	0.002338858728765187
C22orf42	0.002338583686777828
ASCL2	0.00233846426879666
GCGR	0.002338370905484846
RP11-707E21.1	0.0023383540867229183
RP11-331K15.1	0.0023380988335890114
ANKMY2	0.0023373112485190954
TMEM220-AS1	0.0023371643096239364
RPS23P6	0.0023368172018343085
RP11-54H7.4	0.00233680149535555
RAB1C	0.0023365472120357228
OR2S2	0.0023362747610091695
Y_RNA	0.0023359999577367016
DLGAP1-AS3	0.0023357211182315624
RP5-884M6.1	0.002335577797759344
RP11-498M5.2	0.0023353834651301066
RP11-1060G2.1	0.002335349557092863
RP11-72L22.1	0.002335310632781837
RPL17P46	0.002335165954916473
FTLP6	0.0023347578277131075
RP5-1029F21.2	0.002334253375850985
RP11-269F21.2	0.002333483286558901
KRT18P5	0.002333217776810967
RP11-449G16.1	0.002332941881684237
RP11-18B3.2	0.002332820583854567
OSTCP2	0.0023323824621140944
NPM1P26	0.0023323128944813917
FUNDC2P3	0.0023316237521982057
SPATA20P1	0.00233140956031109
MTCO3P17	0.0023311674321925637
LINC00337	0.0023309264734989337
IGKV2OR22-3	0.002330790193819717
MTND2P16	0.002330767254386751
CXADRP1	0.002330139999169805
WBP2P1	0.0023297444124499543
MTND1P32	0.0023291071836957227
FAM66C	0.00232892276519329
OR4K12P	0.0023285000660868446
ANKRD20A21P	0.0023281853491319087
XCL1	0.002328157849508716
RP11-167N4.4	0.002328015513328402
KLF11	0.002327448652808881
LINC00339	0.0023273567345441326
EIF4EBP3	0.002326983061594853
RNU6-9	0.0023268730087245486
RAB40AL	0.0023267313919843897
RN7SL250P	0.0023265793824774096
KCNF1	0.0023265145646413333
RP11-53B2.6	0.002326412304580012
RP11-159D12.6	0.002325729398068829
TMEM9B-AS1	0.0023256787870624793
SLC45A3	0.0023256232394539963
RNU6-558P	0.002325442297611689
RPL22P22	0.002325366186950744
RP5-1065J22.8	0.0023252533731179625
TNFRSF10D	0.002324785909157875
RNU7-45P	0.002324592562179777
PITRM1-AS1	0.0023244901781624625
LINC01415	0.002323996985919513
UPK3BP1	0.002323880449747618
CLRN1-AS1	0.0023234802448631776
RN7SL263P	0.002323305575763969
AC073257.2	0.002323223190308352
RNU6-604P	0.0023225797580313677
MT-TD	0.0023225643847792766
RP11-98D18.3	0.0023221589859484673
OR7E59P	0.002321954994998186
RP11-98C1.2	0.0023219059703463427
RP11-789C1.2	0.002321686858670318
SLURP1	0.0023216578463083897
AC005624.2	0.0023215119960429183
MTND4P15	0.0023211689259065695
RPL31P49	0.0023209982192436015
RPL7P24	0.002320370408757673
LINC01486	0.0023203551309933946
CR848007.2	0.0023202392393678302
CFC1B	0.0023199245425165565
MIR194-1	0.002319859283864672
Y_RNA	0.0023197609817515443
LINC01258	0.0023195271311126126
RP11-622C24.1	0.0023190462966381155
RP11-727A23.10	0.0023188380907171076
RP3-521E19.3	0.0023187031344397923
RP11-139H15.7	0.0023176012135192156
SNORD114-16	0.00231758742585283
PEX5L-AS2	0.0023173389050332835
PLA1A	0.0023170909513079113
CNOT6LP1	0.002317019721898157
RNU6-767P	0.0023167948868859983
PLAC4	0.0023167148808517935
RPS23P1	0.0023164435471375415
RP11-66H6.3	0.002316347982268147
RP11-529K1.2	0.0023161010426435893
TAS2R40	0.002315825685658674
SMIM4	0.002315616322168122
AC009473.1	0.0023153930223038135
ZXDA	0.0023141947271518785
RP11-669N7.3	0.0023141595504152586
AC063961.1	0.002314036313414793
RP11-96A15.1	0.0023139645216296197
CICP27	0.0023137960104463455
KB-1836B5.1	0.002313553633472744
CTA-221G9.11	0.0023134994657686707
EXTL3	0.002313336005005297
AC005559.3	0.0023131693597703094
FNTAL1	0.002313153231224893
CISTR	0.0023129503334230386
RP11-285G1.9	0.002312530794102308
KDR	0.002312427083047181
RP11-799B12.1	0.0023121440176435107
CTB-25B13.5	0.002312143077167938
RP11-232L2.2	0.0023119245003219435
RP11-40A13.2	0.0023116329085625504
RP11-799B12.4	0.0023114514800720155
RNU6-1313P	0.0023112640155134104
HECW1-IT1	0.0023111932534778277
CTD-3247F14.2	0.0023111325250022735
RP11-521D12.2	0.0023109886754460957
AC026954.6	0.0023102239336560302
GS1-165B14.2	0.0023100509269934617
THAP12P2	0.002309898002147159
HIST1H4A	0.002309786360911081
IGHD1-7	0.002309720614342693
RP5-1022J11.2	0.0023093801663215375
RP11-726G23.11	0.002309329100890279
MT-ND5	0.0023090686164194125
AC011242.5	0.0023089748367690764
RP11-465I4.2	0.0023088361647448943
SPDYE6	0.0023087033629548594
SF3B5	0.002308225412867891
RP11-252A24.3	0.002308198630756372
RNU6-915P	0.002307782195542431
MIR7845	0.0023076987547935674
RP11-428J1.4	0.002307630463141812
RP11-279O22.1	0.0023073003423830997
SDHDP2	0.0023069595086041847
ARL14EP	0.0023069171345222778
STXBP3	0.002306762998617862
RP11-392O17.2	0.00230675011303708
RP11-981P6.1	0.0023065358324551527
SCRT1	0.0023064624437978557
RP4-798A10.7	0.00230629480291349
RP4-814D15.1	0.0023062372210661446
OR6J1	0.0023061857080205945
PTPN2P1	0.0023060055308147284
SPRY3	0.0023059806505224215
RNA5SP108	0.0023057410273436157
CTD-2410N18.3	0.0023057403470842707
RPP25L	0.0023055910876981136
ZSCAN5DP	0.00230530687342007
CASC6	0.0023051259551467715
RP11-620J15.3	0.00230511745726185
PIGFP1	0.0023044461904102786
SRP14-AS1	0.0023041428100431817
CTC-254B4.1	0.0023041113193331807
CHL1	0.0023038188461655513
AC127904.2	0.0023030860801396455
CLSTN2-AS1	0.0023030671345359846
C3orf70	0.002302994362627627
RP11-282A11.3	0.0023029563080053865
BFSP2-AS1	0.0023028046510854073
GPR20	0.002302803748246205
RP11-124B13.1	0.002302699782090422
EEF1GP2	0.0023026693939572794
RP11-557C18.4	0.002302396020029213
RN7SL452P	0.0023019019664095785
C6orf163	0.0023013620185252143
RP11-345I18.1	0.0023011580885823613
RP5-1092A3.5	0.002301110249528799
INHBB	0.002301101568081537
RP11-506E9.3	0.0023009002138541985
IGKV2D-28	0.002300574604208306
PCOLCE-AS1	0.002300433289733802
LINC00997	0.0023003373942714705
AC011995.3	0.0022999172249572645
RP11-195C7.2	0.002299898876030815
AC004549.6	0.002299871268371626
RPS20P15	0.0022995615863264434
AKIRIN2	0.0022992097149993154
RPS12P27	0.002299194631147646
RP5-1050D4.4	0.0022990769986746917
RP11-323J4.1	0.002299033010807789
LRRC53	0.002299024798621416
SUMO2P10	0.002298692564650759
RP11-255B23.1	0.002298549548867568
AC142391.3	0.0022982819522427284
AC103563.7	0.0022982804151101166
AC015923.1	0.0022979983168081607
FAM21EP	0.0022975947977419936
AL023806.1	0.002297577935079658
RPS3AP24	0.0022971564389480314
TSPAN33	0.0022970035833294166
AC092484.1	0.0022968731125759846
ZRSR1	0.00229658148011784
RNA5SP321	0.002296537095098725
FAM90A25P	0.002296404210862054
PGAM1P11	0.0022961920573205145
Z69666.2	0.002295989723453423
RP11-364M6.1	0.002295541650212194
DNER	0.002295352455355834
THEGL	0.0022952987994433794
TCONS_00029157	0.0022951064617736934
CH17-140K24.8	0.0022950734725908687
GPX7	0.0022950117742298265
RP11-168K9.1	0.002294936210722046
RP11-297K7.1	0.0022947994385441217
TRBV29OR9-2	0.0022943862968747347
AC005776.1	0.0022942432001704822
MTND1P16	0.002294069216899768
IGLV3-16	0.0022936929897172855
RP11-507J18.1	0.002293648571619965
SMPD5	0.0022936006863425195
RP11-5G9.5	0.002293361669074828
RP11-546K22.1	0.002292767183992486
EIF4BP9	0.002291866838401885
THAP1	0.002291754480984859
MIR6081	0.002291721991607487
AC011380.1	0.0022917141374652903
RP5-1042K10.12	0.002291663918110387
MAGEA7P	0.0022915056208541347
RP11-555H7.2	0.0022914082712561052
AC093716.1	0.0022913866475734288
C17orf67	0.002291302661148589
AGPAT1	0.002290519067939108
MTDHP3	0.0022904227453835304
AC114730.5	0.002290178883751507
AC159540.14	0.0022899339894102014
AC097713.5	0.0022895263209504325
RP11-1018N14.3	0.002289473331988872
CTD-2561B21.4	0.002289385553766701
AC005042.2	0.002289184872450447
ATP5LP3	0.0022889972589323236
RNU7-79P	0.0022888803237582672
RP5-827C21.1	0.002288698954370908
RP11-315A16.1	0.0022886762521811595
RP11-364P22.1	0.002287846586684716
PRG2	0.0022877319286986764
RPS7P15	0.0022875819085319974
CYP4Z1	0.002287503786121759
RP11-191F9.1	0.0022874570949359607
CH507-513H4.3	0.002287430641924657
RP11-325D8.1	0.0022873529767158
CTD-3074O7.5	0.0022873042211362
AC092675.3	0.0022872541085020587
RNU6-550P	0.0022870875905209617
CTD-2538C1.2	0.0022863609831430152
RP3-449O17.1	0.0022862741042006677
AC002984.2	0.002285728319067727
GAPDHP2	0.0022856020497635226
IGHVIII-51-1	0.00228507753589823
Y_RNA	0.002284939128298796
Y_RNA	0.0022847066919758977
CTC-232P5.3	0.002284505459147359
FAR2	0.002284402768788895
MIR3173	0.0022843946970178513
NANOGP8	0.0022843912739119797
ZNF843	0.002284069306731887
ACTBP13	0.0022840510456827267
RP11-505K9.3	0.0022840130197582837
RP11-386M24.4	0.0022838480006610877
TVP23BP1	0.002283828406244789
RP11-323I15.2	0.0022833790814342308
NEU1	0.0022833076506043903
PCDHB14	0.002283273137535934
RP11-900F13.2	0.00228316801333782
AC008985.1	0.0022831580434052464
RPF2P1	0.002282971758891149
RP11-345P4.9	0.00228288257992253
RP3-400B16.1	0.0022828766067543656
RP11-397P13.7	0.0022827999394069254
IGKV1OR9-2	0.0022825839729701093
OR7E19P	0.0022825824814471296
RP11-554E23.2	0.0022821707420117836
LRRC31	0.00228159352232795
RP13-225O21.2	0.0022814652949817243
SKA2P1	0.0022812718164015237
TM4SF18	0.0022811840873266267
U3	0.0022809306569476447
RP4-530I15.9	0.002280902590798825
OPCML-IT1	0.002280719386647588
CTD-2342J14.6	0.0022803926872084477
HAR1B	0.0022803541121067432
CTD-3162L10.5	0.0022801474489387826
RP11-91H12.4	0.0022801215554427772
NME6	0.0022799233625503527
RBP3	0.002279922630355871
RNU6-667P	0.0022798282280482316
PLLP	0.0022796756500536993
RP11-215P8.3	0.002279643671606886
OR6K3	0.002279396037082877
CTA-929C8.8	0.002279239831113572
RP11-79O8.1	0.0022785106179268374
NDUFB8P2	0.0022783932664785216
AC084121.17	0.0022783753004563378
RP11-712P20.2	0.0022781654328420577
AC009948.7	0.0022781535522028796
MLK7-AS1	0.0022778604586183014
RNU6-669P	0.0022775636293112097
SULT1B1	0.0022773004196018154
RP13-254B10.1	0.002276409311843461
DLX3	0.00227623396397822
DLGAP1-AS1	0.002276225562235393
RNA5SP337	0.0022759703939272866
RP11-1029J19.5	0.002275938608622962
CSGALNACT2	0.002275508877414571
IPMKP1	0.002275451271308348
QRICH1	0.0022751915851545743
IGLV11-55	0.002274465191730829
RP11-375N15.1	0.0022743709684585954
RPL21P116	0.002274368584181691
LINC01118	0.00227430805326707
KISS1R	0.0022741823713885016
CTD-2369P2.12	0.0022739080808176623
RP11-404E16.1	0.002273763798461996
RPSAP36	0.0022736616452493697
AC005150.1	0.0022736014198608263
RAC1P5	0.002272931963172821
RNU6-237P	0.002272602840758156
RP4-705O1.1	0.002272592945083541
AC104131.1	0.002272549963654931
COX7B	0.0022725269591642168
AC096664.1	0.0022724167898915083
RP11-242O24.3	0.0022723689689004576
RP11-2H8.3	0.0022717216035324055
LINC00029	0.0022716852377989297
FAM96A	0.0022707252471191827
SNRPF	0.002270623369223821
RP11-720L3.1	0.0022704642892752095
RP11-950C14.7	0.002270427512840393
MIR5685	0.0022704035309534677
RP11-96J19.4	0.00227036941250338
MIR548O	0.0022700743946224193
RN7SL743P	0.0022696032597418155
CIR1P2	0.0022694783633953543
CTC-246B18.10	0.002269416684385683
LINC01481	0.0022693670357434295
RN7SL100P	0.0022689697245190004
HMGB3P14	0.002268782125473614
Y_RNA	0.002268741478675358
CTD-2616J11.9	0.002268173465265389
RP11-616M17.1	0.0022674032686062634
ADORA2A-AS1	0.002267035685225841
LINC00403	0.0022669658068315505
AC098826.4	0.00226679607290306
USP11	0.0022667161168747124
RP11-579D7.8	0.0022666501169712667
ONECUT3	0.002266526750463359
COX6A1	0.002266269712381634
RP11-472G21.2	0.0022661490123014193
ZNF788	0.002265888905059811
SHE	0.0022658721016171365
RP11-1145L24.1	0.0022658545555100775
FMR1-IT1	0.00226585023456831
RP11-841C19.4	0.002265794623812205
DYNLL1	0.002265356277573045
RP11-310E22.4	0.0022651867127162282
RP5-1014D13.2	0.00226510657393332
PCDHGA9	0.0022647807784859295
TMEM223	0.0022644357131246565
FAM162B	0.0022639882423550663
CNTNAP3P5	0.0022637598863692538
OLIG3	0.002263641410143941
SLC25A6P4	0.0022636201962073143
AC016735.2	0.002263086728485362
RP11-529H22.1	0.0022629091798317246
RP11-798M19.6	0.002262759869412979
HIST1H2AB	0.0022627371447244992
VEGFD	0.0022626933795989266
LDB1	0.002262234492079574
AC003682.16	0.002261910664746762
PPIAP13	0.002261587397231147
AC027612.1	0.002261173670097147
UBE2HP1	0.002261138608002481
RP11-540B6.2	0.0022611096856332883
TMEM254-AS1	0.0022611029003702923
ZNF26	0.0022606518536089446
RP9	0.0022601437611165388
RP11-184E9.2	0.00225981749280245
NAV2-AS2	0.002259190880209846
HIST1H1D	0.002258907034633949
RP11-388K12.3	0.0022585691489866292
RP11-466F5.9	0.0022583780508464322
KRT9	0.0022583187605501355
RP11-670N15.1	0.0022581535189409455
NKX2-4	0.0022579221425069376
RP11-642D21.1	0.0022579044724900022
SURF2	0.0022576803271970353
NUDT8	0.002257358061636087
CTD-2378E12.1	0.0022571082522599255
LINC00377	0.0022566337224228057
SNORD114-10	0.002256578430323979
RP11-541M12.3	0.002256486941994274
Y_RNA	0.0022562122472649846
PNPT1P2	0.002255055932665687
UBTFL10	0.002254811340095045
RP11-303E16.3	0.0022546402205222776
RP11-369E15.4	0.002254477933566581
FHL5	0.002254317598832104
RPL36AP36	0.0022537690187076696
RNA5SP434	0.0022535847603480964
FOXC2-AS1	0.002253491835328324
YES1P1	0.0022533805564173394
ADGRA1-AS1	0.0022533329961916273
RP11-465N4.5	0.002253234111896364
RP11-333A23.3	0.00225323145632859
PLEKHF2	0.0022530936634161105
ASH1L-IT1	0.002253039335776505
RP11-991C1.1	0.002252892050199738
BIRC2	0.0022528063306299353
RP11-309H21.3	0.002252546161894993
UBE2L5P	0.0022524054632607564
RP11-475E11.2	0.002252196584115504
RP11-177G23.2	0.0022517507313184583
RP11-341D18.2	0.0022516769207401527
OR8A2P	0.002251534445490772
DKFZP434L187	0.002251340366582371
CTC-565M22.1	0.0022511678133076674
RP11-495P10.7	0.0022511661020553526
RP11-73M18.6	0.0022509507364717025
FBXO45	0.002250893020076988
XRCC6P4	0.0022508412258230577
AC007562.1	0.0022507813507755326
RP11-142M10.2	0.0022505686911071863
ONECUT1	0.0022502532270871553
RP11-286N22.14	0.0022501203369815013
RP11-789C17.5	0.0022501160478413016
CACNA1H	0.002249687276800206
CTB-131B5.5	0.0022495636243278693
LA16c-329F2.2	0.0022494360255062473
RP11-416H1.2	0.0022492704058141156
RP11-806L2.6	0.0022491718692140513
CCDC102A	0.0022491451770745717
IGHV3-36	0.002249121319325438
NAA11	0.0022489237823118333
RP11-59K5.1	0.002248772126222992
RP11-433A19.2	0.0022486001366895177
RPL23AP32	0.0022485606517681023
SNORA67	0.002248494776881241
RP11-127L20.3	0.0022482812759737824
FXYD6P2	0.002247720693820938
ATP5B	0.002247666805550886
RPSAP17	0.0022476429005458005
RP11-423P10.2	0.0022472744190212075
RP11-863P13.2	0.0022471952066080558
RPS29P6	0.002246876033151818
RP11-439E19.6	0.0022468520413556647
DPP10-AS2	0.0022467416311499513
RNU2-24P	0.0022466410442934124
LINC01446	0.0022460194884104077
LINC00396	0.002245958842105986
RPL21P66	0.002245876268488422
LINC00680	0.0022450937715717085
URGCP-MRPS24	0.0022448711538029967
MIR28	0.0022444067017726973
RP11-1060J15.4	0.0022442838986854465
GAPDHP1	0.002244154708117537
LINC01416	0.002244032799025098
AC079250.1	0.0022439858592861813
RP11-6D1.3	0.002243876680137727
RPS27AP17	0.0022437159133563466
SERBP1P3	0.0022434594727623776
MIR486-1	0.0022433488120724232
LSM5	0.002242974373931611
Y_RNA	0.0022428674913625166
EEF1A1P30	0.002242184391459347
RP5-855D21.1	0.0022420237159798315
RP11-40B20.1	0.0022420151261345073
PHBP11	0.002241709222662801
C2orf83	0.002241690771314632
BLOC1S6	0.002241645803756609
RP11-524F11.2	0.002241640830415651
RNU6-658P	0.002241323610665383
ADAMTS7P3	0.0022412931669617917
RP11-43D4.2	0.002240999479085695
MANEA-AS1	0.0022408314093504745
RP4-753M9.1	0.002240744546319825
HIGD1AP1	0.0022403554670968116
RP11-231N9.1	0.0022401626199924983
RP11-477E3.2	0.0022396122444922205
CTD-2553L13.7	0.0022395018423935274
ALG3	0.002239473752149395
AC004899.3	0.002239455409116007
AC135048.13	0.0022394276793927157
RP11-440E5.1	0.002239354854496136
RP11-413H22.3	0.002238760116234801
RGS5	0.002238759731390099
GPC6-AS1	0.0022387555407900766
C10orf25	0.002238515459719261
KB-1589B1.4	0.002238314120026303
RP11-252K23.2	0.0022381984443355027
RPS8P6	0.0022381154254153563
RPSAP58	0.0022381081168017956
SUMO2P7	0.0022378511849433743
ITGB5-AS1	0.0022376444819407976
HIST1H2AG	0.002237245821377237
RP11-521M14.1	0.002237193249616658
AC091633.2	0.0022370740845095343
RP11-13P5.1	0.0022369122519941584
RP11-702B10.2	0.002236749597685363
AC073130.1	0.0022366484499084485
RP5-981O7.2	0.0022365048025730205
CTD-2023M8.1	0.0022364677840594964
AC008271.1	0.00223593059086326
SNORD114-25	0.002235169381486505
RP11-142L16.2	0.002235108195567131
IL1RAPL1	0.002234944467203753
U4atac	0.00223488986800567
MIR4711	0.002234686079811852
RP11-775C24.3	0.0022345323824585267
CH507-9B2.1	0.002234089745855833
RP11-111J6.2	0.002233758193340723
CTD-2528L19.6	0.0022334643155891014
RP4-739H11.3	0.002233137909683216
RP11-779O18.2	0.0022329401247806464
RP11-98G7.1	0.0022324231575315905
AC002044.3	0.0022323289753963848
RNY1P12	0.002232321541964513
C14orf105	0.0022323036347252113
RP13-923O23.6	0.0022321969504178105
CBX1P3	0.002232084758027003
RP11-895M11.2	0.002231815486081975
MTNR1B	0.002231723852267304
RP11-245C17.2	0.002231427740688783
KRT18P59	0.00223106819319743
PPP1R26	0.002231048604923365
RP11-407N8.6	0.0022308467989149883
KRTAP5-14P	0.002230636668847572
RP11-478C1.7	0.0022305993029041143
NYNRIN	0.0022304341152085635
STX18-IT1	0.0022303447215705242
RN7SL316P	0.0022298940369719082
RP11-1029F8.1	0.0022296798531688225
KRT222	0.002229534443231645
CDK2AP1	0.0022293994910750387
GM140	0.002228990127091709
CTD-2324A24.2	0.002228900926240651
RP11-288G3.3	0.0022288157372943066
RP13-514E23.2	0.002228151417723007
MIR4634	0.002228101499130477
TMSB4X	0.002227705791630607
RP11-554I8.1	0.0022274148053654866
RP11-496D24.2	0.0022272123384729026
CTD-2201E9.2	0.0022271124291140154
CTB-111F10.1	0.0022270786723241494
RP11-361L15.5	0.002227033018764918
ACTL7A	0.0022270219811997677
COX20	0.0022268835973575487
AC018867.1	0.002226571396570391
FEN1P1	0.0022262460676510396
IGLCOR22-2	0.0022261651496642268
RN7SL273P	0.0022260386396085546
ALPPL2	0.0022259878131582404
STRAP	0.0022256835281482517
KRTAP16-1	0.0022256507001103937
RP11-182J23.1	0.002225619097935306
CTD-2619J13.14	0.0022255042004248387
SCARNA15	0.002225492613678864
RP5-867C24.1	0.0022254176298062522
RP11-434C1.2	0.0022253994119475224
RP11-576C2.1	0.0022250677084570763
RP11-144O23.22	0.0022250061673877984
HSPA9P1	0.002224993606120882
RP3-347M6.3	0.002224321156904617
RN7SKP30	0.002224268797435611
C6orf203	0.002224059327790298
RP11-163O19.16	0.0022239843668679098
XRN1	0.002223636317066876
CCT4P1	0.0022236271980583346
Y_RNA	0.002223325527811898
LA16c-380H5.1	0.0022227874095269926
RP11-900F13.3	0.0022226117750554627
RP11-10N16.3	0.0022225204433793592
IGHV3-76	0.0022224882498250403
RP11-160H12.2	0.002222471875938907
ZNF560	0.0022223478447107405
PRCAT47	0.0022220877142300867
RP11-358B23.7	0.0022219843180749576
UBA6-AS1	0.002220930974646873
RP11-342M21.2	0.002220752515551917
RP11-356I2.4	0.002220499022630289
RP11-1094M14.7	0.0022204617197385487
PPP1R26P3	0.00222036379760548
RP11-362K2.2	0.0022197643954931052
SNORA16	0.0022195567202698266
RP11-447D11.3	0.002219412329400657
KRT8P29	0.0022190602374014836
AC005480.1	0.002219005460811519
ZNRF2P2	0.0022187634877616725
MIR26A2	0.002218601719733938
VENTXP7	0.0022184322320597046
RP11-328K15.1	0.0022182956958978098
CYP4F25P	0.002218240862144167
SEPHS1P4	0.002217664815914165
RP11-927P21.6	0.0022175123346302177
RP11-284H18.1	0.002217278819436928
CTB-33O18.2	0.0022171798016696175
MTND4P4	0.002217025547275338
IGHV3OR16-7	0.0022164235705745827
RNA5-8SP5	0.0022162742684721146
Y_RNA	0.0022162602252664893
PIK3CA	0.0022157164844149174
FLRT1	0.0022149524549985784
RP11-37O16.8	0.0022146669043342634
PCNPP5	0.002214393633844227
RP11-60A24.3	0.0022137825426288256
RPRM	0.002213035102785983
HMGN2	0.0022127877631779765
RP11-400N13.3	0.0022126261004487874
PFN1P4	0.00221250734834902
KIF1BP	0.0022124929365508754
CIPC	0.002212435212778973
RPS3AP47	0.0022117226631077304
RP11-262M14.2	0.002211658775826953
JOSD1	0.0022116128902086593
ARL4C	0.0022115698077995885
CSNK1A1L	0.0022114716750055254
AC012456.4	0.002211407484106076
RP11-17G12.2	0.0022112193375956337
AF003626.1	0.0022109785181262335
HIST1H4J	0.00221084141155544
U3	0.0022107395423021157
RAC3	0.00220998341114451
MAGEB6P1	0.002209511295576739
RNY1P4	0.002209376300762083
AC005540.3	0.002209326473524423
FCF1P1	0.0022093075538486594
MT1JP	0.0022092905737698754
C21orf140	0.0022090666573372298
ESRRAP2	0.0022087575860159367
AC063976.1	0.0022086417293850653
RNU6-994P	0.002208374658158838
HPF1	0.0022078364210537096
EEF1A1P39	0.002207774243693799
RP11-405O10.2	0.002207509312917495
RP11-203J24.8	0.0022069992609400828
IMPDH1P8	0.002206979925681999
LYRM1	0.002206721602257617
RP11-546M4.1	0.0022066463661121437
RP4-616B8.6	0.002206635840261407
KRTAP5-3	0.002206333912121591
KRT82	0.0022062792226341427
RP11-218M22.2	0.0022057732944384656
KLK1	0.002205705727462704
GS1-541M1.2	0.0022055194959383993
RP13-140E4.1	0.0022052323786184366
RP11-504I13.2	0.0022052142408540147
RP11-443O13.3	0.002205058668129654
RP11-278H7.4	0.002204270848894268
RP11-498C9.15	0.0022039121216681813
RP1-164F3.8	0.0022037681689210317
RP11-513I15.6	0.0022036895768097033
MIR1273D	0.002203611125995569
ESRRAP1	0.002203078519060587
CTA-212D2.2	0.0022028212847291923
RP11-56B16.6	0.002202678383193171
MAFA-AS1	0.002202492840977653
RNU6-61P	0.002202153242874615
RN7SL788P	0.0022020540879786905
TAS2R31	0.002201983820992052
AC016722.4	0.0022017370588445755
RP11-157E21.1	0.0022017261025646193
MYL7	0.0022015799464463587
MIR8066	0.0022013731752997053
FKBP4	0.0022012538031564778
RP11-120M18.5	0.0022009405306602694
CYP2B6	0.002200888790341497
SLC5A8	0.0022008406267429066
SLCO5A1	0.0022005227756541563
RP11-315L6.1	0.0022004059369392028
RP4-635A23.3	0.0022003971519680616
RP11-66N24.7	0.0022003764179586863
RP11-461O7.2	0.002200057989035284
RP11-150D5.2	0.002198963943022005
RNU6-1324P	0.002198893326794085
FAAP24	0.002198631132824304
ABCF2P1	0.00219793054130611
UGT3A2	0.002197697959541584
WNT5A-AS1	0.0021976447454100452
SLCO6A1	0.0021976392297961573
MUC5AC	0.0021975959417585515
ATP5I	0.002197456984928517
FAM35DP	0.0021974502216165243
OR2H2	0.0021974147868906472
RP11-161H23.5	0.0021971276508561217
CCT8L2	0.002196959995122085
SNORD13P1	0.002196850663640217
MT-CO2	0.002196744659009327
CTAGE6	0.0021965311254069446
RP11-638L3.2	0.0021962360889622515
PPEF1-AS1	0.0021959820071189525
RP11-231C18.2	0.0021947212428462403
KCTD4	0.0021946868944178054
RNU6-82P	0.0021944645023232465
CTC-548K16.1	0.002194432866332019
AC024937.4	0.0021942561318277288
RP11-129B9.2	0.002193936636754445
PPTC7	0.0021938877719856445
RP11-284F21.9	0.0021935444220890312
AGGF1P8	0.002193489970186922
CTA-397H3.3	0.0021932099418254564
IFRD2	0.002193140232033321
RPL18AP3	0.002192952447970246
RP11-326C3.11	0.002192434035089073
UBE2V2P2	0.0021922301577600397
GINS2	0.0021918852054472514
CTD-2620I22.3	0.0021915454581862277
IGHV2-5	0.002191137427984972
ZNF816-ZNF321P	0.0021910166474470964
RP11-566E18.1	0.002190938681423664
RP11-436K8.1	0.002190787249436403
TMEM191A	0.0021905931621395516
CTC-454I21.4	0.002190580230575848
XXbac-B135H6.15	0.0021905313440456287
RP1-40E16.12	0.002190388965267198
RP11-822E23.8	0.0021898942084557864
C9orf41-AS1	0.002189810884935192
RP11-274B21.14	0.0021896584444202694
PDZK1P1	0.0021895482488068605
GALNT8	0.00218928285989418
C1QL4	0.0021892003030895228
PTEN	0.0021891989281102526
RAB7B	0.0021891563904669546
RN7SL833P	0.002188955467460235
AC104653.1	0.0021885366946377007
ADSS	0.0021884826467801722
RP3-460G2.2	0.0021883441159997324
RP11-770J1.5	0.002188266438283523
MT-CO3	0.0021881483667807655
RP11-428C6.2	0.0021878235487224136
RP11-62G11.1	0.002187600115702572
RP11-388N2.1	0.0021875076761222276
EXOC7P1	0.0021873861898479723
ANKRD26P4	0.0021865356528265345
RP11-489G11.3	0.0021863864312660153
DYNC1I2P1	0.0021862549326216183
HAS1	0.0021862510387370294
FAM72A	0.0021862286075765443
OR5B21	0.002186156141863187
SMU1	0.002186034654626861
EEF1A2	0.0021858540204451613
RP11-749H20.1	0.0021856792042466177
LA16c-431H6.7	0.002185589310997562
RP11-353N14.5	0.002185473899801968
RP11-43D4.3	0.002185178145092666
RP11-1246C19.1	0.002185025940648244
RP11-459O16.8	0.0021848817414864444
CTD-3239E11.2	0.002184682761990273
RPS4XP23	0.0021846162988548843
AC008753.3	0.002184558496908569
PCDHB10	0.0021841779385709556
GKN1	0.0021841232559285818
SOCS5P3	0.002183836233213284
YEATS4	0.002183506014001325
RP11-332H18.5	0.002182801396048193
HNRNPA3P9	0.0021826923605155813
RP11-513H8.1	0.0021826494221537777
RP4-650F12.2	0.0021823206595118585
RPS10P14	0.0021820827847855535
IGHV3-35	0.002181912680421521
RP11-446E24.3	0.002181881671702747
HIST1H2BI	0.002181529290561889
RP11-178F10.2	0.0021813223776464097
CEP83-AS1	0.002181170481138911
CTGF	0.002180975653395976
DNAJC27-AS1	0.0021808587747498727
RP11-549K20.1	0.002180792991172173
MIR140	0.0021807275000739427
RP11-49K24.4	0.002180316733783227
RCC2P6	0.0021802068755181632
KCNJ6-AS1	0.0021792588888047896
Y_RNA	0.002179010324827754
RP4-654C18.1	0.0021788616793300937
RP11-305F18.1	0.002178623998000507
PCDHA4	0.0021786232417562897
RP4-756G23.5	0.0021783363239029872
EIF5AL1	0.002178126869929096
EEF1GP7	0.0021779653354765133
CDC42EP5	0.0021778734046748937
GS1-115G20.2	0.0021777406187756185
COX6A1P2	0.0021776845853503416
RP11-696D21.2	0.0021772671369756666
CTD-3194G12.1	0.002177236786540324
CTD-2135D7.3	0.002177013002941904
ZPR1	0.0021769172986002066
RP11-241F15.7	0.0021765815085099754
MIR488	0.002176272447110864
FBXO48	0.002176217547709151
RP11-565N2.2	0.002176149891898906
RPS7P6	0.002176053259241081
PINLYP	0.002175989626179801
RPL17P33	0.0021757980353619604
MBL1P	0.002175605734530135
MIR601	0.0021751438863306886
LINC01335	0.0021750406589554896
RP11-173D3.4	0.0021749666551634014
HMGN2P28	0.002174945778050092
C14orf2	0.0021748442423789563
RP11-402G3.4	0.0021744338120672957
RP11-39E3.4	0.0021742832426433797
RP11-151A6.6	0.0021740109381446346
CTD-2008P7.5	0.0021737910061581513
SPRN	0.0021737237016726542
RP11-641C17.1	0.0021735317134055007
RP11-700P18.1	0.002173090531215429
CYP1D1P	0.0021727107620696236
CICP12	0.0021722647721819613
DCTPP1	0.0021721574806822094
RP11-485M7.3	0.0021720065020100947
RPL5P7	0.0021717637911787316
GPR26	0.00217147103463531
Y_RNA	0.0021708302162480268
HOXC12	0.0021707249241099988
RP11-20G13.1	0.0021705505985233
RN7SL574P	0.002169868882670292
FABP7P2	0.002168282717975372
RP11-111K18.1	0.0021682603802660105
RP11-321N4.5	0.002168197141690178
PCAT14	0.002167626733720887
RP11-620J15.2	0.0021675577409082467
RP11-379P15.1	0.0021672750818616444
RP11-659E9.2	0.0021671521654984135
PCF11	0.0021670161980197338
RN7SL507P	0.0021666345638771357
TGIF2-C20orf24	0.0021665307160501873
RP11-635N19.2	0.002166517786873333
RP11-498C9.17	0.002166517087354658
CTD-3214K23.1	0.0021663250415463915
COPS8P2	0.0021654902358611812
RP11-45M22.4	0.0021653457754102815
RP11-488C13.1	0.002165215993602173
SLC9A9-AS2	0.0021646794922295905
AC005609.16	0.0021644298656546524
RP11-28H5.2	0.0021638244088558957
RP11-1365D11.1	0.0021637910560316394
RP4-753F5.1	0.0021637525364254897
RP3-522J7.5	0.0021635101059050733
C2-AS1	0.002163396610751941
RP11-16K12.2	0.0021629775714562156
AC010894.4	0.002162948460151626
MCFD2P1	0.002162742348382582
RP11-53B2.4	0.002162675774721789
KRT8P23	0.002162505203305484
MTATP6P17	0.0021624526388816776
RP11-480I12.10	0.0021622238896727443
CHCHD2P9	0.002162219505642731
Y_RNA	0.002162023559819002
CTBP2P5	0.0021617634986746894
RAB28P1	0.002161661201329945
RP11-806K15.1	0.0021614475894699645
CNN2P9	0.00216135996437096
RNU1-56P	0.0021610247947706496
EIF4A1P9	0.002160932450829652
RP11-229P13.25	0.0021603574367788205
UTP3	0.0021598214516119815
GOLGA8S	0.0021589209240417497
HIST3H3	0.0021589188002699385
RP11-800A3.3	0.002158638923945465
NIFKP2	0.002158455909114883
RP11-261B23.1	0.0021583950010429774
Y_RNA	0.0021583891707537975
AC002310.12	0.002158227753887966
LYPLA2P1	0.0021577038179596587
NIP7P3	0.0021575014578341183
RP11-757O6.6	0.0021573815543558623
ST20-MTHFS	0.0021572085777803356
SERPINE3	0.0021570145162930466
LINC00844	0.002156756714388959
RFTN1P1	0.0021566596646832256
CTD-2033A16.3	0.0021565447525296664
RP11-863K10.4	0.0021565386000865923
CREB3	0.0021565071398589033
RP11-332H14.2	0.0021564537100489476
RP11-171G2.1	0.0021563797047627455
MEX3B	0.00215631713726839
VN1R21P	0.0021561947678487617
RNA5SP237	0.00215615194082326
RP11-284F21.7	0.0021558733451799922
RP11-379L18.3	0.00215553166662444
RP11-229D13.3	0.0021555016639837814
RP1-182O16.1	0.002155291704385964
CTD-3035K23.6	0.0021552139243887864
CTD-2555O16.1	0.0021550736265556515
STK4-AS1	0.00215503616353505
RP11-563E2.2	0.002155013486969601
NPW	0.0021546936068112844
RNU6-893P	0.002154613031260083
Y_RNA	0.00215421992532501
DNAJC5	0.0021537895146108168
ZC3H3	0.0021536586213132267
RP11-79H23.3	0.002153531849813787
CTC-260E6.3	0.0021534641078495825
HNRNPA1P10	0.0021533824191946084
RP11-391H12.8	0.0021528295416852446
RP11-251G23.5	0.0021527071007702717
RP11-145A3.2	0.0021525136326705106
OXCT2	0.002152446359436413
RP11-395N21.2	0.0021521007141908303
NAP1L1P1	0.0021520443654715208
RP1-178F10.1	0.0021520057139557155
OLFM5P	0.002151811109473337
OTUD3	0.0021515504128332944
RP11-65F13.3	0.0021512235552707862
RPL21P67	0.0021507607033537765
NANOG	0.002150757587974927
AC098820.2	0.0021504213726834193
MTND1P3	0.002149625633608902
ADPGK-AS1	0.0021495028820933608
RP11-54P19.1	0.0021493198012266256
RP11-1084J3.3	0.0021492933693959206
RP11-629B11.4	0.0021492911565561094
RNU6-90P	0.0021486541056057176
SNORD1B	0.0021484146107278363
RP11-76E17.3	0.002147540552453572
RP11-543H23.1	0.002147118808572842
MIR649	0.002147043107647937
RP11-166B2.3	0.0021467980805280687
RP11-611E13.3	0.0021467840350767597
AP001172.3	0.0021467279293794737
RP11-1212A22.8	0.0021466607924222492
POM121L4P	0.002146652569015972
RP11-603J24.4	0.0021461654313133624
BMS1P15	0.0021456890811327595
SCARNA2	0.0021453615917732716
RP11-65J21.4	0.002145182132382149
RP11-669B18.1	0.0021451615194639706
AC004837.5	0.002145071914033023
RP11-449D8.2	0.002145061736289974
C1GALT1P1	0.0021449341112378187
RPL18AP15	0.002144844955351417
MIR3116-1	0.002144284932185702
ZNF697	0.002144248710524299
GNA15	0.002144213535363063
TFAP2D	0.002143276455074561
AC019080.1	0.002143016783623345
RP3-425P12.2	0.002142737682718859
AC010900.2	0.0021426077202936523
AC068499.10	0.002141871937512308
MGAM	0.0021418200991577614
RP11-210M15.1	0.0021417146453082073
BOD1	0.002141460560795805
SMAD1-AS1	0.002141186473961801
RP11-110H1.8	0.0021411032211652633
RP11-522I20.3	0.0021410210487202035
HMGN2P30	0.002140791672668516
DRD5P1	0.00214001838267947
MIR184	0.002139929812853679
CEBPB-AS1	0.0021399283745248882
PDGFC	0.0021398307846867896
CTD-2589H19.6	0.0021396422736843367
EIF4A1P2	0.0021395981345317164
HCG24	0.0021392216157434607
ANKRD28	0.002139119446690847
RP1-102G20.2	0.0021388535705166092
MIR4664	0.0021388335512753133
RNASE9	0.00213873348143917
RP11-119D18.1	0.002138685341324919
AC009501.4	0.0021386638665605263
S100A2	0.002138582769081219
OR7A5	0.002138181855162781
COMMD10	0.002137652422557541
RP11-945C19.4	0.0021376197110560473
RP3-518E13.2	0.002137378708473543
RP5-966M1.5	0.0021372263525041425
HIGD1AP16	0.0021366094052787357
RXFP3	0.0021361159760588935
DUBR	0.002135636895234086
RHOT1P1	0.002135512318270898
RP11-685A21.1	0.0021353960874450095
RP11-215P8.1	0.002135236629295711
PSMD7	0.0021347724458268703
LINC01298	0.0021347711439307724
MMP10	0.0021343913401033
DISP1	0.002134289186884155
AC108938.5	0.002134236811373922
RP4-576H24.4	0.0021340438898064
ABCB10P3	0.002133794600684234
WDR7-OT1	0.002132688905597317
CTC-429P9.1	0.0021326391499871824
ARF4P2	0.0021324764552391007
VN1R38P	0.0021324688563575467
RP1-17K7.1	0.002132434897049399
RNU6-230P	0.002132037707538811
GTF2IRD1	0.002131931644510631
SNX31	0.0021316591581824447
MIR5579	0.0021316436995201197
RP11-175G14.2	0.0021315898288687117
RP11-159H10.3	0.0021315253890984865
CELF2-AS1	0.0021311379870634843
RP11-111H13.1	0.0021309971540382127
RP11-888D10.3	0.002130913071410251
RP11-603K19.1	0.0021302215965137844
MAGI1-IT1	0.002130195626983963
RPL7P15	0.0021300816144480517
RP11-749H20.2	0.0021300270732534567
FOXO6	0.0021298533295687674
CENPVL1	0.00212968641998508
AC012368.1	0.002129679792256353
TDO2	0.0021295645696072546
CTD-2533K21.3	0.002129356536763914
AC010970.2	0.0021288094109638937
LRRC55	0.00212871336244488
RP6-186E3.1	0.0021286083937417503
CAMSAP3	0.0021283216229091933
RP11-732A21.3	0.002128145573720219
GATS	0.0021280970804378723
RIMKLBP2	0.002127877647516788
AC104532.3	0.0021277758699528937
RP11-1191J2.4	0.0021276636462403205
INTS6P1	0.0021271547876948343
RP11-454F8.4	0.002127011612124178
SAYSD1	0.002126533133931382
TOX4P1	0.002126468559794712
RP11-442N1.1	0.002126131168070898
VPS52	0.0021260600102007607
AC005237.2	0.0021252486426825814
RP13-157F18.2	0.0021249258969618383
AC006378.2	0.0021245451988146044
CTD-2583P5.1	0.002124451476580775
LINC00273	0.00212392396518403
RN7SL441P	0.0021233055521976507
RP4-771M4.2	0.0021229494248958263
PMP2	0.002122944179056956
CTD-2218K11.3	0.0021229070801741775
IGHV3-48	0.002122834802959948
RP11-325L12.3	0.002122381318767747
PMS2P1	0.0021223074935678176
COL18A1-AS2	0.0021218416166546294
RP11-897M7.1	0.00212170566848631
MTCO1P42	0.002121582120466637
RNU6-859P	0.0021214484214144226
RP11-398H6.1	0.00212122089006321
CTD-2525I3.6	0.0021212175944611824
MIR550A1	0.0021211925673624288
OR7E155P	0.0021211906971770004
GS1-304P7.2	0.0021210667343944676
MIR3181	0.002121018638296818
RBBP8NL	0.002120992679762258
HAUS6P3	0.0021207644743851954
GLULP3	0.002120550007370336
GCSHP4	0.0021205137090802412
RP11-62C3.6	0.0021203829003967178
RP11-136F16.1	0.0021200860210934865
TRIML1	0.0021200471405349386
RP11-151H2.1	0.002119734889265543
MED10	0.0021196903632215384
RP11-323I15.3	0.0021195978957503523
SCARNA7	0.0021193815956930405
BMP2	0.0021193806745350794
LINC01284	0.002119284732795486
RANBP3L	0.0021192618625477462
RP11-154H17.1	0.0021192211348928197
DDX18P3	0.0021191527639530592
SUMO2P4	0.0021190417949469467
MIR656	0.0021189587481377516
RN7SKP203	0.0021188892531727155
CTD-2366F13.2	0.0021187068343475122
RNU6-616P	0.002118660223937276
MAPK6PS4	0.002118477485879241
RP11-466F5.3	0.0021182595624770336
RERG-IT1	0.0021180032853481768
RNA5SP468	0.0021179593036001055
MIR3149	0.002117852291814371
RP11-542K23.9	0.00211777171359252
KCNJ14	0.0021176374887937983
SAR1AP4	0.002117636489147125
RPS2P32	0.0021175649466097465
RP11-335O13.7	0.00211743787264671
CTD-2024P10.1	0.0021173574238256034
SULT1E1	0.002116972307853401
RP11-468H14.1	0.00211696338425341
RP11-128N14.5	0.0021166738192155
RP11-10C24.2	0.002116096592598321
LINC00371	0.0021155235594336416
RP11-99A14.1	0.0021154766246318842
AC067945.3	0.0021154670520978766
RP11-676J12.9	0.0021153066245439
ACP7	0.0021149949183887273
CTD-2008L17.2	0.0021149940119771305
RNU7-141P	0.002114942900513192
HNRNPA1P34	0.002114909792330271
RP5-1024N4.5	0.002114797777772848
RP11-478B9.1	0.002114461681827648
RNF208	0.0021138627175634273
SBF1P1	0.0021138227541618792
GPANK1	0.0021137815450381647
Y_RNA	0.0021136599383838996
SST	0.0021133882914488255
RP11-325D15.2	0.002113279549879212
RPSAP47	0.0021130705459101334
RP11-77A13.1	0.002113032565913209
RP5-855D21.3	0.0021130285921761916
RP11-401P9.6	0.0021128016149604
RPSAP35	0.0021126988217154397
BRD7P5	0.002112309047628586
RP4-777L9.3	0.0021122959089616314
RP11-1000B6.8	0.002112139170399444
TRIM65	0.0021118763049368544
RP11-325I22.3	0.002110847986148208
CTA-228A9.3	0.0021108267922100507
TMEM183AP1	0.0021102179952070866
RP13-492C18.2	0.0021101355776498676
RP11-19D2.2	0.002110036834652418
LINC01139	0.002109819255089715
MIR539	0.002109614973910856
RP11-546O6.4	0.0021090935734385603
MUPP	0.002109048552332842
HINT1P2	0.002108801876680943
NHP2P1	0.0021084647251127394
RP11-748L13.6	0.002108389797628781
MYO19	0.002108326775085861
RP11-762H8.1	0.0021082628127939147
PCNPP3	0.002108018393010566
RP11-29B11.5	0.002107979291659429
DDA1	0.002107964450178611
LSG1	0.0021079267659705296
RP11-150O12.4	0.002107775150013021
SBDS	0.002107744639176741
RNF115	0.002107564250030794
FLVCR2	0.0021074504990953647
IFIT2	0.0021072824322249176
SUB1P3	0.0021071496512187495
MT1P3	0.002107139096542628
Metazoa_SRP	0.002107119058907475
BTF3P10	0.002106837595413358
GALR3	0.0021067070647481706
RP11-753A21.2	0.0021066827751989106
AC005795.1	0.0021066767594718925
RP13-150K15.1	0.0021066522872856624
SSX1	0.0021064742006837557
LINC00165	0.00210618077180179
PTPN9	0.0021057059083530406
RPS26P3	0.0021053176411053092
SMCO3	0.002105014911203741
CTSS	0.002104732636247494
SUMO2P8	0.002103629125342052
RXRB	0.00210359390049537
RNU6-853P	0.0021027538737908177
RP11-614F17.2	0.00210257636104606
SNORD116-13	0.0021023471570213318
MTND2P13	0.002102189272379126
CTA-833B7.2	0.0021018773253992473
AP000290.7	0.0021018305699781314
MAP3K5	0.0021018258632411325
COQ10BP2	0.0021017096396690554
LL21NC02-1C16.1	0.0021016339443898514
RPS10P5	0.002101526344594661
RP5-998G20.1	0.0021014843440332934
LL09NC01-254D11.1	0.002100695162912867
RNU4ATAC11P	0.0021005663300272632
KRTAP9-12P	0.0021005164112920124
RP11-347C12.10	0.002099604393163938
IFFO2	0.0020993791154936678
OR3A2	0.0020993642955492984
IGHV3-62	0.002097853811465228
RP11-667K14.14	0.0020978070898092353
FAM181B	0.002097749468802856
BUD31	0.0020973471915962413
B4GALNT3	0.002097137159921595
HMGB1P24	0.002096496565184502
LINC01252	0.0020953712941917863
CTD-2013N17.4	0.0020953520495132056
LINC01447	0.0020952807803497155
RNU1-30P	0.0020951877640587447
AC010132.10	0.00209500625996728
RP11-693J15.6	0.0020949971220951464
RP11-476M19.2	0.002094838834634359
RP11-77K12.9	0.002094838464655877
AC012123.1	0.002094715248200637
RP11-554D20.2	0.0020942808513335315
RP11-511H9.3	0.002094139040431334
LINC01423	0.002094019594980593
AC090018.1	0.0020939930512617164
RP5-1120P11.3	0.002093944742769888
RNU6-45P	0.002093747866580681
RP4-800G7.1	0.002093733511927187
RP11-757G1.6	0.0020936979276420077
RP11-264L1.3	0.002093544561376638
TMEM92-AS1	0.00209293731625531
RP11-420C9.1	0.00209261034466295
AURKAPS2	0.0020920178978374435
RP11-539E19.2	0.0020919980912746444
IGHV3-53	0.0020918715453609113
S100A11P1	0.002091677596402583
TXNDC5	0.002091562744487062
RP11-101E13.5	0.0020905309331907995
PGAM1	0.002090085471133561
DPH3	0.0020900020400550054
ZNF99	0.0020899177203993783
RP11-544A12.4	0.0020896989419397854
RPS4XP13	0.0020896183614153682
RP11-113C12.2	0.002089523354453828
MTATP6P26	0.002089298752227239
AP000289.6	0.0020892753694118204
NME1	0.0020889263774323437
TDGF1	0.002088675728288449
AC012442.6	0.002088537603655859
HIST1H3D	0.0020884509770359065
BASP1P1	0.0020882659026693084
AARS2	0.0020882191119967193
LINC00415	0.002088038828843875
AC000120.7	0.0020879552942890366
BMS1P9	0.00208763066690674
RNU7-127P	0.0020873732788309176
RP11-999E24.3	0.002087244596582979
VRTN	0.0020871213965822245
CTC-534A2.2	0.002086450495719505
FTH1P7	0.002086404388097006
LDOC1L	0.0020862710149499026
SPEN	0.002086089026388374
CYP7A1	0.0020859712987730864
IGKV1OR10-1	0.00208572916328487
RP11-229O3.1	0.0020857186116195977
CTD-2195M18.2	0.00208566401802039
RP11-379L18.2	0.0020850600930114576
RP11-613E4.4	0.0020850020714390832
RP11-118D22.3	0.002084629220728466
YBX1P5	0.0020843504480213895
RP11-227D13.1	0.002083959460185004
RP5-1139B12.3	0.0020837428588089345
SUPT4H1P1	0.002083549074726594
RN7SL778P	0.0020830203311078084
PGCP1	0.002083001130782396
SNORD19	0.0020827743523968057
NPBWR2	0.002082600689545975
RNU7-110P	0.002081740642070743
AL356806.3	0.0020815090674877234
ZNF676	0.002081412296500744
TTC37	0.0020812794701634027
RP11-63A1.2	0.0020811298034736263
RP11-678G14.4	0.002080666608270956
KRT18P31	0.0020806638208817987
RP11-434P11.1	0.002080615392069683
THAP10	0.002080440840708605
CTB-140J7.2	0.0020804332417298133
SNORA75	0.002080354749301496
RP5-1112D6.8	0.00208015107651527
MIR6129	0.002080116602720405
AL355480.2	0.0020798383419511177
AC011747.3	0.002079357570808506
RP11-173A16.2	0.0020792677488259636
LINC01219	0.0020791521421845665
SNORA76	0.002079130622536714
RP11-33I11.3	0.0020790543836213438
ANKRD20A18P	0.002078981155814714
RP11-330M2.4	0.0020788631579025142
KCCAT333	0.002078763673619403
UQCC2	0.002078660332037552
RP1-290F12.3	0.0020782573950188857
HOXC10	0.0020780243680491558
LYPLAL1-AS1	0.0020778175602763366
MTHFD2P4	0.0020777937612358978
PXN-AS1	0.002077763213392974
MAP1LC3B2	0.002077750509904338
ZNF581	0.002076886462102475
RP11-574K11.27	0.0020763308231250503
YBX1P2	0.0020760793299387376
KRTAP3-3	0.0020758749399970543
LYG2	0.0020758257885339568
AC005176.1	0.002075810572671378
RP13-653N12.2	0.002075500966142118
SDHCP4	0.002074742497964019
RP11-96P7.1	0.0020745552235929146
RN7SKP128	0.002074378507567839
LINC00471	0.0020741927652859838
LDHAP3	0.0020741198503410932
RP5-849L7.1	0.0020740441258752696
SPP2	0.0020739525709502714
RP11-145P16.3	0.0020737528142272493
RP11-605F22.1	0.0020736516302768022
RPS20P20	0.002073558434240299
NDP	0.0020733252218869767
RP11-672L10.3	0.0020730571596951556
HADHAP1	0.0020729643261734347
RP4-714D9.4	0.0020728182112587728
MIR378B	0.002072631756870635
EIF4EP5	0.0020723873452883337
ARL6IP5	0.002072322495258112
RP11-55L4.1	0.002072220499975402
RP11-294N21.3	0.0020717612927319477
RP11-13K12.6	0.0020716443661060653
MIR889	0.002071546958198176
SRP72P2	0.0020711847047764458
RNY4P25	0.002070909198098934
RP11-498D10.3	0.0020709006033026583
DTX3L	0.0020708940007696137
ARF4	0.002070860572632483
UBR5-AS1	0.0020707808380761644
HSPA1L	0.002070614185839265
LINC01003	0.002069308762382571
SDAD1P2	0.002069211709706307
UBALD2	0.0020691790245298994
RP11-932O9.8	0.0020686767014258937
OTP	0.002068486184023294
EPHA8	0.002068229053785184
HSPE1P4	0.002068193964213946
NR5A1	0.0020680765454941675
CTD-2033D15.3	0.0020680014745819548
AC083899.3	0.0020677163695928063
AC011524.2	0.0020675000268588774
RP11-49K24.3	0.0020672358280782177
RP11-318K12.3	0.002066930597507189
IPO5P1	0.0020669182584220265
RNF113A	0.002066490059333233
BARD1	0.0020664182260194054
hsa-mir-548d-2	0.002066261003679679
TAS2R14	0.0020662171966427394
CTD-2201E9.1	0.0020661145906441104
RP4-631H13.6	0.002066030482308923
PAN3-AS1	0.002065776487149893
VDAC1	0.0020656235501069547
LINC01250	0.0020654320533589994
RP11-606P2.1	0.0020651642764316666
AC007790.4	0.002065105294213365
RP11-624M8.1	0.0020634518762079673
ZNF69	0.002063376412546348
TMCC1-AS1	0.002062973590611938
RP11-443G13.2	0.002062709508496643
CHAMP1	0.0020620289121247217
TEX19	0.0020619493847210107
RP11-582E3.2	0.0020613540326189814
CHTF8P1	0.0020606902716248147
H2AFZP4	0.0020606578727291078
RP11-214K3.21	0.002060536564574398
AP000959.2	0.0020597394766556578
RP11-212E8.1	0.002059680210577558
RP11-264J4.10	0.0020595599572573757
RNU7-43P	0.0020592918042404355
RP11-146G7.2	0.002059188858566293
FAM32BP	0.0020591004897007295
RP13-539J13.1	0.0020589972185389212
Y_RNA	0.0020589804485431434
SLC2A3P4	0.0020587176585795115
RN7SKP209	0.002058589016331578
RP11-1114A5.6	0.002058574130639608
GS1-124K5.12	0.0020584934063031814
IGKV1-17	0.0020581726027547004
GS1-39E22.1	0.0020581559337418355
TSC22D1-AS1	0.002057450295296805
BNIP3P9	0.0020570319937055844
RP11-260O18.1	0.0020569503667377358
RP11-545M17.3	0.002056331200443335
RP11-293M10.2	0.0020562916815261498
RP11-165N19.2	0.0020562355523466706
RNU6-7	0.0020560426299368333
OR9I3P	0.00205593812414988
LDHAL6DP	0.0020558711733415225
VWC2	0.002055841742219046
RP11-13P5.2	0.002055462785102807
KIAA0087	0.0020554434063134435
RP11-373D23.3	0.002055099410544784
RNU1-120P	0.0020548837587617604
AK3P5	0.0020546628891748822
RP11-685M7.3	0.002054105274308374
SIK1	0.0020537482461792174
MIR23C	0.002053431665834054
LINC01613	0.00205337202758919
RP11-986G18.2	0.002053344648228703
RNU6-1245P	0.002053030468981721
RPL7P60	0.0020526986245793196
RP1-290I10.5	0.0020525892340523396
ATP5J2	0.00205245757844632
CNN2P8	0.002052120213633229
RN7SL499P	0.002052109176542106
RP5-971N18.3	0.00205181895514225
LDOC1	0.0020514684626484763
RP11-89B16.2	0.0020501856217354673
RPL23AP86	0.002050178749609551
RP11-178L8.3	0.002050060242762308
IGLV3-19	0.002050041530941555
ELK1P1	0.0020498926586617365
TMSB10P1	0.0020498045326096674
HIST1H3J	0.0020497676676741587
RP11-16E18.3	0.0020495335800676784
RP11-277P12.9	0.002049230213659756
RP11-21G15.1	0.0020492021898015503
CTB-2L9.1	0.0020488318110554135
MIR5690	0.002048775354079648
TTTY22	0.0020486342355255653
KLF2P3	0.0020485331150098696
RP3-416J7.4	0.0020485091681480727
GNB4	0.0020484623937197612
SLC26A6	0.0020482009307809194
HMGN1	0.002047854422494217
RP11-452D12.1	0.0020476789140353208
RP11-371M22.1	0.002047088164056814
RGMB-AS1	0.0020467798442564598
LINC01268	0.002046630616981907
TCF4-AS2	0.0020465479185390327
TCEB1P19	0.0020458602215290356
CTD-2293H3.2	0.0020457544382164786
RN7SL221P	0.0020457093921461196
LINC00943	0.00204560153560008
IGHV3-65	0.0020452256734391615
RP11-313M3.1	0.0020451619306021034
RP5-1011O1.2	0.0020450737108527036
UBE2CP1	0.0020450448866425773
RP11-81H14.3	0.0020447186880458166
MIR129-1	0.002044711063197698
RP11-329E24.6	0.0020445921551887018
RNPS1P1	0.0020444971733109257
DCAF16	0.0020440655947822042
EIF1B-AS1	0.002043933914109215
ARPP21-AS1	0.0020435032273471375
PPIEL	0.0020432912257856745
RN7SL121P	0.002043274218350651
RP13-210D15.8	0.0020428697089207434
SNORD89	0.00204285685527086
TRUB2	0.0020426922617913746
RP11-114H24.4	0.002042115998236643
ENPP7P4	0.0020420083778342375
PCAT18	0.0020414692245553003
KRT8P36	0.0020414038449097114
RP11-136K14.2	0.0020413778266095057
RFPL1	0.0020412827609751524
RP11-697N18.2	0.002041271803545633
RP11-276H19.2	0.0020412586418466225
RP11-20I20.2	0.0020410724619945608
A4GNT	0.0020409444090431768
IRGQ	0.0020409279972369203
CTB-33O18.1	0.002040528655631754
RP11-109I13.2	0.002040410946604246
RP4-613B23.5	0.0020403575840858457
RP11-489P6.1	0.0020399793557603404
GPX6	0.0020396541479341117
RP11-536K7.3	0.002039471954059188
ARMC4P1	0.002039348695856412
RP11-527H14.4	0.0020393097649112455
CAP1P2	0.0020391810843248914
BLVRA	0.0020391307593552043
MTND4P30	0.0020389219235551976
GAPDHP32	0.002038868660875625
RPL6P9	0.0020387512915214156
POLR3G	0.0020379751416160093
ZNF264	0.002037836978745071
RP11-227G15.12	0.0020377593636824176
CACNG1	0.0020376034474747676
PCDHA10	0.0020374876784600856
AC008982.2	0.0020374629301860075
RP11-25O10.2	0.0020374158493664993
NANOS2	0.0020374042640034307
TNR-IT1	0.0020374001110938797
ACTBP14	0.0020372512732254105
RP11-141A19.2	0.0020368202068212315
RP11-138H8.2	0.0020366480630451367
RP11-114G11.4	0.0020364877762145362
RP11-500B12.1	0.0020363475300668285
MIR4660	0.002036331208998567
SHD	0.0020362250192470636
RP11-83J21.3	0.0020358172781894403
CHCHD2P6	0.0020357055676027192
RNU6-1104P	0.0020353716335791906
RTN3P1	0.002035200188426557
RPS29P14	0.0020351230578770064
RP11-537A6.9	0.0020348209188896338
DNM1P50	0.002034572192181986
CTD-2375G15.1	0.0020336484217089905
RFX3-AS1	0.002033533093827219
OR2D2	0.0020335143379314937
RP11-67K19.3	0.0020332252098680583
TCAP	0.002033196519746574
MRPS6	0.002033080380551217
SUCNR1	0.0020330189149807523
FHIT	0.002033011233452652
AC009313.1	0.00203295934949724
RP11-383F6.1	0.002032624996654783
CRIP1	0.0020326191014224133
RP11-1060G2.2	0.0020324740773001795
AC006041.1	0.0020324320626609643
PRMT5-AS1	0.002032401082625901
RP11-195L15.2	0.002032079520834451
ANKRD34B	0.0020318529059844895
AC124944.5	0.0020317851697982596
PP12613	0.0020316503064155707
FEM1AP3	0.0020316324812823306
CLDN2	0.0020315606210473095
RP11-567O18.1	0.00203145806887491
CTD-2621I17.8	0.0020312184165584795
RP11-312J18.3	0.002030887187521357
HAO1	0.002030833110177052
RP5-875O13.6	0.002030612651547638
KRTAP2-3	0.0020302823505710774
CTB-83J4.1	0.0020302402098787754
MGC39584	0.0020301055977242073
RP11-515E23.1	0.0020299354589741647
MARCKSL1	0.0020291083259199455
CCT6P3	0.0020284412815129095
AP000439.2	0.0020284081613852444
MIR548AY	0.00202816121729339
RP11-271F18.1	0.002028040932334197
AADACL2-AS1	0.0020279748268971646
RP11-50C13.2	0.002027861542790743
NFE4	0.00202733067675426
RP11-383B4.4	0.0020269938480559895
SLC9A4	0.0020267652755964764
FAM58A	0.0020263792348514946
RP11-503C24.2	0.0020262840053903827
RP4-815D20.1	0.0020260444615475266
TPM3P8	0.0020258423162897083
AC068831.10	0.002025748240073932
RP11-23D5.1	0.002025616615637134
RP11-266O8.1	0.0020255662915984957
RP4-749H3.2	0.0020254643153304747
RP11-558A11.1	0.002025327007220701
RP11-473O4.4	0.0020251774462963896
AC010878.3	0.0020251474583892655
RP11-493G17.4	0.0020247319697325656
AC079776.6	0.0020246096589761277
RAB20	0.002024584338498838
OR56A4	0.0020245829688455533
RP11-524F11.3	0.0020245035214154785
PDCL3P1	0.002024442637781943
LINC01426	0.0020242716243956574
MED7	0.0020238273000757483
AWAT1	0.002023510567860537
INO80B-WBP1	0.0020234637086712017
RP11-707P17.1	0.0020231242528141753
FMR1NB	0.0020229657897102415
AC073109.2	0.002022548427787336
MIR6087	0.002022531294099092
RP11-571O6.2	0.0020222868129796874
AF124730.4	0.0020222697664735514
SYT3	0.002021621786230599
CTBP2P6	0.002021610144625367
COX19	0.002021585870165632
AP000857.3	0.002021317635471941
SPCS2P1	0.0020212294893398666
RPLP0P1	0.0020211976333512935
GUSBP10	0.002021036708895289
RP11-324I22.2	0.0020207854121948162
RP11-642A1.2	0.0020207698698801483
JAZF1-AS1	0.0020204870838528193
CDK17	0.002020432204048723
A3GALT2	0.002020378499012099
HCG9P5	0.002020197999112611
HIST1H2AE	0.002019948323551057
OR1N2	0.0020196582715089288
BPIFB4	0.002019639018366509
HCG4P8	0.002019125014832491
CA2	0.0020188056512708344
NCAM1-AS1	0.0020187946155192896
RP11-661C3.2	0.0020186652019620896
MBD4	0.002018592237142163
CFL1P2	0.002018242957976561
IL36G	0.002018165804932768
RP11-356O9.1	0.0020177169291107537
RPRML	0.0020175239298731587
AP1S2P1	0.0020172693392909074
ACTBP7	0.0020171981203730375
RP11-616K22.1	0.0020170869911442877
RPL7AP50	0.0020169952499436224
RP11-458I7.1	0.0020167190363183985
RP11-655M14.13	0.0020164978503242658
SLC25A53	0.002016337040716707
AC103563.2	0.0020159093694686178
TAF3	0.0020158849484988397
AC139099.5	0.0020156604752172578
RP11-525A16.4	0.0020155871999093336
MIR323B	0.0020153329021622523
BNIP3P22	0.0020152436530267758
IGHD2-8	0.0020149287014636923
RP11-421P23.1	0.002014525443095926
RP1-81P11.1	0.002014477013512018
RNU6-750P	0.0020141453490199533
TMPRSS11GP	0.002014143236798319
CTD-2021H9.1	0.002013871554654871
SNRPEP4	0.0020137431103688483
OR8R1P	0.0020134947940132386
RP5-1011O1.3	0.0020134933258408733
LMLN-AS1	0.0020133957008987894
PXMP2	0.002013113469664366
OLA1P3	0.0020129149862812613
RP11-25O3.1	0.0020127761438998443
AC110615.1	0.0020126492185516616
MIR1285-1	0.002012644334190231
RP11-46A10.8	0.002012200701670692
AC006077.4	0.0020121697385682563
MRTO4	0.002012158457274329
AC011343.1	0.002012078795734615
Y_RNA	0.002012040330019356
BCORP1	0.0020118346826099344
ZBED3	0.002011814292515805
NDUFA4L2	0.0020117846099069647
Y_RNA	0.0020117493794842493
RP11-1017G21.4	0.002011554840354907
KAT6A	0.002011522965860551
UNGP3	0.002011477282723435
EIF4EBP2P2	0.002010660900369711
RN7SKP163	0.0020106068710838395
RHOT1P2	0.0020106014681724443
RP11-44N17.1	0.002010161737974685
MIR659	0.002010001770154666
RNY1P1	0.002009853582430823
SPDYE18	0.0020097995048646696
RP11-382D8.5	0.002009243840694073
CCT6P4	0.002008817498693795
RPS13P2	0.00200881437165007
RP11-368M16.3	0.0020086667999282093
TMEM132E	0.002008511055678461
RP11-474L11.5	0.00200849370663551
MIR2278	0.0020084763301541028
RP11-278H7.5	0.0020080398702368475
SLC20A2	0.002007793377837197
CTC-297N7.9	0.0020076835925623517
RP11-95J11.1	0.0020073752441020516
LINC01529	0.002007347189389788
RP11-102L12.2	0.0020070396214066427
Y_RNA	0.002006870461945805
MSGN1	0.002006686361252667
RP11-648M2.1	0.0020064760624978256
KRT18P67	0.002006337115090755
NANOS3	0.0020063025833761006
BPIFA2	0.0020061201475654535
CTD-2236F14.1	0.0020061199039392826
CEACAM8	0.002005950120342366
NKX3-2	0.002005648589205744
RP11-305E6.4	0.0020054445928114916
AC006042.7	0.0020051195154469066
SLC25A39P2	0.0020050344295158597
RNU2-57P	0.0020037635670202805
RP11-247I13.3	0.00200357495734199
WNT6	0.0020035336425794806
VN1R37P	0.002003438820559716
RPL15P18	0.0020031675356483266
RP11-390B4.3	0.00200305284573902
AC026904.1	0.002002979957149748
RP3-527G5.1	0.0020029089654783417
RP11-394G3.2	0.0020023946071852476
NF1P5	0.0020021770152562866
MTND4P3	0.002002021708726122
RP11-513M1.1	0.002001930240718572
RP11-332H18.3	0.0020017192101233683
LINC01179	0.0020017066070848765
AC116609.3	0.0020008493974068096
SRP14	0.0020007830891233163
STPG2-AS1	0.0020006989341342625
RNU7-124P	0.0020003536151901352
RP11-395B20.2	0.0020002837158023807
RP11-302B13.1	0.002000152468378914
RNU4-36P	0.0019995508354260783
S100A5	0.001999386657417319
NREP-AS1	0.0019989548856137723
SPPL2C	0.0019983813304031523
RP5-1053E7.2	0.0019982059912278844
RP11-213H15.1	0.001997994185545725
RP11-77I22.4	0.0019979336602716246
RP11-161M6.2	0.0019974447932819416
ELOVL6	0.0019972421080070926
SERPINA12	0.001997083950748879
RP11-3G20.2	0.0019970663711216734
OR10AB1P	0.001996836499668726
RP11-231G15.3	0.001995474409307263
CCDC163	0.0019954567560750906
RNU2-51P	0.0019951248443217267
FAM117A	0.001994800737460464
AL590235.1	0.001994576243448202
RN7SL127P	0.0019940696053649502
RPL9P7	0.0019940367115657753
RP11-59O2.1	0.0019938566818368496
CTA-280A3.2	0.0019937286568485085
RN7SL370P	0.001993690707549038
RP11-328L11.1	0.0019934604221046774
C1DP1	0.001993333121193493
RP11-950C14.10	0.001992901741602226
Y_RNA	0.0019928492411622613
RP11-53B2.1	0.0019928445180913785
NUDT19P3	0.001992798311259173
AC007875.2	0.001992568657006892
PABPC1P11	0.0019925289898944537
WIZP1	0.0019923053849780956
RP11-339F13.2	0.001992267322597656
FAM95B1	0.001992250237180257
RP11-61A14.1	0.001992231583894288
RP5-945F2.2	0.001992194952521376
RP4-761J14.9	0.001992098619164835
RP11-338N10.3	0.0019918405278903915
AL355480.4	0.001991821535391133
RP11-899L11.1	0.0019910456285497204
RP11-3G21.1	0.0019909513184331886
RP11-708L7.7	0.0019909118274274067
RN7SKP269	0.0019907520427783535
RP11-81H3.2	0.0019907333635036336
AC093388.3	0.00199024957822489
RP11-282I1.1	0.0019900163830515617
RP11-111A22.1	0.0019893803388395283
PRODH2	0.001988807661802126
FAM111B	0.0019886877983938313
BCL2A1	0.001988371283927778
UBTD1	0.00198800384295323
PHACTR2-AS1	0.0019870651989927564
SLC35F1	0.0019866783017154156
GRB14	0.001986507780477971
RP11-325L12.6	0.0019864212166618386
RORB	0.001986262808253516
RNU6-250P	0.001986262803959604
RPL23AP58	0.0019862156460304253
NPAS1	0.00198619146040726
RP11-717K11.2	0.0019860981562054222
RP11-745A24.2	0.0019859612007241505
RP11-173A16.1	0.0019858937175934316
RP11-162K11.4	0.0019855213694533755
LINC01550	0.0019851848071664397
AC073657.1	0.00198516357705476
LYZ	0.0019850523175404785
MMP28	0.001984633142617423
LINC01201	0.0019845076579121258
SLITRK2	0.001984429938471742
snoU13	0.0019841475102764993
PJA2	0.001983644684016897
AC074289.1	0.001983000139253723
FBXO47	0.0019829714975122697
CTC-281F24.3	0.0019827456368194823
RN7SL605P	0.0019826992532677294
RP11-111M22.4	0.001982586509642587
RP11-266A24.1	0.0019825146735635724
RP11-491F9.1	0.0019820941056721245
FAM177B	0.0019820918271765443
AC002398.9	0.0019819766931644858
USP17L7	0.0019818199988586678
RP11-458J1.1	0.001981664412164204
AC012456.3	0.0019812609120765973
RP11-241G9.3	0.001981209611673723
BNIP3P37	0.0019811695849069745
AC005703.3	0.0019805398351581084
RP11-675F6.3	0.0019802616265352994
CALB1	0.001980015357067594
MTRNR2L12	0.0019796714565968854
ABHD17AP4	0.0019796264910142626
CTF2P	0.0019793042085093225
RP11-739N20.3	0.0019790391241866615
RP11-89B16.1	0.0019788021260710715
RGS17P1	0.0019786022649626
IGLV3-32	0.00197840450644576
CBR3-AS1	0.0019782307392423467
EIF2S2	0.001978174877529874
AC007271.3	0.0019777612060342567
RP1-30M3.6	0.0019776508793770127
RPS26P45	0.00197760544166898
TMEFF1	0.001977283247665589
RP11-272B17.2	0.0019771017120666047
LINC01598	0.0019770119210016862
RP4-695O20.1	0.001976811072113914
RP11-372E1.7	0.00197671300801737
CDC20P1	0.0019766536438723965
RP11-269G24.2	0.001976603253978287
RP11-61O11.1	0.0019763045604773606
RP11-446N19.1	0.001976205717771558
RPS18P1	0.0019761539385295076
LINC00672	0.0019760213289281127
CTD-3051D23.4	0.00197598500867166
AF121897.4	0.001975807054088968
LA16c-306E5.1	0.001975691234064787
RP11-66B24.4	0.001975664723501381
RP11-423C15.3	0.0019755112574169854
AC004383.3	0.001975495691050293
RP11-1000B6.5	0.0019753588474547396
RN7SL278P	0.0019752856080270382
FBXO36P1	0.0019751673200118875
RP11-222N13.1	0.001974850593035646
LA16c-325D7.1	0.0019748271046372734
PCDHGB9P	0.001974401408085906
SERPINB2	0.001974296371781927
NLRP8	0.0019742452658555866
SNORA2	0.0019741199295683306
VGF	0.0019740932422590103
RP11-62C3.10	0.001974022962705742
RP11-45M22.5	0.0019738345094820328
MIR153-1	0.0019738193244284714
RP11-208N20.1	0.00197381895234697
RNU6ATAC9P	0.001973801354297743
XXbac-BPG258E24.10	0.001973463974369685
CHRNB1	0.001973311037058875
ODF4	0.001972997693517455
RP5-850E9.3	0.0019729624667154232
RP3-471M13.2	0.0019727505134870603
RP11-415A20.1	0.0019727234899255936
AC242988.1	0.0019722063369238276
SALRNA3	0.0019717106020679972
ZBTB7C	0.0019716161257395497
OR2W3	0.0019708733407822945
RP11-747H12.5	0.0019707902804035927
RN7SL471P	0.0019705367583618062
RP11-973H7.4	0.0019704034951965634
TMEM14EP	0.0019703282442379904
RPS15AP38	0.001970294598658557
RP11-872D17.8	0.0019702292493415487
KB-173C10.2	0.001970121164164266
RP11-173P15.9	0.0019694045216375198
RP1-140C12.2	0.001969392851326132
AC007969.4	0.00196897661466483
MAGEA9B	0.0019689207340383608
RP11-161M6.6	0.0019689107551174897
WI2-85898F10.1	0.0019688975448428785
HIST3H2BB	0.001968856159417859
RORA-AS1	0.0019688436680963903
MIR4427	0.001968838091480574
PALM2	0.001968740393344875
RP11-396C23.3	0.0019685889315640788
RP5-875H3.2	0.0019684146735937506
RP11-33B1.3	0.0019682668427631585
RNU6-377P	0.00196788658035575
HSPE1P6	0.00196778556080137
uc_338	0.001967629698195201
RP3-449H6.1	0.0019674484751552195
RP11-163E9.1	0.0019672212323424486
RNU6-703P	0.0019671231009750823
U47924.31	0.0019664767020945643
AC011747.6	0.0019662594107685335
FNDC3CP	0.001966079498740148
RP11-109D20.1	0.0019657550880249814
KPNA4	0.0019651337185058455
FBXO42	0.0019650490931908842
UBTFL6	0.0019650366619129588
CTA-243E7.4	0.0019647537239566907
LINC00972	0.0019645538280153203
RP11-17G11.1	0.0019644433699729518
PRB1	0.001964308254147163
AC019186.1	0.001964293226421552
RP11-956E11.1	0.00196422703813919
LINC00605	0.0019641842257370834
MORF4L2-AS1	0.001964047937447293
Y_RNA	0.0019639480416065373
NOTCH2NL	0.0019639418558307633
U1	0.0019639278824108227
RP11-686D22.7	0.0019638505979828803
DHRSX-IT1	0.0019638145663704912
RP11-439M15.1	0.00196371139402172
SNHG6	0.0019636609209352646
RP11-1J4.1	0.001963643503064552
RP11-968A15.8	0.0019636310463388928
RP11-403B2.7	0.0019633781633182123
RP11-755B10.3	0.0019633048977444915
OMP	0.001962892985915168
MIR2355	0.0019626264293440905
RP11-700H6.1	0.0019624890901919355
LINC00251	0.001962028353054635
RP5-884C9.2	0.0019617754948387627
RP5-1029F21.3	0.001961679431675873
RP11-60A8.1	0.0019616578915884284
RP11-649E7.8	0.001961625055383554
RP11-1147P1.1	0.0019616088324482376
HSPC324	0.00196143416595551
RPSAP12	0.0019614260920054988
RP11-94B19.5	0.0019613578276441827
RP11-466A19.3	0.0019613105575803824
FBXO2	0.001961261286489901
CTD-3154N5.1	0.0019606999562699623
HMGN2P17	0.0019605865287537203
TDRD15	0.0019603496404834216
KRT8P33	0.0019602307430746624
VDAC1P7	0.0019599022131655455
RP11-308D13.3	0.001959771180986872
MIR4769	0.001959739586400483
LSM4	0.0019596551182555003
RP11-407A16.1	0.0019592243499274775
RP11-538I12.3	0.00195914701979995
RNU6-831P	0.001958873734462858
GAPDHP59	0.0019583453588539546
RPL32P26	0.001958328803684508
RNU6-242P	0.0019581532035466425
TRDD2	0.001958110208833432
LCN9	0.0019580341364021083
B4GALT4-AS1	0.00195758924578214
ATP5HP4	0.0019574956864036133
AP000343.2	0.0019573615761461333
RP11-861E21.3	0.00195723138990973
GLUD1	0.001956867498599966
RP11-486F17.1	0.0019567445541244666
RP11-547D24.1	0.0019566189231235106
MIR3134	0.001956550481372969
EN2	0.001956507424888364
C12orf45	0.0019564090577003797
ZIM3	0.0019560169833088307
METTL7B	0.0019559128245200674
RP11-161I2.1	0.0019552099569646315
RP11-738B7.1	0.001954893252708042
RP11-165D6.1	0.0019548112171900393
RP1-212P9.3	0.0019547115225641235
SERPINA2	0.001954616347219261
LRRTM1	0.001954235177168279
SNORA75	0.001954140236764895
C5orf15	0.0019541145240112253
RP11-4N23.1	0.001953817266301247
SNORA43	0.0019530440384258607
PADI1	0.0019528966106114175
SLC36A3	0.0019527844523241492
RP11-403P17.5	0.001952628139377882
PNMAL2	0.0019524782084488223
COA5	0.0019524198300376197
GLT6D1	0.0019523143649481458
MIR3139	0.001952248653519377
CYCSP43	0.001951731290765125
TMEM108-AS1	0.001951707146229754
RP11-127O4.3	0.0019513831373226592
CTA-722E9.1	0.0019512201003194854
CTD-2146O16.1	0.0019510622899981166
RP11-347L18.1	0.001950982262765056
C7orf34	0.0019509559429036298
RP11-483F11.7	0.0019507532999734744
LINC00621	0.00195065409205842
RP11-768G7.1	0.0019505405668359288
AC113618.1	0.0019504812852869802
RPL5P10	0.0019504030417564397
RNU6-1056P	0.0019494865175142667
CTD-3214H19.6	0.001949045158123824
GAPDHP70	0.0019489720815620193
AC020571.3	0.001948573255517662
RP11-973N13.4	0.001948567342559862
RP1-168L15.6	0.0019483769521536594
RP11-659P15.1	0.001948355965211479
CTD-2231E14.5	0.0019480878265048533
RP11-665C16.1	0.0019479793483354424
IL3	0.001947157090615018
AC005086.1	0.001946881134682211
UBE2FP1	0.0019467248662127542
FAR2P2	0.0019464850848386975
RN7SL792P	0.0019464451845029446
GMPR	0.001946208580539427
UBE2V2P3	0.0019460459071276022
RP11-488L18.3	0.0019460144172255298
MIR548AN	0.0019454559146928627
CYCSP49	0.0019454379861179054
RN7SL749P	0.001945400644351155
VWFP1	0.0019448326688260823
RNU6-504P	0.001944454764203152
RP11-475O23.2	0.0019443227272448059
VRK3	0.0019441243980851963
KCNK16	0.0019439227112763645
RP11-560I19.1	0.0019438432027137687
RP11-847H18.3	0.0019431545826973547
POLI	0.0019431024014344204
CDRT15P2	0.0019430255947809776
PRAMEF8	0.001942938125374821
SLC17A8	0.0019426016122807066
ZKSCAN4	0.0019425706495398783
GXYLT1P5	0.0019425478905759897
CTD-2234N14.1	0.0019425178783575605
IGKV1OR1-1	0.0019421756848676535
RP11-461O7.1	0.0019421669642616071
B3GLCT	0.0019420506290281252
RP6-218J18.2	0.0019419031695360916
IGLV2-23	0.0019417510142588365
CTD-2529O21.1	0.001941713494927393
RP11-178H8.2	0.0019417076200673204
RP11-16K12.1	0.001940953684529601
RP11-463O9.9	0.0019406162457579169
RP11-144G7.2	0.0019404025855239548
RP11-313C4.1	0.0019403987767394474
RP11-666A8.9	0.0019402678056150353
PRRT3-AS1	0.001939229215878626
SLC22A24	0.001938950081512607
RP11-241J12.3	0.0019387555237594
APOPT1	0.001938720727889834
ARRDC3-AS1	0.0019386785129485945
AP000580.1	0.0019385464032050193
RP11-602N24.3	0.0019382276495140346
RP11-307C19.1	0.001937786619607598
FOXD4	0.0019374230632285133
DDX51	0.0019371158688876217
RP4-675C20.4	0.0019368988718875132
RP11-472N19.3	0.0019368274685072095
AL672296.1	0.0019366743846321005
ATP5J2P5	0.0019366720341548267
PNN	0.0019366677819181095
CENPV	0.0019357414127737032
RP11-84D1.1	0.001935740882040612
RP11-412H9.2	0.0019354890068642746
RP13-672B3.2	0.0019350677721805898
GAPDHP49	0.0019347644330744984
MIR2909	0.0019343400939732904
PROX1-AS1	0.0019343129058914817
EIF4A1P8	0.0019341760965324848
HNRNPCP2	0.0019330039445586591
TATDN2P1	0.0019327893488781862
RP11-300J18.1	0.0019327129728031365
TSIX	0.0019327092809002266
HP	0.0019325306667759092
CDKN2AIPNLP2	0.0019324467193125756
BMS1P12	0.0019323212492083164
RP11-93H12.4	0.001932122406009201
VWC2L	0.0019319700860133268
MIR3163	0.0019319151432168925
FAM27E3	0.0019318901152608943
FAM231D	0.0019315372974028024
RP11-531H8.2	0.0019315068843088529
RP11-762B21.5	0.0019314905399471234
SPATA42	0.0019310248318894932
LINC00378	0.0019306396950467305
VN1R53P	0.0019303491946006301
SRP68P3	0.001930082437759876
C20orf144	0.001929858012146558
HLA-N	0.0019294283785613326
TAF9P3	0.0019294073346848425
EXOSC6	0.0019293867519145271
CTD-3065J16.9	0.001929143391213933
CTB-178M22.2	0.0019290432464954457
FECHP1	0.0019289396897110849
OR52K3P	0.0019288442572880035
LINC01347	0.0019285689867149874
ATP13A4-AS1	0.0019283941186982406
RNA5SP402	0.0019283747985964221
STKLD1	0.0019281977280239545
ZNF677	0.001928155417064406
RP11-244G12.1	0.0019279922768442766
BRS3	0.0019275984284308793
bP-2171C21.5	0.0019274100529938166
GS1-124K5.4	0.0019273352004397456
RP11-422P24.9	0.0019271208166557706
EIF4A2P1	0.0019270844396826149
RPL21P3	0.0019270565836782157
RP1-137H15.2	0.0019270158195715545
RPL21P107	0.0019267671503956053
OR5AK2	0.001926602678093419
NPAS4	0.0019265805391104182
CTC-329D1.2	0.0019264278493304956
RP11-712B9.5	0.0019257234733883366
AC009228.1	0.0019256994127233814
RP11-1058N17.1	0.0019251718982296847
TCEAL9	0.001924924508289365
RP5-1039K5.18	0.0019248874933876043
DIO1	0.0019244336361131397
AC104134.2	0.001924317095710354
RP11-266L9.3	0.0019239727060670776
MED9	0.0019239372349248488
RP11-890B15.2	0.001923515930072591
RP11-756K15.2	0.0019235047480075415
KCNQ5-AS1	0.0019232710711739368
LINC00160	0.0019227444113312613
AC002454.1	0.001922132778253017
FGF6	0.001922085501017554
RP11-424I19.2	0.0019213732634487698
RNU6ATAC18P	0.001921262751774847
RNASEH2B-AS1	0.001920989718104714
HBBP1	0.0019208641200131563
RP11-12D5.5	0.0019207540782606384
MIR326	0.0019206694973901478
DLGAP1-AS5	0.0019205614342122361
IRX4	0.00192010061176071
AP000275.65	0.0019197333066353192
HOXA2	0.0019188153320469769
SNORA79	0.0019182263917262544
RP11-90B9.2	0.0019182126627310672
AC073254.1	0.0019180616232857507
CTD-2562J17.2	0.0019177915503578418
UOX	0.001917138961376908
ALDH1B1	0.0019166453630760432
PGBD4	0.001916451958924814
RP13-977J11.3	0.0019164004142667112
PSME2P2	0.0019161635213531952
RP3-388M5.9	0.0019159119046790736
TERC	0.0019158765901642343
SERPINB9P1	0.001915833483904334
RNA5SP305	0.0019157107744150843
AC091492.2	0.0019156331457594014
BUD13P1	0.0019155012985821924
RP5-875O13.7	0.0019151707105924884
RP11-65L3.3	0.0019149229280771378
RP5-842K16.2	0.001914822990959019
RNA5SP74	0.0019145344247491964
ISY1-RAB43	0.0019144907338792057
ANP32C	0.001914373680333149
ABCD1P4	0.0019142974023241342
RP11-99A1.2	0.0019139837090085463
RNU4ATAC12P	0.001913412259206187
KB-1980E6.3	0.0019132028594454579
RPL30P11	0.0019131896671988006
PRB4	0.001912822668907777
RP5-1039K5.12	0.001912717087256037
RP11-487E13.1	0.001912472253799893
RP11-643G16.4	0.0019124260733605035
RP11-631M21.7	0.0019123128833543083
RNU6-12P	0.0019122545450486667
RPSAP16	0.001911786244909772
CTD-2134A5.4	0.0019112292234689996
CISD3	0.0019110616894413145
RPS29P8	0.0019109334194337458
MIR3143	0.0019106690867650628
SPDEF	0.0019105798074181826
AC100821.1	0.0019105686188460806
RNU6-564P	0.0019105049548549164
RPL21P18	0.0019104127949810098
RORB-AS1	0.0019103960134904264
LINC01184	0.001910071661158751
COX6B1P1	0.0019097585288565646
SMOC1	0.0019095062668711537
RNU6-1203P	0.0019094066574577532
MIR4448	0.0019091443661966479
RP11-295K3.1	0.0019090195462242083
RP11-136G2.1	0.0019086964721599965
PCDHGB7	0.0019086556437037515
AC067968.3	0.0019083233245202748
KLHL41	0.001907910528000414
RP11-440G5.2	0.0019075974791739052
HSPE1P10	0.0019072230458735506
RP11-768F21.1	0.001906665295780529
RP11-297L17.6	0.001906572752924958
RNU6-8	0.0019065444987574729
MTND5P6	0.0019064411846908993
AC098614.2	0.0019064079861363067
RNA5SP202	0.0019061954257638472
RP11-566K11.5	0.0019061833560416106
DDX11L16	0.0019061739064552712
SYNJ2-IT1	0.001906125195293909
RP11-16L9.2	0.0019060007375915214
LINC01282	0.00190550134723988
AC002064.5	0.0019053700392101637
Metazoa_SRP	0.001905323085421657
RP11-713C19.2	0.0019051704905250174
BLOC1S4	0.0019050869332913041
SNORD116-19	0.0019049706834833955
AC104389.31	0.0019049495767749604
RN7SL151P	0.0019047432834296079
RP4-591C20.9	0.0019046955797090432
C11orf98P1	0.0019044744164587294
RP11-129O7.2	0.0019043720981400168
CDH19	0.0019040541607279542
CTB-26E19.1	0.0019038182971760503
RNU4-47P	0.0019033021238231162
AP000797.1	0.0019029319562607375
ZNF79	0.0019026033461155847
RP11-45P15.2	0.001902551078061843
TRIM39-RPP21	0.0019025334953974488
RP11-136C24.2	0.0019021991288642427
AC015922.6	0.0019021260272698024
RPL23AP75	0.0019020525325585045
GXYLT1P2	0.001901788705356934
PRSS41	0.0019016332632758577
LINC01505	0.001901558209469774
SMCO1	0.0019015413441243233
AL672294.1	0.0019011894764997819
UTF1	0.0019009895822193269
IGHV1-12	0.00190089384154285
RPL21P75	0.0019008639237341296
RP1-121G13.3	0.001900364189217043
AP003900.6	0.001900352888135015
MIR31HG	0.0019001807335124045
CTD-2013N24.2	0.0018999544612894796
LINC01193	0.0018998514944441134
RP11-365O16.5	0.0018998243220318606
FER1L6-AS2	0.0018995239700000028
XXbac-BPG299F13.17	0.0018995168091459676
ANKRD33B-AS1	0.0018993628562390076
Metazoa_SRP	0.0018993541267907559
SNORD114-2	0.0018989903020950297
AC012513.6	0.0018988350440036254
ANKRD20A1	0.0018981767703467722
RP5-1121A15.3	0.0018980936878441011
RNU6-1143P	0.0018978583345990005
RP11-43D2.2	0.0018978483789053207
RP11-843P14.1	0.0018978250009400483
RP11-296O14.2	0.001897614256716215
NPIPA8	0.0018974972591421309
RPS10P18	0.0018974451578134882
RP11-113A11.1	0.001897340351331157
FAM196A	0.0018972744228926463
SLC1A4	0.0018972346013338673
CICP24	0.0018971959295197847
RP11-284F21.8	0.0018970432225015091
WI2-85898F10.2	0.0018969877476096532
FTH1P8	0.0018969578223507382
GPR158-AS1	0.0018966601380529186
RP11-545D22.1	0.001896601988833489
TUSC7	0.0018962637863393398
RPS2P41	0.0018960819938489322
CTD-2501E16.2	0.0018959671736233997
AC092013.1	0.0018955794442435754
ADH5P3	0.0018948000359460964
SNORD121B	0.0018947907044455834
RBM43	0.001894534686052592
SAP30L-AS1	0.0018943532621248295
GIF	0.001894136378901403
RP11-246E12.2	0.0018937493860469964
RP11-70F11.8	0.001893668479678518
BMS1P13	0.001893588236157732
RPS29P29	0.0018935126381824593
RP11-67L3.5	0.0018934050822471038
POTEJ	0.0018929754837306548
MIR1972-2	0.001892474617653203
RPS4Y2	0.001892229416644951
RPS15P5	0.0018921478948300842
AC079741.2	0.0018917589207412468
SCARNA4	0.0018915913342456342
ACTG1P3	0.0018915175037551744
CTD-3006G17.2	0.001891486730909238
KRT3	0.0018908210691144988
CTD-2089N3.3	0.001890563555830952
C7orf66	0.0018899622385396382
RNU6-10P	0.0018893780734630225
RP11-430C7.5	0.0018893317064114152
SPR	0.0018892598009488558
RP11-319G9.5	0.001888597665245437
RP1-167A14.2	0.0018885155463660187
RP11-398G24.2	0.001887742010486884
RP1-59D14.5	0.0018876856854096603
RP11-390D11.1	0.001887652168928676
RP5-826L7.1	0.001887514592541099
HIST1H2BF	0.001887407775121638
KRTAP5-1	0.0018873212886865974
RP11-44F21.3	0.0018871788484947243
RP11-580I1.2	0.0018870311483624215
OTC	0.0018866519731696764
RNU6-410P	0.0018866019489577955
Y_RNA	0.0018865154646001577
KRT18P33	0.001885778719792607
RP11-269F20.1	0.0018857177828555006
RP11-558O12.1	0.001885706515454199
BPIFB2	0.0018854562579864343
RP11-403I13.9	0.0018853443964452913
GCN1	0.001885149812837175
NDUFA5P12	0.001885112882120248
RP11-3B12.3	0.0018850757140770635
RP11-73K9.3	0.0018850721261072815
LINC00955	0.0018849121999218973
Y_RNA	0.0018846908656340092
CSAG3	0.0018841734720395698
PRR13P1	0.0018840871340305432
BTF3P6	0.0018836987619061216
BCAS2	0.0018831789186177453
RP11-44M6.1	0.001883145908059303
BNIP3P38	0.0018830837205283638
SPDYE2	0.0018830183719140763
KB-1836B5.4	0.001882989701739114
KRT18P23	0.0018828759930411847
RNA5SP465	0.0018828474114939693
SPANXB1	0.0018827477764813668
CNN1	0.001882457653135771
Y_RNA	0.0018824262126004624
RP11-327J17.8	0.0018820688807290227
RP11-310E22.5	0.0018820122574073799
RP11-524C21.1	0.0018819751961567286
AC092316.1	0.001881766902156605
CSTA	0.0018811546719332175
RP6-91H8.2	0.00188114616684481
RNU6-88P	0.0018810442364097261
WDR46	0.0018807839867833473
RP11-509J21.4	0.0018807438234644792
ZNF512	0.0018807034412455241
RP11-759A24.2	0.001880629345906773
RP1-100J12.1	0.001880360630623729
RP11-205K6.3	0.0018800781716915042
RP11-454H19.2	0.0018800142288315622
RP11-829H16.5	0.0018799697393410213
CTC-444N24.6	0.001879817756134265
RP5-874C20.8	0.0018796700138747748
FRG2	0.0018792501605681083
RP11-312A15.3	0.0018790021408911358
RP11-380G5.2	0.0018786430731046488
LINC00619	0.0018786421087274203
DYNC1LI1	0.0018784685375175033
RP11-526P5.2	0.0018782757912940832
EFCAB9	0.0018780813621672235
SNORA70F	0.0018780311533421795
NPM1P52	0.0018777962407493856
MIR8057	0.0018775015229103077
NALCN-AS1	0.0018771293794160994
Y_RNA	0.0018769075315263229
CH507-42P11.7	0.00187688946896553
CTC-448F2.6	0.0018767945715582998
RP11-76E16.2	0.0018764302530671342
HPS6	0.0018763343281275008
CTC-806A22.1	0.0018761862590304563
MCEE	0.0018761481743326265
SNORA14A	0.001876129342733734
AC002128.5	0.0018760031739691158
AP003068.23	0.0018759778829513284
RSL24D1P3	0.0018755869347247915
AC009967.3	0.001875498661473915
SERPINB4	0.0018754079061010166
SUMO1P1	0.0018753096811280042
AC006262.5	0.0018748218487935721
Y_RNA	0.0018743765237726718
ZNF425	0.0018743124297861628
IPO9-AS1	0.0018742879975616941
CTD-3253I12.1	0.0018740796942726544
NTHL1	0.001873762700109539
RP11-778J16.2	0.0018735311296895554
RP11-731J8.1	0.0018734896009393784
RPS12P18	0.0018732148183734341
RP11-30K9.7	0.0018722751057873748
ARHGAP11A	0.0018721791100088615
ATP1B2	0.0018719899440252756
DOCK11P1	0.0018715107369773603
ANKRA2	0.0018714980824845009
CTD-3018O17.6	0.0018713936846425343
RP11-889L3.4	0.0018712891736907245
TAOK1	0.0018712023429066423
GIP	0.001870959312785882
RP3-331H24.7	0.001870909953413639
CTD-2201E18.3	0.001870693589545093
RP11-863P13.5	0.0018704686291779306
MIR26A1	0.0018704384655435107
RP11-308N19.3	0.0018697787236148225
RP13-415G19.2	0.0018697363881613545
AC008703.1	0.0018695871218383478
WSB2	0.0018694892817520431
ACTBL2	0.0018692873025500287
SYS1	0.0018684568594986286
RP11-43F13.3	0.0018684344069155626
LINC00939	0.0018681121336749907
AC104623.2	0.0018680925180353965
AL133243.2	0.0018680904970571706
SNORD113-6	0.0018677929635598487
CTA-212A2.2	0.0018675098056487192
CTD-2619J13.17	0.0018673500719040604
MYCBP2-AS1	0.0018669977019071884
OR11Q1P	0.001866888139500851
ASXL3	0.0018668404751208609
ZNF33CP	0.0018662253086146737
RP11-486M23.2	0.001866188662642428
U3	0.001866095035180187
LINC00862	0.0018657595089967558
HLA-DRB9	0.0018657454326391368
TUBBP1	0.0018654127105986156
LRP10	0.0018652500908261666
RP11-542B15.1	0.0018644812885455554
LINC01619	0.0018644185859654112
GOT2P1	0.0018643757601127422
MIR510	0.0018642909132262368
RP11-326N17.2	0.0018640287297328301
TMEM199	0.0018637448104632623
RP11-458I4.2	0.0018636431833359073
LRRIQ4	0.0018636269149843998
RP4-796I8.1	0.0018635892660784005
NDUFA3P4	0.0018633872637204168
RN7SKP268	0.0018632582624674855
LINC01535	0.0018631136609118856
RP11-312J18.5	0.0018630098028333815
RP11-402G3.3	0.0018630054860876695
RNU6-548P	0.0018629243270756322
RP11-314B1.1	0.0018624382950396792
ARL4D	0.0018624197750637145
RGPD4	0.0018617836936362514
RNU6-1096P	0.0018617826796094074
RP11-237P21.1	0.0018612408342017384
SDCBP2-AS1	0.0018611429133008125
LRRC72	0.0018608062234995266
ACADL	0.001860599747826378
KIAA1462	0.0018605719921802938
LINC01144	0.0018603614333647272
RP11-139H15.5	0.0018597749161616366
DPYD-IT1	0.0018595696185534111
RNU6-877P	0.001858891818734614
RP11-557J10.4	0.0018588371857934933
SNORA70B	0.001858830108702962
KRT8P41	0.0018587890690540483
CTD-2373J6.2	0.0018587300996959256
HMGN1P8	0.0018584731301797008
UBE3AP2	0.0018584066682163863
RP11-317B7.2	0.0018584039884186664
SPATA31C1	0.0018582264180498353
RP11-760H22.2	0.0018582151398774756
RN7SL116P	0.0018580445233183026
RP11-1055B8.2	0.0018576768563317672
AC006145.4	0.0018575712397571002
RPL29P25	0.0018574442050017
WDR75	0.0018572863229729855
TAS2R46	0.00185723575654884
P2RX3	0.0018571241787625954
CDRT1	0.0018571222087535857
ADAD1	0.0018569738109796695
LINC00659	0.0018568745037717107
AACSP1	0.001856716380390129
RP13-228J13.9	0.0018566826364246984
PWRN1	0.0018562929922780525
MIA	0.0018562894006487207
RP11-6O2.3	0.0018558244923477295
RP11-242D8.2	0.0018556840304828782
SETP12	0.0018556215090703328
RP11-467K18.2	0.0018555848407968824
AC002456.2	0.0018554708987637428
RANP8	0.0018551750432604984
RP4-665J23.1	0.0018550208609944068
CTD-2034I21.2	0.0018549316472480006
BLID	0.0018545871418875967
RP11-849N15.1	0.0018545610833309654
RP11-359K18.3	0.0018544268685272822
SPDYE20P	0.0018543477766152698
CTD-2358C21.5	0.0018540492908201032
AC073052.1	0.0018539749621686106
RAC1P7	0.0018535370637308636
RP11-573J24.1	0.0018534638609912384
HECTD4	0.0018534139999569715
GATA2-AS1	0.001853342775572592
RP11-619J20.1	0.0018533214344550561
THAP2	0.0018532667044267668
RP11-884K10.6	0.0018531991608664383
ADNP-AS1	0.0018531100446998803
RP1-315G1.1	0.0018530525946184567
AC019064.1	0.0018529133696855683
HIGD1AP13	0.0018528583685035905
RP11-383I23.2	0.0018526268752678205
RNU6-1215P	0.001852530048334401
MIR3976HG	0.0018522747738783636
RP11-280K24.4	0.0018522321013739183
RP3-446N13.5	0.0018519010680834297
RP11-44N11.1	0.001851541658183077
AL355480.1	0.0018511959716015275
LPP-AS1	0.001850561241971674
RP1-111D6.4	0.0018501419744947076
RP3-473L9.4	0.001850140965130848
RP11-133N21.12	0.0018497777506262048
AC012363.4	0.0018492903895259711
RNU6-1043P	0.0018487035351523486
AC079612.1	0.0018478475917577599
SCN4B	0.0018477761366616158
RP11-205M3.1	0.0018475832330045053
OR6M2P	0.0018475250965021602
KRT8P13	0.0018474849189925107
RP11-804A23.4	0.0018474733461634205
RP11-572C15.5	0.001847459187416415
BAG5	0.001847417316416411
RP11-479G22.8	0.0018473336483458137
HIST1H3C	0.001847244073583549
AC009410.1	0.0018463768112484853
ZBTB46-AS1	0.0018461004143651982
AMMECR1L	0.0018460503253893744
PIRT	0.0018460039298599732
MIR1913	0.0018459888161619432
TAS2R30	0.0018455418234479951
DYNC1H1	0.0018455302493695575
CSRNP2	0.0018453891784939594
UCA1	0.0018452298982313462
GTF2F2P2	0.001844894500795574
RNF217-AS1	0.0018447706785148787
OVCH1-AS1	0.0018441954458414942
RNF11	0.0018441275457096475
RP11-628E19.2	0.0018439546136889806
TMEM220	0.0018438758819170442
MIR7160	0.0018435805047648218
RP11-288C17.1	0.0018435423566673733
DBIP1	0.0018434634016023068
SNORA1	0.0018433904734915312
VPS26BP1	0.0018431885503726504
RP11-310H4.1	0.0018431316914660823
COX6CP4	0.001843053729832164
DCAF12L2	0.0018427795014064573
RP1-20N2.7	0.001842526698696089
RP11-1018N14.5	0.0018425059123881482
HMP19	0.0018423670465730257
RP4-775D17.1	0.0018422799953904047
RP11-826F13.1	0.0018422154659560065
RP5-1068H6.6	0.0018417256346984871
RP13-487P22.1	0.0018416131807693994
KCNJ8	0.0018416035374293745
ZCCHC18	0.0018414258830639942
COX6CP1	0.0018412287216687067
CEP135	0.0018411733939483006
IDI2	0.0018411614375788844
FA2H	0.0018407866940424893
MTX1P1	0.0018400710705034553
IGSF23	0.0018400130902014365
ZNF263	0.0018396655005682493
RP11-1029J19.4	0.0018394008686719186
AC004945.1	0.0018393912318010895
RP11-145M4.1	0.0018393125660543872
RP11-484L7.1	0.0018392682014554314
RP11-793H13.3	0.0018392106225049091
RNF216-IT1	0.0018388430717267055
EDRF1-AS1	0.001838752133411359
PCDHB9	0.001838523953789031
LRP1-AS	0.0018383771778308373
AP000593.5	0.00183796326604046
AC017079.4	0.0018378506140306879
AC115522.3	0.001837843993742128
AC092664.1	0.0018375291963057272
uc_338	0.0018374273522255632
AC000367.1	0.0018374070686687717
RP11-710F7.2	0.0018373624240411361
RPF1	0.0018373231019501368
CCDC37-AS1	0.0018370525870591212
ALG9-IT1	0.0018369125263883379
HIST1H3E	0.001836401282689097
HRH4	0.0018360257065913003
RP11-128A17.1	0.001835981444415397
FUT5	0.0018356342577772052
RN7SL634P	0.0018352952820072644
RP11-490D19.8	0.0018352100416801844
RP1-190J20.2	0.001835021303529608
RP11-885B4.2	0.00183497949850705
GS1-304P7.1	0.001834967756098977
LINC00629	0.0018348781940848624
AL592528.1	0.0018342190564535545
PLEKHM1P1	0.001834196391992304
RP11-469L4.1	0.0018339170568508008
ATP5HP1	0.0018334826947650805
AC064834.3	0.0018332958174969256
EIF5AP3	0.0018331571039625811
RP11-446F3.2	0.0018331435243948645
NFYC-AS1	0.0018325678884465266
RP11-180P8.3	0.0018322824058083062
TRMT112P2	0.0018322505746900953
DOC2GP	0.0018319119531917379
RP5-1142A6.2	0.0018318808975942807
MIR4511	0.001831713700401205
RP11-697E2.11	0.0018315626685426667
DUTP2	0.0018314145528628405
Y_RNA	0.0018312489461233422
RP11-1127D7.1	0.0018311465520602155
ADAMTS7P1	0.0018311336256730789
KCNK4-TEX40	0.0018304876650200538
RP1-85F18.6	0.001830438229516869
RP11-81A1.6	0.001830376629054029
OR52N1	0.0018303712052856462
RP11-333E13.4	0.0018301382952883457
TAF1A-AS1	0.0018301215160543415
EGR4	0.0018297880526136783
RP11-335L23.5	0.001829778885894294
LINC01629	0.001829272674483074
PCDHB11	0.0018292440411301742
RP11-3D4.4	0.0018289811268820204
MAGI2-AS2	0.0018280293679159493
LACRT	0.0018275844097137642
RP1-167G20.1	0.0018274524894593299
AC093382.1	0.0018272845595166004
UQCRHL	0.0018270814010561338
AL365202.1	0.0018269047394214154
LINC00483	0.001826744648497396
MCTS1	0.0018264876335456885
RP11-676F20.1	0.0018264543683676898
RP11-692C23.1	0.0018257384312647552
ACTL8	0.0018255019682385664
SP1	0.0018249876297102572
MRPS21P6	0.0018249652730126613
SNORD73B	0.0018248456695812956
RP5-1047A19.4	0.0018248379490147315
RP11-407N8.5	0.0018248039448321583
RP1-66N13.4	0.001824752550565696
SCRT2	0.0018243885659306868
RP11-687M24.7	0.001824350636600703
RP3-400B16.3	0.0018238481501841833
RP11-317B17.3	0.0018237974419077082
SMIM11B	0.0018237881643585337
NEURL1	0.001823627827912238
RP11-64K7.1	0.0018235694238505366
APOD	0.0018231807594871476
LA16c-380H5.3	0.00182312349097151
RP11-95O2.5	0.0018227578084061152
TSSK1A	0.0018227385508867355
GAPDHP33	0.001822663691496181
VDAC1P3	0.0018219877160231693
TRMT112P3	0.0018217600999359484
RP11-2H3.7	0.0018215682671026488
RP5-1050D4.3	0.0018213094449116244
RPL26P28	0.0018211988692559957
PRR7-AS1	0.0018211929746858471
RP11-812D23.1	0.0018209249339429798
CTC-470C15.1	0.0018207644953283245
RP11-453E17.3	0.0018206489361693784
RP11-656G20.1	0.0018200715046634464
SLC2AXP1	0.001819975952591201
FAM212B-AS1	0.0018199371051396014
KLHL38	0.0018198512851620447
MESTP1	0.0018198134167638409
ATP6V1E1P1	0.0018196843288327245
Metazoa_SRP	0.0018196017031314904
IGHD1-14	0.0018194412993747576
PTBP1P	0.0018192585679065085
RN7SL481P	0.0018192287753812655
RP11-1148L6.5	0.0018191452316283108
SNORA51	0.0018187461691132126
RP11-57A1.1	0.0018184210444533934
MIR548B	0.0018181687683908512
KAAG1	0.0018179571134036994
SLC9B1P2	0.001817838941318138
AC006427.2	0.001817731503577646
RP11-508N12.2	0.00181719171031797
MIR4762	0.0018167003163213995
RP11-98J23.2	0.0018165118805419235
AC009166.5	0.00181643222596392
HDHD3	0.0018163612135331715
HIST1H3PS1	0.0018163149183717338
RP11-466F5.10	0.0018158210913094576
RP11-181D18.4	0.0018157584763541298
SPATA31A7	0.0018154873290028306
MTERF3	0.0018151625385261644
RP11-379K22.3	0.0018149569139439125
KRT33A	0.0018146911439181552
ZNF600	0.0018146906042669046
SDHCP3	0.0018142700961676823
RPL10P16	0.0018139236578002644
MTND3P19	0.0018135871485196612
GAS2L3	0.0018134794559277062
ACTG1	0.0018132945232838195
THRB-IT1	0.0018130455887326222
RP11-733D4.1	0.0018126817981122436
MIR590	0.0018125807509809069
BNIP3P25	0.0018124237125961052
RP11-274B21.1	0.0018123892052025006
TTR	0.0018123196209671654
RP11-173A8.2	0.0018122110099187928
GRIK5	0.0018121069883266694
SLC25A21	0.0018119633653156102
CTC-325H20.7	0.0018118615678863542
Y_RNA	0.001811743248138826
NPHP3-AS1	0.0018116772136943674
RNVU1-6	0.0018116545209927257
MTCO1P17	0.0018115966633339147
NAV2-AS5	0.0018112582280689572
RPSAP1	0.0018112426326301271
LINC01359	0.0018110449700541452
GNAI3	0.0018107427966950966
C20orf197	0.0018106933766920594
TTC21B-AS1	0.0018105191321970983
LINC01248	0.0018103757008052018
SNORD114-31	0.0018102016115203927
RP11-838N2.3	0.001810146201910898
EBLN1	0.0018098272403743235
EXOSC4	0.0018098031582069031
RP1-5O6.5	0.0018095661964075305
CTD-2540B15.9	0.0018094434495244441
EN1	0.0018093661525105057
RP11-87N3.6	0.0018092919384131102
RNU6-87P	0.001809187543785328
GTF2A2	0.0018090769729129758
MINCR	0.0018089487938625387
RP11-363E6.3	0.001808946159842619
RP11-959F10.6	0.001808688866774365
RP11-709D24.6	0.0018084626774650418
CHIC2	0.0018078140787092694
RP11-126K1.2	0.0018077499869605148
RP11-339A7.1	0.0018074769644985211
THAP9-AS1	0.001807217370456346
RP11-159D12.8	0.0018069612835115497
ZNF655	0.001806685812722474
RNU7-119P	0.0018064008128698848
RP11-255M2.2	0.0018062721336962238
TBX6	0.00180609898311716
NDUFB4P8	0.0018059474050881167
CLDN14	0.0018058906911905903
AP001627.1	0.0018056509393123703
RP11-321E2.3	0.0018056294957818793
CTB-49A3.5	0.0018050957152002387
MIR101-2	0.0018047570745823
RP11-16L14.2	0.0018047250923176642
SEC62-AS1	0.001803943804197762
CLDN5	0.0018037494120357648
AC005042.1	0.001803539742497154
ZP2	0.0018032341891435555
LINC01180	0.0018029810756043114
RP11-350G24.2	0.0018028233580539674
HIST1H4F	0.0018027722104883117
RP11-292B1.2	0.0018027673276253542
XX-C283C717.1	0.0018024534721401617
HUS1B	0.001802303440424034
RPS20P32	0.0018022389999870956
RP11-383J24.1	0.0018017832693768192
DGAT2L6	0.0018017509460462853
RPL12P41	0.0018013611211015505
LINC00202-2	0.0018008575627406899
HPX	0.0018007696054638516
RP11-855A2.1	0.0018006430082722973
RP11-54O7.11	0.0018006285403018316
NUDT3	0.0018002806468371377
LINC00606	0.0017998483187459243
RP11-4B16.3	0.0017997444275148174
RNU7-87P	0.00179953075337737
BCHE	0.0017994938157795072
HYLS1	0.0017990121101490429
RP11-443F16.1	0.001798931419532728
AC097467.2	0.0017988532084543857
RPS29P19	0.0017987821124750157
RP11-644C3.1	0.0017986054874398554
RP11-61K9.2	0.0017982734232249353
VPS25	0.001798176327554918
AC073551.1	0.0017981684734836648
RP11-713H12.2	0.0017974187381989079
RP11-521L9.2	0.0017968038100144462
RAB5CP2	0.001796754889451126
RP11-363G15.2	0.0017966211806845485
ITCH-IT1	0.0017964999500814879
AC012668.1	0.0017962717720955417
IDH2	0.0017962651250080892
RNU6-525P	0.0017962320996933196
CTD-3065B20.3	0.0017958509476119699
CDCA5	0.0017954790203645377
RNF225	0.0017954069055227532
RP11-711K1.7	0.0017949961663737731
RP11-202H2.1	0.0017948430455278115
RP11-185J20.1	0.0017946970436486709
AC079781.8	0.0017944714237146534
RP11-296E23.1	0.001794456882780084
TRAV8-5	0.00179440637330732
MIPEPP3	0.0017941287607462577
AC079466.1	0.0017939252926734248
PFN4	0.0017938702730209265
RP11-467D10.2	0.0017937985929838667
ULK4P2	0.0017934783718969516
DGKD	0.0017930925779505648
RP11-831H9.11	0.0017929770424539716
RP11-478B9.3	0.0017928964314881963
LINC00052	0.001792678666425636
RP11-352E6.2	0.0017922146193480029
RN7SKP83	0.0017920525524007152
KLHL20	0.001791933613026274
CDKN2B-AS1	0.0017918915542049863
RP11-109N23.4	0.0017914306049560916
RPSAP72	0.001791176892477007
CTB-54O9.9	0.0017908752908276362
Y_RNA	0.0017905781110545346
RP11-553A10.1	0.0017903657504826636
RN7SKP189	0.0017903114386457967
AC068724.1	0.0017902163219878807
SLC29A4P2	0.001790171703513877
RNF219	0.0017898906728285309
HIGD1AP17	0.0017897322947824739
MIR4682	0.0017896689408193375
C12orf75	0.0017896535366476785
IMPDH1P5	0.0017896534243618306
RP11-459O16.9	0.001789392017702084
LINC01255	0.0017892811716473775
RP11-46H11.12	0.0017890978746037298
RP5-842K16.1	0.001788797459524298
USP8P1	0.001788682270936059
ZNF503-AS2	0.001788457937530268
RP11-181B18.1	0.0017882793009505117
TRAPPC12-AS1	0.0017880862803429912
STARD10	0.0017875395547716291
RP11-95M5.1	0.0017872945266132788
RN7SL769P	0.0017872843831081352
RP11-182L21.5	0.0017871329318112222
RP11-317L10.1	0.0017870645235393292
EPO	0.001787051977188556
RP3-340B19.2	0.0017867428528082654
RP11-90B9.3	0.001786071277880082
RP11-14D22.1	0.0017859026641400965
RP11-351J23.1	0.0017856667056273087
AL049794.1	0.0017855717947074616
PHBP10	0.001785400820916855
RP4-641G12.4	0.0017851605465102215
POU5F1P6	0.0017851309869625096
ZNF48	0.0017849315151617815
HBB	0.0017849163518956718
THUMPD1P1	0.0017848004780855703
CRYBA1	0.0017847223541382008
TCEB1P18	0.0017841388795661849
HNRNPA3P4	0.001783844338883668
RP4-550H1.5	0.0017836296154885812
AC006946.12	0.0017835190384408901
PPIAP28	0.0017833666925773503
FUT4	0.001783351343625794
LL22NC03-30E12.10	0.001783350120485156
CTC-260E6.9	0.0017830391441732393
RP11-547C13.1	0.0017829271887510117
RP11-117L5.4	0.0017828830605555552
DPRXP6	0.0017823534527120226
RP11-95M15.2	0.0017821124737364804
CCT7P2	0.0017819230724705167
NR2F6	0.0017819117602400172
THAP5P1	0.0017817069901884506
CTB-89H12.4	0.0017813617767160632
RP1-169K13.3	0.0017810397971719026
PAGE2	0.0017810302712709387
RP11-467I20.3	0.001781006513940453
CH17-340M24.3	0.0017809246841982568
AC069542.1	0.001780915853151416
CITED2	0.0017803847815368436
LINC01627	0.0017802869057559148
RP11-86A5.1	0.001780213023367391
TAS2R42	0.0017799200389848999
PCDHA2	0.0017795226405958933
ERAS	0.0017791879694870004
C19orf45	0.001779001571916916
ALDH1L1-AS1	0.0017789465425530877
RP11-462G2.2	0.0017787948720196856
LINC01324	0.0017786972631077288
SCDP1	0.0017786574228159046
RP11-185E12.2	0.0017786144525746555
RP11-206L10.9	0.0017785893030847404
AC110299.5	0.0017774153847773348
KCNQ1OT1	0.0017765153532869977
SNORA69	0.001776285323661714
MIR4715	0.0017761415967735867
UQCRBP3	0.001776138411101886
DDX3X	0.0017760704476573923
RNU6-653P	0.0017757455227808865
VTI1BP1	0.0017756625327717346
LINC01509	0.001775167667154905
CSH2	0.001775164256263803
CTD-2140G10.2	0.0017749736247818042
RNU6-595P	0.0017749242597855201
MIR3945HG	0.0017748006510408954
RN7SL180P	0.001774669220939099
RP11-804H8.5	0.0017743054917305338
RP11-1020A11.2	0.001774130870290136
KCNE4	0.0017740307179794615
PA2G4P4	0.0017738819216715348
GS1-124K5.8	0.0017733595725493464
ZCCHC5	0.0017732418728550504
Y_RNA	0.0017731079196709651
RP3-325F22.3	0.0017729167579014493
RP11-366M4.11	0.0017728930580397423
RNU6-501P	0.001772651612945248
NONOP2	0.001772344874614799
AC005518.2	0.0017723351210961022
TMEM89	0.001772142515925587
RP5-1115A15.2	0.0017720116565452218
MPLKIP	0.0017717670492660904
RP11-348B17.1	0.0017716969651319302
PDCL2P2	0.0017714850420305194
MCM6	0.0017710535527542379
SCG2	0.0017708146751733776
RP11-1124B17.1	0.0017708044989145646
STX11	0.0017707279488840652
RP11-779O18.1	0.0017697886861969354
RNA5SP175	0.0017694027892873221
FGF7P1	0.0017683329374532804
RP11-92B11.3	0.001768164960165423
RPS27P25	0.0017681329900111479
RP4-613A2.1	0.0017666196906224985
EXOSC5	0.0017663797251408597
CTA-31J9.2	0.0017663312549663255
MSI1	0.0017660727020505996
RP11-214N9.1	0.0017659832615242348
PPIAP3	0.001765663519040512
FAM168A	0.001765459017014373
RP11-618L22.1	0.0017654284423336694
HLA-DQB2	0.0017650861139394478
CTD-3222D19.4	0.001765008538455359
AC090154.1	0.0017650042387647982
Y_RNA	0.001763975676048681
MTND2P6	0.0017636269521490422
NSDHL	0.0017636042102166071
RN7SL854P	0.001763476702190043
GJA9	0.0017634275001043888
RP11-649A18.12	0.0017632852116194072
PARD6B	0.0017631057877197213
RNU6-312P	0.0017627265237702286
AC007879.4	0.0017625385360369179
COPS4	0.0017623656408644656
TSEN34	0.0017622497002257567
RP4-781L3.1	0.0017618116141179447
CTSLP1	0.0017615725389766234
RP11-108B14.5	0.0017615539424528104
RP11-74D7.1	0.0017614433105800948
RNU6-834P	0.0017614316264299421
RNU6-999P	0.001760412576462991
HIF1A-AS1	0.001760247299560157
TNFAIP1	0.0017600999148552304
HSPB1P1	0.0017600046028034661
PPIH	0.0017593962797829185
EEF1DP6	0.0017591021963209977
AC016753.1	0.0017587640516955238
RP11-51P8.1	0.0017582252860753494
RP3-426I6.2	0.0017580236797116527
E2F6P3	0.001758007276750872
RPIA	0.0017578055778362791
ZEB1-AS1	0.0017575725564118686
HRNR	0.0017571879765967302
RBM22P2	0.0017569163981782886
AC090957.2	0.0017567155667446636
SNORD105B	0.0017565491259586609
RP5-1039K5.16	0.0017564213623096584
C8orf17	0.001756359709170303
YPEL5P2	0.0017561861070257165
PRDX3P4	0.0017558473814603655
CNIH2	0.0017554350934979887
KCNA3	0.0017552245197406792
LINC00686	0.0017551519806306127
RP11-1399P15.1	0.0017544789296004208
SNX24	0.001754198225473399
PCDHB19P	0.0017539794039256307
AC003092.1	0.0017539300938393513
MCCC1-AS1	0.0017538533171561608
RP11-266L9.1	0.001753816056674844
RP11-797E24.3	0.0017537909131572476
MTCYBP43	0.001753409137992096
Metazoa_SRP	0.0017533780797694967
RP11-38J22.3	0.0017533339935132883
FTLP1	0.0017532770529591697
RN7SL751P	0.0017530215748596597
AC007743.1	0.0017529621988842219
MIR579	0.0017529285891255434
ZBTB42	0.0017526216667077966
NFE2L3P1	0.0017525342235115754
IGHD	0.0017525034812684085
AC006296.1	0.0017524108954525225
RN7SL309P	0.0017523579707558127
RP11-637O19.2	0.0017522457234470281
TMSB4XP1	0.0017520780790652422
CTD-2102P23.1	0.0017516106617086042
AC096582.8	0.0017511084493273192
NDUFS5P5	0.0017510614895251916
Y_RNA	0.0017510523126754271
RP11-263K4.1	0.0017509071734512962
CCL27	0.0017508881776738111
AC069063.2	0.0017508739549542168
RP11-116K4.1	0.001750821600054709
RP4-781K5.6	0.0017505108171311098
RP11-10A14.3	0.0017504886631702344
AC004237.1	0.0017504694358024874
SIX6	0.0017501329509526091
ATP13A5-AS1	0.0017498468310644037
THSD4-AS1	0.0017492793997363663
Y_RNA	0.0017492184225086052
RPL23AP27	0.0017487360492439146
SPDYE17	0.0017481994092730993
SKOR2	0.001747784560004524
KRT18P11	0.001747547036051838
OMG	0.0017475048360300076
CTC-548H10.2	0.0017474959786884198
HSPE1P7	0.001747243297414173
AC073928.2	0.001747164839274399
RN7SL561P	0.0017471034275273413
BHLHE41	0.0017469822283965437
RP11-258F1.2	0.0017469217925974397
RP11-296O14.1	0.001745785718372432
RP11-556O9.4	0.0017456854279411555
SLC25A24P2	0.0017453964149957274
RP11-6I2.4	0.0017451803024022302
RP11-626A5.2	0.0017451710816523745
RP11-395P16.1	0.0017450396330496555
RP1-240K6.3	0.0017450157081681206
KRTAP9-6	0.0017449932276369369
CDC45	0.0017449875815127335
RPL30P2	0.0017447711005801612
RP11-527N22.1	0.0017447138002938685
LINC00654	0.0017443907234767372
snoU13	0.001744301898748087
RP11-483I13.6	0.001744283316436986
AC018866.1	0.0017440683559059279
MIR3938	0.0017440003838598004
PCDHGA1	0.0017439808241213987
GNAQP1	0.0017438969872624326
SGTB	0.001743667783358344
RP11-497K21.1	0.0017436482182489371
RP11-1338A24.1	0.0017435523087989744
RP11-567M16.3	0.0017430224159692839
OR13D2P	0.001742995245021988
LINC00498	0.0017429918574496895
RNU6-1224P	0.0017422688500590814
RP11-298C2.1	0.0017417730025128927
RP5-1029K10.4	0.0017416745889583475
LA16c-312E8.2	0.001741159976336434
RP5-968P14.2	0.0017410326092837112
CTA-992D9.11	0.001741006384462854
RN7SL449P	0.0017406240422365876
RN7SL313P	0.0017406210237132529
LINC01511	0.0017403868894275728
ATG3	0.0017403633973087126
LY6D	0.0017402934192087725
RP11-267D19.2	0.0017402112589789856
AC020983.5	0.0017395734794372515
PSMD8P1	0.0017391215369973957
ACTBP2	0.0017390515189758655
AC007557.3	0.0017389690264881675
ZNF517	0.0017389251743472691
KISS1	0.0017385447243299858
RP11-662J14.1	0.0017385322251379702
RP11-46I1.2	0.0017383524134559746
CTD-3157E16.2	0.0017382254363732745
CTD-2609K8.3	0.0017381468251274129
CTC-338M12.1	0.0017380823739930413
LINC01125	0.001738008664553814
RNU6-1019P	0.001737839458282972
TSHZ1	0.0017376495351583302
RP11-543B16.1	0.0017369362206293107
LY6G6D	0.0017366395341787404
RP11-561N12.6	0.0017366218323375292
AC010907.2	0.0017363099777087763
GVINP2	0.001736074052058214
RP11-136L23.2	0.0017359303607494092
RNU6-450P	0.0017358109903732955
LENEP	0.0017355762912612807
RP11-163O19.1	0.0017353183417389542
CASC18	0.0017346177831589235
IGFL1P1	0.001734068751254357
RP11-205K6.2	0.0017338006041769337
bP-2171C21.6	0.0017335188775429084
OR13C9	0.0017334631579870538
GTF2H4	0.0017334457017063008
CTD-2544M6.1	0.0017332707730240275
AC005616.2	0.001733114246520238
RP11-123G9.1	0.001732512898578569
RP11-345J4.5	0.001732236776875214
CTD-3193K9.4	0.0017321119041545968
RP3-473B4.3	0.001732101182302579
Y_RNA	0.0017318724304612927
TRIML2	0.0017318557687293708
S100G	0.0017312680522828102
RP11-749H17.2	0.0017311309979392102
PPIAL4A	0.001730835379293193
RP11-795J1.1	0.0017306098586146361
DUSP3	0.0017305394147420013
RP11-705C15.2	0.0017303511066122628
PRICKLE2-AS3	0.0017302882843997875
RP11-170N16.3	0.0017302806672313098
RP11-685B14.3	0.0017300339168909043
SNHG7	0.0017299552153969716
RP4-545L17.11	0.0017298162131776536
CCL23	0.0017296782402453274
RP11-37B2.1	0.0017292488877373472
CEP19	0.0017291218687201255
MIR6855	0.0017290417541404091
RNU4-29P	0.0017288941580094759
MIR4512	0.0017286132839263273
RP11-348N5.7	0.0017284065004343368
GS1-57L11.1	0.0017280642741183767
ANGPT1	0.0017263003967161426
AC110754.3	0.0017262279188913728
RP1-203P18.1	0.0017259884582170532
HMGB1P51	0.0017255089770653554
KIAA1456	0.0017247989611817846
RP11-240B13.2	0.0017246989356145047
PTPRVP	0.0017241871418291505
RNU6-522P	0.0017239441932837545
MRGBP	0.0017239301752039993
AC024937.6	0.001723799002121268
DERL1	0.0017236592835736155
RP11-378J18.9	0.0017236308713983453
KIAA1614-AS1	0.0017234277224612376
RPS2P5	0.0017230832306201506
GPATCH2	0.001723061679638662
SLC25A33	0.001722998244325441
RP11-174G6.1	0.0017224875204949325
C2orf69P1	0.0017223448932222854
CTD-2024I7.13	0.001721843547677188
CBX8	0.001721780496978547
RP11-669C19.1	0.0017217220446495124
DCAF13P1	0.0017215865738702256
ALX3	0.0017214266534602124
PRICKLE2-AS2	0.0017212042902494736
CTD-2130O13.1	0.0017211930733126554
RNU6-1275P	0.0017211562377405392
RP11-202I11.2	0.0017210103379625909
LINC00896	0.0017209978339576117
CTD-3035D6.2	0.0017209552357386752
RP5-865N13.2	0.0017207617204691875
RP13-465B17.4	0.001720406084826075
Y_RNA	0.0017203602893877846
DTX2P1	0.001720355384591855
RP11-353H3.1	0.0017203418957333451
AC023469.1	0.001720026402035938
MIR602	0.0017197800862882372
RP11-439I14.2	0.0017196395037678252
GMEB2	0.0017196370688696574
RP11-281O15.4	0.0017194413260579185
ACAP2-IT1	0.0017192328231591147
SRGAP2B	0.0017191799237714256
AKAP2	0.0017191557024354635
RP11-1026M7.3	0.001718630793883566
AC073326.3	0.0017185948572959965
OR8B7P	0.0017181556739360403
U7	0.001718141033478722
OR2M5	0.001717930691189456
MIR5009	0.0017179089452304694
RP5-1198O20.5	0.0017177889028257636
RP11-473O4.1	0.0017175189807393913
ASCL1	0.0017173204074517657
RP11-397G5.2	0.0017171749775409468
Y_RNA	0.0017170588198372173
CTD-2014B16.5	0.0017167634405799838
SRSF10P1	0.0017159715316798583
CTC-308K20.1	0.0017159323855088357
RP11-460I19.2	0.001715921105081437
RP11-362K14.5	0.0017159104156465525
RP11-545I10.2	0.0017157860298459631
RPL17P17	0.001715609524753746
RNU6-1282P	0.001715312503967206
TDRG1	0.0017151198105608226
PSMC1P10	0.0017151031732668494
DUXAP9	0.001714673001589062
POC1B-GALNT4	0.0017146474611563726
PDF	0.0017143596293761512
PCNAP3	0.001713933432156634
RP11-517I3.2	0.0017138951945600248
SNORD42	0.0017138508832977243
RP11-505P4.7	0.001713589779723971
KRT18P62	0.00171350648247394
GLIPR1L2	0.0017134726455205838
CTB-118P15.2	0.0017132352701769952
UNC5A	0.001713200432897774
TDGF1P6	0.001713113137668111
RP11-541E12.1	0.0017127111043337183
RPSAP41	0.0017126463086101441
RP11-363E6.4	0.0017126135084052176
CTA-253N17.1	0.0017125706199046331
LINC00161	0.0017125506338402565
Metazoa_SRP	0.0017124647251532976
RP5-956O18.2	0.0017124448252705605
RP1-5O6.4	0.001712416176776975
MIR181B1	0.0017123053698149594
RBM20	0.0017122337753971916
RP11-15G8.1	0.001712148558890871
RP11-566K11.2	0.0017120864488862045
LINC01203	0.0017118994517912988
RP11-326K13.2	0.0017118670463730679
NOS3	0.0017117896758242573
RNU6-1116P	0.0017117396683581925
RP11-738O11.9	0.0017116884112384283
RP11-367J11.2	0.001711682027259675
RP1-20C7.6	0.001711441443336001
UPF3B	0.0017112925369193281
RP11-462B18.1	0.0017106499771363964
RP11-420L9.2	0.0017105578185734464
RP11-466A19.7	0.001710154075825076
AC015971.2	0.0017100483295869866
SSTR3	0.0017098834828775005
POU5F1P4	0.0017097809011292237
RP11-393I23.3	0.001709714364603759
CTC-525D6.2	0.0017094561844251622
OR7E126P	0.001708930383044947
RP1-172N19.4	0.0017086226889393822
SNORD8	0.0017084208452810645
C19orf84	0.001708329585427816
KRT8P7	0.0017080788877943999
CCNB2P1	0.0017080432598170921
RP1-266L20.4	0.0017079982324568945
RP11-75C10.9	0.0017077991070090306
RP11-13J10.1	0.0017077460799901703
C15orf62	0.0017074517606845419
KLHL15	0.0017072592879683872
PSKH1	0.001707188975130232
NMRAL2P	0.0017071227228341007
RP1-102D24.5	0.0017069918102734342
RP11-77K12.3	0.0017069881570231393
NAV2-IT1	0.00170698193900446
CALHM3	0.001706969464981022
RP13-577H12.2	0.0017068177258300126
RP3-523E19.2	0.001706795906827785
RP11-406O23.2	0.001706742687475116
LINC01177	0.0017065692253932225
MPO	0.0017065015150121874
LINC01597	0.0017064229491239292
RPL35P6	0.0017063911078395403
RP11-366L5.1	0.001706326832508324
RP11-300J18.2	0.0017060777014870315
FO538757.2	0.0017060564227371433
TSGA13	0.0017060143282720181
RP11-182L21.6	0.0017057081023194656
C15orf61	0.00170554335001115
RP1-257I9.2	0.001705516711633994
LINC00334	0.001705225265096885
SPATA8-AS1	0.0017049838174034177
MAGEA1	0.0017049208099553805
FMO4	0.0017047778058913287
SNORA17	0.0017047138217074179
AC004941.3	0.0017046361708133273
RP11-1018N14.1	0.0017045734027987046
CTB-105L4.2	0.0017045181923833134
RP11-513D4.1	0.001704479838599206
RN7SL132P	0.001704462407524298
FTH1P11	0.0017041295851202682
ZNF571-AS1	0.0017039867285822546
HMGN2P25	0.001703816895088632
RP11-141M1.1	0.0017035148643388175
RP11-675F6.4	0.0017034454621654657
CST5	0.0017032212298484521
RP11-785G17.1	0.0017028959671926975
LINC01058	0.001702722875791161
AC002400.1	0.0017026971805468257
EIF1AX-AS1	0.0017026224392612998
THAP7-AS1	0.0017023521004517323
RP11-865I6.2	0.0017022247150263877
RNU6-1178P	0.0017018474185295067
RNU6-415P	0.001701360187042612
SEBOX	0.0017012339071705081
RP11-452L6.1	0.001701198424854111
RP11-605F22.2	0.0017010788758568909
RP11-354M1.2	0.0017007141940483107
OLA1P2	0.0017002407817544652
MSL2	0.001699969029552375
TRIM44	0.0016999112213876982
AC005176.2	0.0016998279940879909
MIR1286	0.001699733131133495
HAUS4P1	0.0016996937004840568
NME2P1	0.0016994402986383332
RP11-224P11.1	0.001699316358067261
WI2-2373I1.2	0.001699233118256407
MIR4263	0.0016988983286254141
AC034110.1	0.001698195454340733
Metazoa_SRP	0.001697844748061152
Metazoa_SRP	0.00169726177048829
CTD-2062F14.2	0.0016971779335603358
AP000442.1	0.0016966144109563167
RP11-370A5.1	0.0016963933424534615
RP5-1009N12.1	0.0016957874500829718
AC004231.2	0.0016955518763527805
BSN-AS2	0.0016954174007684933
CTB-49A3.4	0.0016952162015490479
GNL3LP1	0.0016951866008498879
TRIP4	0.0016946359247962505
UNC5CL	0.0016942140107086526
HIGD1C	0.0016941772767109567
CTB-1144G6.6	0.0016941391204387756
RP11-334C17.6	0.0016936821547374518
MIR30C1	0.0016929585872322113
MTND2P12	0.0016928302122636736
LINC00856	0.0016927732028734594
RNU6-282P	0.001692765920948898
RPL32P34	0.0016927000593579577
AC008065.1	0.0016925847817146373
RP11-80H18.4	0.00169240389509924
AC005229.7	0.0016923525487491011
AC138517.5	0.0016922821114036249
RP11-355F22.1	0.001692217112906732
GTF2E1	0.0016921627854617949
MTCO2P32	0.0016920851684193423
MIR23B	0.0016920453586397124
RP11-841C19.1	0.0016919803429747086
RN7SL635P	0.0016918917815155522
RPS12P31	0.0016912383856836925
SLC35D1	0.0016911775056672423
PCDHA1	0.0016909665384487983
RP4-640H8.2	0.0016908105047107943
HDDC3	0.0016902146211084806
TMSB10P2	0.0016896417084354336
RP11-43F13.4	0.0016893564123194383
ANKRD20A11P	0.0016887492008028043
MT-RNR1	0.0016886661106825913
RP11-799B12.2	0.0016884091567576128
MAB21L2	0.001688155271945389
CDIPT-AS1	0.0016881552072417676
PCED1CP	0.0016880725976005642
RP11-426L16.9	0.0016877055665070894
RP11-397A16.1	0.0016874317718341106
snoU2-30	0.0016874082860430396
ZFP91-CNTF	0.0016868683991979592
RP11-260N14.1	0.0016867365145377883
RPS3AP30	0.0016866834021302777
AC106900.6	0.0016865651032653844
RP11-448A19.1	0.0016860615602360077
WBSCR27	0.0016858698468950608
RP11-23E19.1	0.0016857342727209692
AC145123.2	0.0016855702755784615
RP11-930P14.2	0.001685554348694943
AC006159.5	0.0016855119907153665
HIST2H2BC	0.0016853757346351984
LINC00554	0.0016851883390088932
ZNF490	0.0016851314551207662
RP11-112L6.3	0.0016850757348162559
RP11-201O14.1	0.0016849745999746315
RPS16P5	0.0016849103236090375
RN7SKP26	0.0016848916332136328
RP11-527L4.2	0.0016845850911131211
DDX18P1	0.001684088008588173
LINC01022	0.0016840371354754997
RP11-673P17.4	0.0016838158663740476
RP11-314N13.9	0.001683782406451301
RP11-365D9.1	0.0016832178238154823
RP11-576N17.5	0.0016831976174562448
RP11-730G20.1	0.0016829392415930635
CTD-2554C21.1	0.001682751196889749
TRIM34	0.0016822813781825904
C1orf56	0.0016820357536582418
AL022578.1	0.0016819553431023909
RP3-365I19.2	0.0016817695715994714
AC018731.3	0.0016816844695241515
ACSBG1	0.0016814969855842134
RPL23AP52	0.0016812845235197943
RNU7-113P	0.0016809982725191723
MTND6P24	0.001680825402176898
CTB-60E11.11	0.0016806802956303446
FALEC	0.001680467928975209
MIR550A2	0.0016804397213214459
OR6E1P	0.0016803512133800392
SERF1B	0.0016802141196489249
RP11-463C8.5	0.0016802033837434015
RP11-613F22.6	0.0016801822214072412
EIF1AXP2	0.001679997498673243
UBE2SP1	0.0016797196097283707
ZSCAN22	0.0016796204186525646
CTD-2517O10.5	0.0016795805726043716
RP11-77K12.4	0.0016795623200309153
C2orf80	0.001679430567979
EMILIN3	0.0016793422521370282
GSTM5	0.0016792172356578578
ZNF625	0.0016788980748599456
HIST2H3C	0.0016788715931123476
RP11-90J7.4	0.0016785452218457413
IGHV3-50	0.0016785288850842634
MTATP6P24	0.0016785108546263166
RP11-64C12.6	0.0016782755038892406
RP11-318K12.2	0.0016781983548576085
RP11-12M5.4	0.0016771773089827274
AC073043.1	0.0016771100051939218
CTD-2530N21.5	0.001676395220864373
RP11-713H12.1	0.0016763429067667955
RP11-403H13.1	0.0016756139638652847
LINC00461	0.00167549606517397
OR7E15P	0.001675481115817565
RPAP2P1	0.001675325484596839
TBCAP2	0.0016751645620735661
RP13-258O15.1	0.0016750723704575718
GSTT2	0.0016749466160211662
HNRNPA1P32	0.0016748817786200233
NUTM2B-AS1	0.0016748388537955075
AC113617.1	0.0016738816290306057
ANKRD39	0.0016738180024370684
RNU2-33P	0.0016736821601290568
RN7SKP261	0.0016730933917008001
IGHV1-3	0.0016730309419220987
CALML3	0.0016728878280366482
KRT17P5	0.0016725677108446588
CTD-3073N11.5	0.0016724710725665758
LINC00304	0.001672347590767443
MIR4312	0.001672242002771184
NKILA	0.0016721872041979085
RP11-490E15.2	0.0016720664046291913
SLC9A3P3	0.001671982890179813
RP11-562A8.4	0.0016719724179957162
LILRP1	0.0016718043345150201
RPL23AP95	0.001671495215808221
STRIP2	0.0016711412574631022
SCG5	0.0016710237082889505
NCKIPSD	0.0016709333552549495
MRPL23-AS1	0.0016706609713223216
HOXB9	0.0016705518133388654
LINC01033	0.0016705259681528447
AC105402.3	0.0016702955701244572
CDC37P2	0.0016702238961858764
RP11-69L16.3	0.0016701818334292472
IGHD2-15	0.0016701477876198895
CASC10	0.001670090680271301
WASF2	0.0016699138743254403
RP11-548K12.5	0.0016694472305062602
CTD-3088G3.6	0.0016693628302588068
CTD-3203P2.3	0.0016691426543520584
NDUFA8	0.0016690439003490948
AMY2A	0.001668959005154022
MIR5583-1	0.0016680191461035864
Y_RNA	0.001667805396646589
RNA5SP209	0.0016675131377081526
RP11-505E24.3	0.001667106943400142
RP11-526A4.1	0.0016670559934966458
TSR2	0.0016663638375136848
RP11-52J3.3	0.001665794361867841
MIR3659	0.001665716401743811
AC140076.1	0.0016654728781070331
ATP6V1F	0.0016650525578068454
RNU6-799P	0.0016648709632174998
RNU6-1163P	0.0016643441385502005
GPAT2P2	0.001664187611415734
RP11-334E6.4	0.0016641135906097085
HSD17B14	0.0016639061950831796
RNA5SP217	0.001663719403744537
KRT8P39	0.0016636357810412101
FAM210CP	0.0016630401968526567
RP11-16E12.2	0.0016627549982017704
DKK2	0.001662734266245552
DDTP1	0.0016627338868197418
RNU7-200P	0.0016627116185989705
AKAP17BP	0.0016625090946662208
LINC01039	0.0016624334986528435
RP11-416N2.4	0.0016624218597219302
FKBP1AP2	0.0016623052871227
RP1-206D15.5	0.0016620796771516244
FZD8	0.001661925048845605
VENTXP3	0.0016615980732233263
RP11-387D10.4	0.001661532465218455
RP11-259A24.1	0.0016614053841151025
SRGAP3-AS1	0.0016613499458820518
RP4-591B8.2	0.0016610214703857587
RP11-1379J22.7	0.0016608061552342568
RP11-379F4.7	0.001660741617290163
RP11-244F12.3	0.0016606776126861546
AC008686.1	0.0016601859387728715
RP4-718P11.1	0.001660006038829639
GJB3	0.0016599333826213265
CTD-2623N2.5	0.001659854499426673
VN1R90P	0.0016591649384108335
MTND6P25	0.0016589224488497859
PHC1	0.001658749603817683
TEX38	0.001658539863121082
AC018730.4	0.0016584656639879458
RP11-452D2.2	0.001658431213232641
RP11-650J17.2	0.0016580012690496652
TCEB1P29	0.0016577791994652265
AP000221.1	0.0016576880434983588
RP11-409K20.6	0.001657652462010961
PARD6G-AS1	0.0016576043276765018
TBC1D28	0.0016574577817845921
AL031601.5	0.0016571113359692767
KCTD8	0.0016571094949380453
ARHGAP19-SLIT1	0.0016571091107507108
RP5-891H21.5	0.001656954590808491
MAGEA8-AS1	0.0016565841152894
ARHGAP42P2	0.001656285839885047
RP11-453O22.1	0.0016561535512995685
AP000351.4	0.0016560857497937996
TXNDC12-AS1	0.0016553484647458796
EREG	0.001654903454618113
RP5-837M10.4	0.0016548438680483632
IGLC7	0.0016548413797901756
KIR3DX1	0.0016548108887798154
RN7SL434P	0.0016548076839325407
TGIF2P1	0.0016546135727883368
ATP5C1P1	0.001654089428476041
RP11-150O12.3	0.0016538834378176713
AC007237.2	0.0016538413604472648
SNORD113-4	0.0016537633493484806
TLE1P1	0.001653524045233345
AC064875.2	0.0016534447641057
MIR3200	0.00165334582841077
AP000235.3	0.0016532925646863931
RP11-105N14.1	0.0016529336694664064
AC009518.4	0.0016528538436180755
RP11-351C21.2	0.0016528518771129965
Y_RNA	0.001652461726897952
RP11-249L21.2	0.001652369632528341
RP11-501O2.5	0.0016521574524941663
LINC00836	0.0016520580939092034
SLC18A3	0.001652013944093382
RN7SL19P	0.0016514291425164492
RP11-57H14.5	0.0016514253028079063
RPS26P40	0.0016512934056028762
RP11-451H23.1	0.0016506911135615858
PRELID1P4	0.001650667137042351
IFNL3	0.001650631961698361
RP11-1143G9.5	0.0016506139663956135
RP11-104N10.1	0.001650441559079953
LINC00243	0.001650335626319669
PCDHB16	0.0016501520767566347
RPL12P14	0.0016501017734645285
CTD-2349B8.1	0.0016500819277576494
RP11-277J6.2	0.001649732687686954
RN7SL153P	0.00164942275102803
RNA5SP373	0.0016493876746194412
SNX19P3	0.0016493349860685475
CYP51A1P2	0.0016491518567343622
LBX1	0.0016488533364794524
RP11-174G17.2	0.0016484398633215764
RN7SL784P	0.0016483635161872567
RP11-31H5.3	0.0016482065553052774
AC019070.1	0.0016482062275740728
FBXO40	0.001648000046870305
TIMM22	0.0016478186993388664
CTD-3138B18.6	0.0016476689022290251
SSBP1	0.0016476038390615332
CH17-478G19.2	0.001647199159556848
RP1-138B7.4	0.0016468209549468102
CTD-2313N18.8	0.0016467574250454658
RP11-366M4.17	0.0016467506362459303
MTRNR2L7	0.0016464634007221138
RP11-5N11.3	0.0016463175345874728
IGHV1-46	0.0016461222903587647
CTD-2666L21.2	0.0016456692093543657
LINC01137	0.0016456495113251807
PPM1N	0.001645399634455089
RP11-30K9.1	0.0016450699306182434
ARHGAP11B	0.0016447056582404344
HMGA1P5	0.0016446628132183747
PHBP19	0.001644599005207612
FECH	0.001644537881826296
AC011330.5	0.0016444992341575339
NORAD	0.0016444367061325008
NHLRC4	0.0016443716521464386
RP11-524O1.4	0.0016443360076519675
RP11-727F15.12	0.0016442269065838407
RP11-217B1.2	0.0016440252625196227
CLNS1A	0.001643950020803127
FIGLA	0.0016437345261252013
RP11-6N17.2	0.0016431825960748691
RNU7-50P	0.0016431557070554401
TRAPPC4	0.0016429660923873133
MIR1256	0.0016429308459446274
EIF4EBP1	0.001642660486627019
OR2C3	0.0016421492955785433
MIR6889	0.0016420680257454227
ENPP7P8	0.0016418932802274551
SNORD115-35	0.0016416322980190188
RP11-44K6.3	0.0016414726386783528
CEACAMP2	0.0016410262612994468
RP11-684B2.3	0.0016407116181611585
BOLA2B	0.0016405366500918668
GACAT3	0.001640447817403945
SNORA42	0.001639959035816863
LINC01580	0.0016396836377236368
AC017101.10	0.00163968040450709
RP11-297M9.1	0.001639378812770478
HNRNPA1P68	0.001639207354740223
CTD-2014D20.1	0.0016391759564601794
RP11-458F8.3	0.0016390355412064714
HMGB1P19	0.0016389361252274642
ZNF878	0.0016387662543664958
ZNF578	0.0016384948003440398
RP11-1D12.1	0.0016382940893537353
RP11-517H2.6	0.0016380255260903536
RN7SL440P	0.0016379232010639872
DIRC3-AS1	0.001637871391699814
FNTAP2	0.0016376186154018792
RP5-1119A7.10	0.0016374426110739473
RP11-2N1.2	0.0016374094836189988
RP13-977J11.8	0.0016372966008500263
AC078842.3	0.0016362703470127883
CTD-2619J13.13	0.001636254335412232
RP11-362J17.1	0.0016359924839179783
TMEM186	0.0016356489062144064
SULT6B1	0.0016356120185513079
EGLN1	0.0016354268960923509
RP3-486D24.1	0.0016354176857676613
NKX3-1	0.0016350810172563322
CTD-2228K2.1	0.0016350438039229324
MYL10	0.0016347870386094763
RP11-516C1.1	0.0016347171792519392
RP11-313P18.2	0.0016346056504853903
RN7SL411P	0.0016343908040184405
IGHV4-4	0.0016343465570720563
AL450226.2	0.0016341435109355627
LCN1	0.0016341133913059247
RNU1-91P	0.001633832534432929
AL022476.2	0.0016336133977680877
RP11-49I11.3	0.001633196282707466
RP11-561B11.6	0.0016328599467772995
RP4-686C3.7	0.0016327257254048697
RPL39P38	0.0016324391291290628
LINC01551	0.0016322821312130173
CYCSP29	0.0016322582175761304
HMGB1P40	0.0016321818316854125
CTD-3018O17.5	0.0016320374828810971
RP11-221J22.1	0.0016314755121050884
RNU2-17P	0.0016312834484523467
HSPB9	0.0016312386201608998
RN7SL483P	0.0016310250388421725
RP11-163O19.10	0.0016307254664468663
RP11-15B24.1	0.001630535511232811
HOXA13	0.00163052631718702
RP11-720L8.1	0.0016304784266294966
FAM204BP	0.0016303451319725957
CTA-384D8.35	0.0016301445865042662
PRPF19	0.0016299798983201424
RP11-663P9.1	0.0016298938515615143
CAB39P1	0.0016294616191288532
RP11-81A1.4	0.0016293963172202587
RNA5SP243	0.001629309289742822
HMGN1P14	0.0016292985867508978
MUC12	0.001629263839043062
GDF6	0.0016284747861424434
MIR4643	0.0016280954641183384
RP11-121C6.5	0.0016276587337210558
SNX18P2	0.0016274140276989557
KCTD19	0.001627354959832169
RP11-620J15.1	0.0016273300152457588
CTA-941F9.10	0.001627158924478774
RP11-566J3.2	0.0016270427405556621
LA16c-306E5.3	0.0016267970462615063
CCND2P1	0.001626654291207108
CTD-2510F5.4	0.0016265174027286506
NADK2-AS1	0.0016264267069766916
C10orf105	0.0016260877899360229
BCAP31P1	0.0016257898997456203
WWC2-AS2	0.0016257408042290803
RPL10P19	0.001625711088681995
CH17-53B9.4	0.0016253495390536777
RP5-915N17.11	0.0016252461636101193
RP11-363H12.1	0.001625209535293032
AC015849.19	0.0016248004761203665
RP11-299G20.2	0.0016246821081444404
ZNF402P	0.0016244273641458792
RP11-461L13.3	0.0016235609745154874
RP11-168O22.1	0.001623314908933607
MIR4783	0.0016232120180724179
POT1-AS1	0.0016231904487351962
LUCAT1	0.001622993165896319
AC083867.4	0.0016229005761731613
CDV3P1	0.0016226370849595831
NUTM2E	0.001622483970494581
RP11-722G7.1	0.001622453223264198
RNU7-63P	0.0016224295680059
TSTD1	0.0016211464028496915
RP11-158A14.1	0.0016209500566215188
RP1-50J22.4	0.0016208380852993478
RP11-384K6.6	0.0016208065073825481
AKR1B15	0.0016207958267726922
PHBP7	0.0016206993175082835
SNORA7	0.0016205090462590183
AP000640.2	0.0016204642323183892
RP11-485C11.1	0.001620427212236473
CTC-503J8.4	0.0016202794808825415
FDCSP	0.0016200556784724005
IL11	0.0016197281048442667
RN7SL664P	0.00161916427399056
RP11-326I11.4	0.001619064955501974
RP3-468O1.6	0.0016186856498923959
RP11-192H23.6	0.0016180305800701132
RP11-260M19.2	0.0016177777438693983
CTC-425O23.2	0.0016173612476612182
CTD-3193K9.1	0.0016172944217318272
DND1P1	0.0016172836539604467
Y_RNA	0.0016170656868023316
RP4-604G5.3	0.0016167871706586783
AC010731.3	0.0016167405629957561
RP11-274A11.4	0.0016166830195660476
AMD1P4	0.001616134451858932
AC093326.3	0.0016161262899701137
RP13-565O16.2	0.001615924066738807
PGAM1P5	0.0016158480332861907
RP3-461F17.1	0.0016151190383201673
AC009961.2	0.0016148314635185711
RP11-946L16.1	0.0016144128329944568
CTD-2316B1.2	0.0016141930513937346
CTD-2587H24.5	0.0016141705476693663
AC114760.1	0.0016140718007489235
TMEM126A	0.001613992649225943
PSPC1P1	0.001613461895885367
SNORA9	0.0016134254852828982
SNORA73B	0.001612850506329935
AC068538.4	0.0016126445088457738
AL356289.1	0.0016124082895633237
RP11-129I19.2	0.001612407814127255
AF038458.3	0.001612229828912707
RP5-933K21.3	0.0016121303990153887
LINC00967	0.001612064978457823
Y_RNA	0.0016114728574890072
AC002451.3	0.0016114076766541407
RN7SL820P	0.001611376244234542
AC025165.8	0.0016111621197478021
RP11-447M12.2	0.0016111232624491214
OR10J1	0.0016109211472144743
C1QL2	0.0016108349488336798
RNU6-199P	0.0016107900617423454
BTF3P12	0.001610597728691085
RNU6-919P	0.0016105750765139652
RPL23AP87	0.0016099721292204816
LINC01277	0.0016098657271550103
RP11-196H14.4	0.0016097711234452719
RD3L	0.0016096169885104006
RP11-101E7.2	0.001609526203548625
CLDN20	0.0016094901946644392
RP11-40E6.1	0.0016092689080055027
RP11-135F9.3	0.0016089208710642889
DEFB135	0.0016087948477592439
AP000640.10	0.0016086325631617744
POGLUT1	0.0016081763567506475
FAM161B	0.0016080220733973192
RP11-468H14.2	0.001607894761045331
VN1R28P	0.0016077901592619198
Y_RNA	0.0016075689614560408
RN7SL767P	0.001607368991289198
BCRP1	0.001607234067608403
CYC1	0.001606999579975688
RP11-390K5.1	0.0016066374069041251
KCNB2	0.0016066050815367174
RP11-298E2.2	0.0016065329019195275
METTL21EP	0.001606445265458585
MIR4787	0.001606298075652282
SLC16A8	0.0016062432581711399
RP11-405A12.2	0.0016062007023575494
AC016831.6	0.0016061850482417032
RNU6-907P	0.00160603623548125
CTD-3193K9.3	0.0016057904848501819
MIR7976	0.0016056300742108972
RNU6-173P	0.0016054998690666863
RP1-309F20.4	0.0016052062755544324
AC005779.2	0.001604961184627688
RNA5SP260	0.0016049252391628769
CTD-2130F23.1	0.001604788263248363
RP11-2O17.2	0.0016047516153740633
RP11-259G18.2	0.0016042305732400812
AC016909.2	0.0016040254774020617
MIR624	0.001603198644505216
DNM1P35	0.0016028708237118589
RP11-126K1.6	0.0016027889751321239
TRPM2-AS	0.0016027038335489296
RP11-146E13.4	0.0016026430409790309
PIGH	0.0016019564885053148
C5orf17	0.0016018391768341475
ERI3-IT1	0.0016017749805410041
RP11-355O1.11	0.0016013326489474333
AC022210.1	0.0016012180058308592
RP1-256G22.2	0.0016008866746688327
SPATA25	0.0016008508884079254
RP11-47G11.2	0.0016008208304740096
RP11-368P15.1	0.0016008192441650717
PSMG3	0.0016006371334424127
FAUP2	0.0016000997194589367
CTD-2270L9.2	0.001599885794942441
HSPA8P3	0.0015995733907507507
LGALS7	0.0015993446214980474
IGLCOR22-1	0.0015990866126232082
ABHD17AP6	0.0015986129389020567
TLR2	0.0015984955024807965
CTD-2185K10.1	0.0015984804511223706
PRKCSH	0.0015983899060723456
RPS27AP9	0.0015979461415502286
CTC-559E9.4	0.0015977688215652256
SRD5A3-AS1	0.0015975890422471961
AC125421.1	0.0015974589725269018
RPL5P11	0.0015973342062351366
RP11-151G12.2	0.0015969777959999626
PSMA2P1	0.0015964822939453663
RNU7-11P	0.0015963241149190104
RN7SL596P	0.0015962072792748531
RNU6-194P	0.0015961459564637016
RNA5SP323	0.0015960862858747375
KHDC1L	0.0015959552948556406
RNA5SP46	0.0015957653255356757
ZSCAN10	0.001595745681411049
RP1-267D11.6	0.0015950522192787792
CTC-436P18.5	0.0015949402026960067
AC092641.2	0.0015946961336069385
KB-431C1.5	0.001594559978005617
CTD-2568P8.1	0.0015940649433041486
ZMYM4-AS1	0.0015939656920432661
RP11-383M4.6	0.0015938521150664219
DNAJC25-GNG10	0.001593823066279403
RP1-151F17.1	0.0015932470128008976
C1orf186	0.0015932141857077557
DEFB108B	0.0015931130134363913
NEDD8-MDP1	0.001592964422073842
RP11-502F1.2	0.001592759096980604
VN1R71P	0.001592580054624695
N4BP2L2	0.0015921113303789874
RP11-46J23.1	0.0015918364929537168
NUDT10	0.0015917904558171323
Y_RNA	0.001591740120625553
RP11-74C3.1	0.0015915107471413533
MIR8080	0.0015913511632812322
SPTLC1P5	0.001591081554235994
RP11-1379J22.5	0.0015909865661363244
AC034228.4	0.0015908862982380938
RP11-958F21.1	0.0015907338262678408
AP002381.2	0.0015906977977150607
MARK3P1	0.0015899804127114797
ZBTB20-AS2	0.0015896133535820585
RP11-298I3.6	0.0015895783568734818
IGKV1OR2-118	0.0015894907304424383
PLA2G2F	0.0015894051291513113
IGLV3-22	0.0015892942680554307
RP11-231P20.5	0.0015891735645876125
UBE2FP3	0.0015886722411901158
TP53TG3GP	0.0015884683362356368
RP5-867C24.5	0.0015881166643655032
RP11-64B16.4	0.0015880337922826462
RP11-392A14.8	0.0015878653673599534
BPY2DP	0.0015873712495862527
CTD-2323K18.2	0.001587356019184719
AC004987.10	0.0015873494612111134
CYP2A7	0.0015872297501512726
KDM7A	0.0015872272916907736
SUCLA2-AS1	0.0015869545354222205
RP11-791O21.5	0.0015866636414872584
KRTAP5-4	0.0015865402990634316
LINC00440	0.0015865001890157445
RP11-556N21.1	0.0015861976609134946
PFN3	0.0015860153745262395
IL17C	0.001585947603766683
RPL7P26	0.0015856954013686612
RP5-1121H13.4	0.0015856360446825674
RP11-531A24.5	0.0015855357249817527
CTD-2538G9.3	0.0015854597252270071
IFNWP9	0.0015853781871721462
RP11-1277A3.1	0.00158535593058331
MIR769	0.0015852992334458335
RP11-6N17.4	0.0015852069638760975
LINC00083	0.0015850177435322642
MTCO1P3	0.0015850110717131219
RP5-1142A6.8	0.0015849939508715432
RP11-794M8.1	0.001584772274435047
U40455.1	0.0015844237160702987
EPYC	0.0015840098785497418
ZNF319	0.001583949868360728
RP11-370I10.10	0.0015836189136958733
LINC01036	0.0015832648531575073
ATP5LP5	0.0015831246619936858
AC002467.7	0.0015831244493891218
FRG2C	0.0015823047531444412
RP11-93K22.1	0.0015822272589208644
MIR1200	0.0015818544140940522
RP11-58K22.5	0.0015813861965623436
RP11-475I24.8	0.0015813267572561268
NPM1P45	0.0015810227762797088
MRPS14	0.001580917058984005
PWRN3	0.0015808182178791137
RP11-501M7.1	0.0015806614791927108
AC005009.2	0.0015806362277572597
AC006373.1	0.0015805019296821865
RN7SL110P	0.0015804115971723035
AC087501.1	0.0015802284648161837
PRPF38AP2	0.0015802250297889645
DBIL5P2	0.0015801644486906896
TMEM216	0.0015801465321073427
GOLGA2P5	0.0015798588954692452
FGF19	0.0015793722900598812
SLC12A3	0.0015791979833154706
AC005324.7	0.0015789957830445022
Y_RNA	0.0015789745658572236
SPDYE22P	0.0015789669352760088
AC145343.2	0.0015789369277441252
MTND1P24	0.0015787818764035765
RP1-150O5.3	0.0015787742061291537
P2RX5-TAX1BP3	0.001578654326788981
RNU1-2	0.0015785479193862577
DENND6A-AS1	0.0015782915836547189
MRPL44	0.0015781665764025544
RP4-555D20.2	0.0015776482570720217
RP11-286N22.6	0.0015773079324630191
MIR92B	0.001577286326899306
RP4-545K15.5	0.0015769417239951391
RPEP6	0.0015768259917000192
CTA-392C11.1	0.0015767127922562316
RNA5SP242	0.0015758638041614157
RP3-359N14.2	0.0015757601224121811
RN7SL338P	0.0015757450517649733
RN7SL351P	0.0015756896376702423
MIR4458HG	0.0015756213905159674
FAM201B	0.0015754210141345098
UBBP1	0.0015753907187555788
MTND3P5	0.0015752278965344923
DCTN5	0.001575094191830711
PPP1R27	0.001574853898160131
LINC01163	0.001574832916440726
CTB-113D17.1	0.001574749426981456
RP11-838N2.5	0.0015744567018191342
PDXP	0.0015744377171160316
RP11-96C21.2	0.0015744342002861598
RP11-296K13.4	0.001574365906138483
EIF2B2	0.0015739938895150774
RP11-209K10.2	0.0015733570002886782
UCN3	0.001573354914170752
RP11-719N22.2	0.0015729877008741752
FKBP1AP3	0.0015724784545034125
MTND5P13	0.0015723233177332865
VCPIP1	0.0015722807040157655
RP11-114G11.3	0.0015722019922905194
RP11-355I22.5	0.0015721303835154262
LINC00279	0.0015721041008730941
P2RY4	0.001571964195011836
FAM136BP	0.0015717509433727872
TCEB3-AS1	0.001571688103543429
AC006989.2	0.0015715106622311737
IGBP1P1	0.0015714449551003703
AC008069.2	0.0015710018657983371
LINC00843	0.0015705353683521475
KDELR2	0.0015705193167365305
Y_RNA	0.0015703308636451799
HMGN2P41	0.0015703175670999624
snoU109	0.0015702728906897283
Metazoa_SRP	0.0015702663754298546
FAM90A11P	0.001570232393720471
RNU1-19P	0.0015700941593727155
SNORA47	0.0015695376355999505
RP11-163O19.11	0.0015691817491281645
CTD-2246P4.1	0.0015691414588837888
RP11-665C16.5	0.0015690735331409479
GAPDHS	0.0015689659229632083
LLNLF-65H9.1	0.0015685287030526704
CTC-529I10.2	0.0015682860528356856
RP11-963H4.6	0.0015679854595578799
ARIH2OS	0.0015671886728783595
TTC39C-AS1	0.0015670775813021612
PCDHGA5	0.0015666872661159782
Y_RNA	0.0015661375227197856
RP4-555D20.1	0.0015659086912317203
LINC01195	0.001565746904239321
RPL31P61	0.0015653837616234467
ST7-OT4	0.0015653570419181756
PHBP1	0.0015651943849975959
WEE1	0.0015649185571753686
GAPDHP22	0.0015645597053550184
RP11-88I21.1	0.0015645055164942977
RP11-71B7.1	0.0015644182464376552
HIST1H4E	0.0015641315413359544
SLC7A13	0.0015632258491241767
IGLV3-21	0.00156295888800331
RP11-486A14.1	0.0015628769378860108
SNRPGP2	0.0015628389674794774
RP11-1000B6.7	0.00156279323212023
MZT1P1	0.0015627887351459674
RP11-603J24.7	0.0015626030815610295
GGT4P	0.0015619219185162483
GOLGA6L5P	0.0015616214565605101
TMED7-TICAM2	0.0015613976952099553
PVRL3-AS1	0.0015607332222390342
CDC42P3	0.0015605307907923377
RP11-68D16.2	0.001560509016291913
RP11-280G9.1	0.0015604499415288787
RP11-343C2.10	0.0015602458902056646
RNA5SP426	0.0015599661048821825
RP4-798P15.3	0.0015597754048553303
RNU7-154P	0.001559702942565698
GP5	0.0015592630288859717
RGP1	0.0015590897477025447
CTB-174D11.2	0.0015588283394345841
RP11-800A3.4	0.001558807790765698
XXbac-BPG55C20.7	0.0015586997489409002
RP11-16E23.4	0.0015583951433477813
AC092597.3	0.0015580606850022494
SNRPCP13	0.0015576550057471643
AC068580.7	0.0015573564776412557
POLR3K	0.0015571512689117651
RP11-716H6.1	0.0015570147528505994
RP11-248B24.5	0.0015566431177510948
RP11-580I16.2	0.0015564998003893408
CTA-390C10.10	0.0015564578713112985
AC091153.4	0.001556344277522366
RN7SKP207	0.0015561641101566371
MIR4754	0.001556052732218357
LINC-PINT	0.0015559320867716514
OVOL1	0.001555818856728828
RNA5SP473	0.0015555435889470246
NEUROG1	0.0015553522204082675
CTB-147C13.1	0.001555035219637254
MRPS17P3	0.0015546665407682907
APEX2	0.0015544891226552302
LINC00536	0.001554463588737618
RP11-932O9.7	0.0015541781835585779
RP11-476D10.1	0.0015539913073526446
RN7SL794P	0.0015537999354465753
RP11-364C11.2	0.0015537157972515306
ACTP1	0.001553642090485082
RP11-599J14.2	0.001553210195753477
SNORD121A	0.001553114002867434
RP11-316M20.1	0.0015530884161159412
POLR2I	0.0015528437204435682
CACYBPP3	0.0015527317485574195
RP11-510N19.5	0.001552431706519878
CTD-2647L4.4	0.001551963713015941
RP11-109P14.8	0.0015516776224486254
LINC00399	0.0015512797010861642
DOCK4-AS1	0.0015511028540586048
CYB5RL	0.0015510194857109069
RP11-923I11.8	0.0015509819035972867
RNU6-657P	0.001550953220448087
CTD-3149D2.2	0.0015509396504514567
HIST1H4D	0.0015508283779654957
IGKV6D-41	0.001550347950340725
RP11-395I14.2	0.001550318671291534
CTC-527H23.1	0.0015500761682243677
RP1-153G14.4	0.0015498393581051247
RP1-130L23.1	0.0015495765776897944
LINC01187	0.0015494630255183026
RPS26P8	0.001549401262447497
SNX18P5	0.0015490583916383063
RP11-159D12.10	0.0015489369299564561
RPL10AP1	0.00154825971641802
RP11-649A18.3	0.0015482283846937944
INHBA	0.001548173338449007
RP11-338E21.1	0.0015481538273243018
RP11-208P4.1	0.0015481440233855027
SMDT1	0.0015480975263970202
RP11-34P13.13	0.0015480752914408021
IGHD5-24	0.001547883444690297
TEX43	0.0015477878325390036
RPSAP76	0.0015477450335225939
RP11-1292F20.1	0.001547734679445359
RP11-586K12.1	0.0015476318905398617
RP4-798A10.4	0.0015475883441681934
RP11-11K13.1	0.001547333892527802
RP11-526I2.5	0.0015470770377232605
MTFP1	0.0015469925046394453
GBF1	0.001546883723600619
AP001626.2	0.0015468482404020877
OR7G2	0.0015468192349282536
IFNL3P1	0.0015466981603153044
RP11-98D18.9	0.0015466882085305685
RP5-1185K9.1	0.0015465216668952414
RP11-253I19.3	0.0015464213505632372
AC006126.3	0.0015460280260314856
RP11-1140I5.1	0.001545894960968909
PHBP2	0.0015457318879185224
BNIP3P11	0.0015456510522708017
RP11-635L1.3	0.0015451332113959985
ZSWIM8	0.001544646653881989
NTS	0.0015444408930944075
GSX1	0.0015443751911987979
RP11-326K13.4	0.0015443429460295797
CHRND	0.0015442869167207707
CITED4	0.0015438343924621823
RP11-1193F23.1	0.0015434587041421458
RP11-552C15.1	0.0015432569048117373
SLC39A2	0.0015430434084210175
RP11-310J24.3	0.001542958880919685
CCDC58P5	0.0015429122307942678
HSPA8P5	0.0015428458188690532
SETP8	0.001542844413557392
RP11-187E13.3	0.0015427147208281942
BTF3P5	0.0015425701164177897
GCKR	0.0015423943269838078
PPIAP25	0.0015420307057274903
OR10D1P	0.0015418151523352956
STAC2	0.0015415814683885588
RP11-60C6.8	0.0015408789819816066
RP11-368M16.5	0.0015403008438510243
RP11-642D21.2	0.001539994150399439
RP11-332J15.2	0.0015397984982663054
RNU6-674P	0.0015395149419478622
CTB-118P15.3	0.0015393779729422552
RP11-325E14.5	0.001539246706853866
RP11-225B17.2	0.001539105542371735
RP11-644F5.12	0.0015389592155553578
CYP51A1P3	0.0015385676965853276
LINC01167	0.001537937250658655
MIR3944	0.001537832336172389
RP11-632F7.3	0.0015377892244493384
GLYATL3	0.0015376784057312273
RP11-42O15.3	0.0015372362576930206
RP11-82O19.2	0.0015370232351258509
PLAC1	0.001536811038237711
RHO	0.0015366900748457425
RP4-811M8.1	0.0015366579209990098
RP11-110L15.2	0.0015357967445544405
CTD-2235C13.2	0.0015356303445599065
RP11-293B20.2	0.0015355256751662116
ANKRD20A7P	0.0015353751027243658
LYZL1	0.0015352896678543437
NR1D1	0.001534900668262619
RP11-745L13.2	0.0015347956124243188
LINC00200	0.0015343668748679573
RP11-452I5.2	0.0015343362808728732
RP11-162P23.2	0.0015342720812288476
CTD-2162K18.4	0.0015340785573801211
RP11-77E14.2	0.0015340246027296422
SPATA31A6	0.0015338385896395644
RP11-511H23.1	0.0015336095180127915
DEPDC7	0.001533380962621301
DSG3	0.0015332870802438766
OR11M1P	0.0015332230612552017
ZCCHC13	0.0015327861056063387
OR56B3P	0.0015327049737534873
CTD-2562J17.7	0.0015324564551800978
RP11-381P6.1	0.0015324306958369271
CTD-2523D13.1	0.0015323308186048826
RP11-587D21.4	0.00153225259930393
RP3-520B18.1	0.0015319440567912474
RP11-429G19.3	0.001531790088750344
Y_RNA	0.0015312461468891113
RP11-86H7.6	0.0015311674249878422
NCOA4	0.0015309276632176339
RP11-680F8.4	0.001530830024980853
RP11-857B24.3	0.0015307633769135204
DNAH10OS	0.0015307018637904734
RP11-48G14.2	0.0015306298277787391
RP11-115J16.1	0.0015304112885939727
RP11-302M6.5	0.0015303093845850176
MICE	0.0015302782304705905
AC069063.1	0.0015302126610596204
RPL23AP30	0.0015300620690465543
AF064858.7	0.0015300329000719397
CRYBB3	0.0015295174357922415
RP11-1141N12.1	0.001529325823689249
CTC-523E23.11	0.0015292565984807791
AC144450.2	0.00152923646197596
FLJ42393	0.0015289548384035865
RP11-259P20.1	0.0015289448649265852
RPL18AP2	0.0015288143800397367
ZNF516	0.0015286350377724054
RP11-514F8.2	0.001528597085442669
SNORA57	0.001528522196770573
ASS1P12	0.0015282677357692975
RP11-42A4.1	0.0015281033071902713
RP11-777B9.5	0.0015279391310451416
RP11-39H3.2	0.0015278999364357958
RP11-3D23.1	0.0015276447911272127
WI2-2118C23.2	0.0015276362311343915
NXT1	0.0015275957378309305
RPL37P1	0.0015275658580753719
RP11-70P17.1	0.0015274588676788244
HNRNPA1P5	0.0015272602832818436
RP11-556I13.2	0.0015271585136438007
LRRC30	0.0015270285574264248
FOXE3	0.0015270156023879725
RP11-294O2.1	0.0015266592207425357
MPC2	0.001526270530296003
RNU2-25P	0.0015262408832152996
RP11-466A19.6	0.0015261493862677904
RNU6-998P	0.001526117606143289
ZBED6	0.0015261090233528545
ATAD3C	0.0015258817342269373
RPL26P9	0.0015258769811759827
IGKV2-4	0.0015256658176181555
RP5-1136G13.2	0.0015255225850782398
RP11-288A5.2	0.0015254004014954774
BOD1L2	0.001525191972156391
FABP5P11	0.0015249565567265607
RP11-83B20.9	0.0015244535237669851
WFDC10B	0.0015240654992266405
ZNF705E	0.0015239767756517382
AP001429.1	0.0015238601249833597
EXOGP1	0.0015237514112738434
CTD-2026K11.6	0.0015237063327203572
CTA-363E6.6	0.001523659546913135
RP11-288H12.3	0.0015234686238674358
RN7SL693P	0.001523362553855164
RP11-171I2.4	0.0015233590073057666
CTA-797E19.2	0.001523193708425813
RP11-702H23.2	0.001522912561331326
SCML2P2	0.0015227385527313796
RPL9P30	0.0015222367131268503
RP5-854E16.2	0.0015222041009543062
FOXJ2	0.001521966179464204
AC011298.2	0.0015218375453528456
RP11-1023L17.2	0.0015217786028813548
RN7SKP299	0.001521596930500751
PHBP9	0.0015213128610135972
KIAA1024L	0.001521290060248781
ENO1-IT1	0.0015205073305731484
TCEB1P33	0.0015200893057425954
RP11-456J20.1	0.0015197021657915148
RP11-10K16.1	0.0015196333034800688
AC006369.3	0.001519573158388183
RP11-760L24.1	0.0015195516095911406
MIR4685	0.0015194459418566434
NELL2	0.0015187197739177439
C2orf57	0.0015181560253731538
ATP8A2P3	0.0015180064273431055
ACPT	0.0015173217968692183
RP11-348J24.2	0.0015169481367057667
RP11-51I5.1	0.0015169156426444279
BSNDP2	0.0015168806098935393
TRAF3IP2-AS1	0.001516766401154256
ING2	0.0015167329726408013
Y_RNA	0.0015167078329950151
RP11-154D6.2	0.001516326408542179
RP11-689P11.2	0.0015159287892388817
RNA5SP203	0.0015154898412825671
SUMO2P6	0.001515469326206614
FRS2	0.00151534732219564
XIAP-AS1	0.0015151030006730643
RPL7P25	0.0015150172672744099
USMG5P1	0.0015149948227331205
DDX53	0.0015148288843520954
RP11-719L21.1	0.0015143568574773473
RP11-402D21.3	0.0015143146644428708
AP000462.3	0.0015141286667995236
MALAT1	0.0015139405055166226
CTD-2593A12.3	0.001513888300988076
Y_RNA	0.0015131950809798432
MCCD1P2	0.001512900766319275
LINC00400	0.0015126995263985824
RP3-412A9.15	0.0015126651477233495
FAM155A-IT1	0.0015121972257744788
RN7SL303P	0.0015121533751116655
AC004692.5	0.0015119945270528393
UBE2Q2P1	0.001511905279131867
RP11-507J18.5	0.001511371459286764
ME2P1	0.0015112993654438575
RN7SL166P	0.0015112794691202944
RPS29P3	0.0015111478581689
RP4-614C15.2	0.0015106340497499946
RP11-554A11.9	0.0015106245448112858
RP11-298J20.3	0.0015104961433839233
RP11-309M23.1	0.0015104364740005343
EID3	0.0015104197349050997
RP11-27K13.3	0.0015101412051622518
RP11-65L19.4	0.0015099296707523295
AL137067.2	0.001509861728960662
C18orf8	0.0015098494056393693
RP11-567G24.3	0.0015098436032064595
HTR6	0.0015097184385612313
RP11-13A1.1	0.0015096926692558519
LINC01114	0.0015094625013499
RP11-109G23.1	0.0015091261950448732
RN7SL344P	0.0015090989158737546
TIMMDC1	0.0015090395524574585
RP11-312B8.2	0.001508842388713034
RPS19P1	0.0015088346157755305
RNU6-430P	0.0015087411322719324
HIST1H2BPS2	0.0015087365989435832
Y_RNA	0.0015082938367137586
RP5-849H19.3	0.0015080611878221047
BTBD10	0.0015079143712029015
PSME2P6	0.0015069576978146444
RN7SL807P	0.0015067226122042275
RP11-196G18.22	0.0015067165824213756
RAMP1	0.0015065479545036892
RP11-436H11.1	0.00150626800557215
RP11-561N12.5	0.0015061870152468719
AURKAPS1	0.001505798492829219
NBPF15	0.0015057625089002246
TRIM26	0.0015057013486153507
RP11-583F2.6	0.0015047339888238846
RAB40B	0.001504602189366388
AC116050.1	0.00150455778848322
SNORD115-32	0.001504543508642917
CTC-459M5.2	0.0015044251627395564
RP11-61L19.2	0.0015039885169691037
AC099684.1	0.0015039075972653345
PPIAP16	0.0015036053602191246
RP11-807H22.5	0.0015034395093801373
RP11-2K6.1	0.001503303731873887
RP11-288E14.2	0.0015026340549881456
CHCHD4P4	0.001502573847027962
VN1R87P	0.0015024297937635172
RP11-99L13.2	0.0015020852905132881
OTUD6A	0.0015018427574349739
RN7SL391P	0.0015012450981180354
RPSAP15	0.0015007340315715105
LRRC52	0.001500492313478998
MTF1	0.0015003563015564705
RP11-692M12.5	0.0015002963083117526
RP11-60I3.4	0.0014999790704567477
RPL36AP41	0.0014999042479283719
C9orf50	0.0014995587811845762
LINC01428	0.0014993597860318035
RP11-139I14.2	0.001499020623183799
C21orf91-OT1	0.0014987783588678255
CTA-246H3.11	0.0014986777679537047
EMG1	0.0014979804948694615
RP11-466H18.1	0.001497784266848934
VPS37D	0.0014975395187217845
RP1-261D10.1	0.001497463510549817
RP5-896L10.1	0.0014973539892217122
SNORD116-15	0.0014968798765245758
MRGPRX3	0.0014963143576902937
IGHV3-71	0.0014962066349572714
AC106869.2	0.0014962006538445627
RP11-398J5.1	0.0014961135868305675
RP11-365H23.1	0.0014959888468796486
IMMP1LP3	0.0014959113203392924
RP11-258B16.1	0.0014958225431016096
RP11-267D19.1	0.0014957249886869508
SNORD13P3	0.0014954805265323349
HBA1	0.0014949888889232564
SLC10A2	0.0014949445383389789
AF196970.3	0.0014948572909935
MIR378J	0.0014947915492695776
PHLDA2	0.0014944592162712991
RPL23AP4	0.0014943327943763283
CTD-2184D3.3	0.0014943271377101032
SNAI2	0.0014940891092813909
LRRC3C	0.0014938865378513275
AC013460.1	0.0014937049714767636
RP11-671J11.4	0.0014934596100065307
RP11-16E23.3	0.0014934106452681116
CTC-265F19.2	0.0014933689626376585
JAKMIP2-AS1	0.0014932894396115807
CTD-2193G5.1	0.001493151178930816
RP11-488P3.1	0.0014926523725014658
AC019181.3	0.001492518261497362
CTC-1337H24.3	0.0014922655003283465
RNU6-1045P	0.0014918317021894916
FSCN3	0.0014915031281991374
NXF4	0.001491114840469122
LINC01581	0.0014910199823235004
RP11-809N8.5	0.001490573039914886
RP11-387H17.6	0.0014900258648770982
AC009052.12	0.0014893272652180664
RP11-950K24.2	0.0014892132923042737
RAP2C	0.001488788871603863
HIST1H2BJ	0.0014884660767070278
RP11-146E13.5	0.0014883057342394736
DNAJC19	0.001487876167685791
RP11-87F15.2	0.00148757761212231
RAPGEF4-AS1	0.0014875740866616173
TVP23CP2	0.0014875433953949638
SNORA74	0.0014874375275095186
AP000487.5	0.0014867866272840733
RP1-67K17.4	0.0014866372801022232
MRPS17P1	0.001486108412976743
PCDHGB1	0.0014859331332705802
AF131215.6	0.0014858160920400128
RP11-572F4.1	0.0014854425589995155
CTR9	0.0014854224244394692
LINC01285	0.001484875322183922
RP11-540O11.8	0.0014848315022481474
RP11-261P24.2	0.001484822911018742
RNU6-1120P	0.0014847936644281814
RP11-360N9.2	0.0014846460981794737
EIF3KP2	0.0014846033947050112
RP11-729I10.3	0.0014845556067039536
RP11-126O22.1	0.0014843680465859849
RP11-1102P22.2	0.001484089021577891
LLNLF-158E9.1	0.001484086049567953
RP11-6F2.5	0.0014837104893890656
LINC01297	0.0014835638200846658
HELLPAR	0.0014834724206385951
RN7SL728P	0.0014833759210818981
RP11-424G14.1	0.0014831397136295464
AKR1B1P2	0.0014830239790488476
RNU6-876P	0.00148280773333098
UXT-AS1	0.0014825597598243413
RP3-481A17.1	0.0014823861467813928
RP11-220D10.1	0.0014819910673228532
ARMT1	0.001481980882137972
LACTB2-AS1	0.0014819413284094297
GAS2L1P1	0.0014815134300344545
AC007040.11	0.0014811018969640478
RP11-345I18.4	0.0014809863019058292
RP4-756H11.5	0.0014809500945150835
AATF	0.0014801512819028078
RP11-863P13.6	0.0014801024368713918
SNORA71D	0.0014800767441631388
RNU11-3P	0.0014798155722838475
CTD-2336H13.2	0.0014797652570335503
RP11-475C16.1	0.0014796820513559936
RP1-20B11.2	0.0014789731703088824
BTBD17	0.0014789385387861344
NBEAP1	0.0014788354850281459
RP11-484L7.2	0.001478814852334704
PPP1R3B	0.0014783308786181421
RHOQP1	0.001477994436685053
RP11-399K21.12	0.0014778703153898178
MAPRE1P3	0.001477810451280107
NDUFAB1	0.0014776783184984944
RP11-382A20.5	0.0014772334984305294
RP11-395C3.1	0.0014771800475071246
RP11-9G10.1	0.0014769982299472476
GOLGA6L22	0.0014766589127259836
LINC01001	0.0014762614412503693
UBE2R2	0.0014761277981913342
AC006019.4	0.0014761077594229546
SNRPGP15	0.0014760407018083587
CYCSP24	0.0014752915463678848
RPL3L	0.0014750620154094945
RNU6-1136P	0.001474555182617474
LINC00216	0.0014745541256314264
PRSS29P	0.001474364833896267
RP11-497E19.2	0.0014743410914043074
RP11-478C6.2	0.0014738346915271342
KCNG2	0.0014737331738458059
RP11-429P3.3	0.0014729500191742668
SNORD12B	0.0014727806193513915
RP11-1112J20.2	0.001472731033544048
SCAMP1-AS1	0.0014726572597057188
FADS2P1	0.0014725397578208778
RN7SL455P	0.0014723610185396103
IRGC	0.001471796012282174
LINC01420	0.001471420797328627
CTC-523E23.1	0.0014711289369890397
CTD-2207O23.10	0.001471081478173605
PLEKHD1	0.0014710787265446875
CCND2	0.0014707167199901007
RN7SL864P	0.0014707128225469298
SNORA12	0.0014705438362179585
MEI4	0.0014702588335557402
SNORA72	0.0014701153857633034
OR6X1	0.001469858461641787
Y_RNA	0.00146961641018008
RP5-908M14.10	0.0014696060524335413
RAB9A	0.0014695297756035803
B4GALT5	0.0014693426378963963
TCEB1P20	0.001469301900063654
MIR6865	0.0014691080974379368
ARHGEF17	0.001468999841231304
RN7SL625P	0.0014685238665696437
MIR3193	0.0014682921149671067
MIR1254-1	0.0014682499390841182
RP11-497E19.1	0.0014675376285869588
CTD-2031P19.4	0.0014674857492969846
AC008984.7	0.0014674269231601809
RP13-735L24.1	0.0014672377068149197
RP11-313I2.5	0.00146698291679078
NBPF7	0.0014667388732908747
RP5-908M14.5	0.0014665691363506361
RP11-218M11.3	0.0014663100222104444
RP1-78B3.1	0.001466222328599379
AC116609.1	0.0014660573657559342
RPS27P15	0.0014657926698385198
RP11-298E9.5	0.0014651304495672663
RP11-173E2.1	0.0014644323705316805
SNORD27	0.0014637453808118992
RP11-432J3.4	0.0014634071287909754
MPV17L	0.0014631694649417232
RP11-605F14.2	0.001463128276408567
RAET1G	0.0014628460110871339
MIS18A	0.001462531777239901
CTD-2128A3.2	0.001462021403328889
RN7SL564P	0.001461950669446805
NBPF26	0.0014616957593856295
RP11-588P7.2	0.0014616021707741988
HMGB1P7	0.0014613068669942786
ZNF346-IT1	0.0014612678857292912
CTC-479C5.11	0.0014612331785800836
RIOK2	0.0014606419998848738
RNA5SP379	0.001460427553451171
LINC00588	0.0014601437498920186
NDUFB2-AS1	0.0014598657222230345
AC007163.1	0.001459833544572971
AC114776.1	0.001459657257438262
CLCN1	0.001459601382938888
RP6-74O6.2	0.0014594524858401855
CTA-246H3.8	0.0014591072545161944
RP11-254F7.2	0.0014589296406335229
AC243945.1	0.001458811062032336
RNU6-101P	0.0014585071428937924
RP11-293A10.3	0.00145844645426154
RP11-234K24.6	0.001458114603754899
CTD-3064C13.1	0.001458054226342256
RP11-54O7.1	0.001457590261626442
RP4-753D4.2	0.0014574383520611447
RP11-158K1.3	0.0014569117372049641
PKMP5	0.001456875525112375
RP4-584D14.5	0.0014564889962511015
MIR210HG	0.0014564808617779166
VSTM2A-OT1	0.0014562612946831608
RP11-535A19.2	0.001456109400218204
CTD-2568A17.8	0.00145588522870687
RN7SL274P	0.001455882415032152
SMCO4	0.001455814988053049
RP11-9L18.3	0.001455735057071355
COX20P1	0.0014557029388637993
RNU6-213P	0.0014556752179357146
AC079305.8	0.0014555305366184203
RP11-661C8.2	0.0014554197288575087
RN7SL615P	0.001455362640244982
ANKIB1	0.001454815013478712
RP11-231D20.2	0.001454422251291948
RPS23P7	0.0014543802880833325
NKX2-8	0.0014539863702495814
RP3-340N1.2	0.0014539814597001519
LRRC37A2	0.0014537891322822065
TRPC3	0.0014535171115949799
RP11-303E16.6	0.0014532845721877314
RP11-639B1.1	0.0014528509566133334
RN7SKP124	0.0014522047919382404
GPAT3	0.0014520616848440657
SNORA3	0.0014519391864491174
MIR5190	0.0014509761454131662
AP000962.1	0.0014509530386922842
RPL7L1P12	0.001450885263090872
RP11-495P10.10	0.0014508619431074909
OPN1SW	0.0014506179415856003
RP1-197B17.5	0.0014503381153726975
TCEB2P2	0.0014498384385465014
GTF2IP1	0.0014496238919146532
RNU6-539P	0.0014491585359288801
TAPT1-AS1	0.0014490089434869152
RNU6-823P	0.0014489843845235013
RP11-242C19.2	0.0014489401532814643
RP11-416N13.1	0.0014483817522714462
LYZL4	0.0014481798664320812
RP11-673E1.3	0.0014481007266737627
MIR3919	0.001448060167075363
LINC01186	0.0014476949606984897
RP11-100L22.1	0.0014475801458478036
RN7SKP246	0.001447021869356259
NOCT	0.0014469541747384545
RP11-973F15.2	0.001446873999339493
RP11-737O24.2	0.0014466563574690367
RP11-94B19.2	0.0014464141576923544
CTB-58E17.9	0.0014462151248892288
PSMC1P4	0.001446056060176018
CH507-513H4.1	0.0014458085840688996
CTA-797E19.1	0.0014453653005634228
RP1-232L24.3	0.0014447770579373831
CH507-513H4.5	0.0014447418631415047
DPY19L2P3	0.0014447319486137838
KCNJ2-AS1	0.0014446229223653493
RP11-102M11.2	0.0014444291155528565
RP11-286H14.4	0.0014443362539010105
RP11-535M15.1	0.0014443117992222114
RNA5SP33	0.0014440212039260757
VIM-AS1	0.0014439779948474882
RP5-858B6.1	0.0014438830096160848
RP11-526D8.7	0.0014438735035014192
RP11-715J22.1	0.001443767873929002
AP000593.6	0.001443724957032849
RP11-227D2.3	0.001443515761383951
RP11-242C24.2	0.0014432223940707206
RP11-146I2.1	0.0014431179277488487
NIM1K	0.001443014459560819
RP11-437F6.1	0.0014429127684565562
RP11-1007J8.1	0.001442833590324753
GJA3	0.0014427390919881159
HNRNPLP1	0.0014426828632243972
RNA5SP75	0.0014420137061340633
AC124997.1	0.001441981781610783
SPAG7	0.001441704966071373
AC010974.3	0.0014416655979303426
AC009518.2	0.0014416534321510146
ATP11A-AS1	0.0014413726585224794
B3GNTL1	0.0014412718276964607
RP11-520H14.7	0.0014411611715756177
P2RY1	0.0014407510479190163
FAM46C	0.0014407188328568734
RP11-397P13.6	0.0014406876594299954
RP11-565P22.2	0.0014404415506615999
SRY	0.0014402727879587879
RN7SL202P	0.0014402181073960162
BEX1	0.001439975933875333
RP11-495K9.6	0.0014395822501583305
PROP1	0.001438942109020166
OR13Z2P	0.0014382266596903407
Y_RNA	0.0014381953981392251
RN7SL328P	0.0014379687405332987
IL17B	0.0014378967868523013
AC034228.3	0.0014377213063746191
RP5-1174J21.1	0.0014376846379680634
RP11-734I18.1	0.0014376471490093671
RP11-686D22.5	0.00143760336732934
MAP1LC3BP1	0.0014375006044732453
RNU6-1285P	0.0014374373338849604
CTC-400I9.1	0.0014372709680686257
AC010091.1	0.0014371792417234833
FTH1P24	0.0014371199515958088
GJA10	0.0014371110915777038
RP11-212I21.4	0.001437085514546384
LIN28A	0.0014367300374283267
MTND5P29	0.0014364018662588896
MIR3180-1	0.0014361358372388462
RP11-388M20.6	0.0014358828665127896
RP11-349F21.3	0.0014358614409061233
RP11-23I7.1	0.0014358313797994487
AC008280.1	0.0014354950582533726
OPTC	0.0014354936375757911
HIST2H2BB	0.001435411740739362
RP11-815N9.2	0.0014353616636895825
VN1R48P	0.001435191304643032
CTD-2207A17.1	0.0014349127730584048
PMS2P7	0.0014348493391587232
RN7SL801P	0.0014348383369010384
AC109829.1	0.0014343259116591804
RP5-934G17.6	0.001434136969380283
AC008850.3	0.0014337535968049115
GFOD1-AS1	0.001433659815559837
ATP5HP3	0.0014336041063646512
CTD-2086O20.1	0.001433465050364591
PINK1-AS	0.0014331123553050658
RP11-277I20.3	0.0014331088661983617
RP11-730A19.5	0.0014330534828573519
CALR4P	0.0014327128288164864
TMC3-AS1	0.001432276428196683
Y_RNA	0.0014321846822033114
AC096669.1	0.001432015724375321
RP11-304L19.4	0.0014318436875810953
RNU6-790P	0.001431790543508157
LINC01534	0.0014317628667951307
MTATP6P2	0.0014315967168657695
RP11-778D9.12	0.00143140921972504
RP11-85O21.5	0.0014310288899012885
RP11-1070N10.7	0.0014309671979758141
ANKRD34C	0.0014307116580618792
SPTY2D1-AS1	0.0014307002408406719
RP4-668E10.4	0.0014303510910132647
RP11-315D16.2	0.0014302383400400828
RP11-393I2.4	0.001430069136786716
PIP4K2B	0.0014300670489645893
HMGB3P1	0.0014298413178885706
CDK2	0.0014297092912694965
TUBB8P1	0.0014295719711858953
RNU2-52P	0.0014294577655088348
RP11-334A14.2	0.001429289857197898
TRMT10B	0.0014291364502844516
RP11-270C12.3	0.0014286753004525107
RNU5F-1	0.001427233569129773
RP11-342M1.7	0.0014270719656266368
RP11-888D10.4	0.0014267752270010546
FNDC7	0.0014266918065841737
COX5BP1	0.0014264519789767424
CTB-32O4.2	0.0014264440133033077
RP11-705C15.3	0.0014264262904599184
RPS26P11	0.0014261898555096414
RP11-543G18.1	0.0014261574509687178
KCNA5	0.0014258150982043257
PRDM14	0.0014257712214701475
DNMT3L	0.001425664489101547
SNURF	0.001425368073225915
CBLN4	0.0014252965644952775
CDY4P	0.001424779542007288
RP11-375B1.2	0.0014245257551960778
RP11-85I21.1	0.0014242252509269649
CTD-2306A12.1	0.0014240596001181454
PTTG3P	0.001424006687172457
RP11-90K6.1	0.0014238182094913684
KLF2P1	0.0014237726513367393
RN7SL258P	0.0014236198872819741
BEND7P1	0.0014233567774527452
PPP1R12BP1	0.0014233403530158639
FOXF2	0.0014232614587186515
RP11-706D8.3	0.0014229390552975847
AC068134.10	0.0014228758001735894
RP11-250B2.4	0.0014228607117719126
MIR580	0.0014227713419504458
RP11-3M1.1	0.0014227430305119916
RP5-1119A7.11	0.0014226744302184545
CTD-2553L13.5	0.0014225536408951766
RP1-172N19.5	0.0014224957693433312
RP11-246A10.1	0.0014221455404358496
KRT31	0.0014219414674880434
RP5-955M13.4	0.0014216982019401119
XDH	0.0014213304408674853
NBAT1	0.0014209968442109831
RP11-640M9.4	0.0014208016686681046
RP11-304F15.3	0.001420756761908267
RP1-45I4.2	0.0014207476509279949
MTND5P25	0.0014206826378951143
TBL1XR1-AS1	0.001420531556656778
RP11-1166P10.6	0.0014204026395797187
CTD-2538G9.6	0.0014203680767786947
RP11-894J14.5	0.0014202652777823405
RP11-47I22.1	0.001420200494476261
RP11-63G10.2	0.0014201782359638355
CICP16	0.0014200370515886427
AC019185.4	0.0014200242824193219
SERPINH1P1	0.0014199067645432589
POLA2	0.00141979024342437
Y_RNA	0.0014195220225616046
SMIM2	0.0014195179981327422
AC005614.3	0.0014188986044388998
FTLP17	0.0014188708430955441
LL0XNC01-73E8.1	0.0014187278662972712
RP11-421L21.2	0.0014186952881448413
CRH	0.0014183763357250305
PCDHGB2	0.0014182864008420127
AC016910.1	0.001418223089559311
RP11-146F11.5	0.001418166464813342
CTD-2046J7.1	0.0014181659358008382
AC092580.3	0.0014181634133328814
Y_RNA	0.0014181205199348455
LINC00941	0.0014178393415883012
RP11-567N4.2	0.0014175995788416461
RP11-543D5.1	0.0014175546534995792
SCGB1B2P	0.0014175465856264863
RP11-20G6.2	0.0014171881514625452
GPR37L1	0.001417108059731691
SYNE1-AS1	0.0014169952316302854
SFRP5	0.0014168668976451654
RP1-32B1.4	0.0014168240591342215
RP11-102N12.3	0.0014165080921745145
MTDHP2	0.001416400061990149
CFL1P8	0.001416280968615415
RPS15AP30	0.0014161356765003072
RP11-429B14.4	0.0014158522858663686
TUBB1	0.0014157342525275207
RP11-383C5.3	0.001415586434873653
DGKK	0.001415320989136364
RP11-195M16.3	0.0014152126111626007
LL22NC03-22A12.12	0.001415211535027826
AL358852.1	0.0014151086667363595
CHPT1	0.0014144867709107187
RP11-363J20.1	0.0014143186297010844
RP11-169D4.3	0.001414173172547481
RP11-109L13.1	0.0014139763105348892
COX14	0.0014135045324921577
RP13-16H11.8	0.0014134159995080964
EBLN2	0.001413340066743013
RP11-228M15.1	0.0014132236959965652
YBX1P1	0.0014131812316012754
RP11-445N18.7	0.0014131475411749978
EIF5AP4	0.00141295865072405
AF131217.1	0.0014128264749137015
BAATP1	0.0014127913754619459
RP11-403A3.2	0.0014122664723770415
RP11-354K4.2	0.00141222815767472
U4	0.001411963941058319
AC002543.2	0.001411935192065481
RP4-736L20.3	0.0014118854518505996
RP11-893F2.13	0.0014118596552397343
RP11-761N21.2	0.0014117771767871651
RP11-357N13.6	0.0014114283127893434
RP4-655J12.5	0.0014112836901502411
SUB1P1	0.0014112679045748067
RP11-108L7.14	0.0014110561988382533
AC104781.1	0.001410741870487656
C11orf53	0.0014103691791124485
RP11-109P6.2	0.0014103045972405416
RP11-731C17.1	0.0014101817412443052
RNU6-1147P	0.001410120178460422
HSFX1	0.0014098890640401084
uc_338	0.0014098176864074934
RPL21P10	0.0014096940252197186
OR6V1	0.0014095920778442125
F8A1	0.0014094514281412537
RN7SL20P	0.001409441208377273
RP11-75A9.3	0.001408898997035491
C12orf54	0.0014087443034436298
RP1-261G23.4	0.0014086914963756378
RP11-72K17.1	0.0014085995046348233
RP11-376P6.3	0.0014085310348362033
DYTN	0.0014085189346043595
PPP4R3CP	0.001408339849340884
HIST1H2BO	0.0014082688458676757
CXCL8	0.0014081853551467316
CTC-218H9.1	0.0014081710205684486
RN7SL674P	0.0014081407216114277
AC087499.4	0.0014080505182516236
RN7SKP4	0.0014078022381459059
RNU12-2P	0.0014077173250425447
RP4-789D17.5	0.0014075483178643312
PMS2P4	0.0014072479911189531
CYP2A7P1	0.0014072123478372893
MRPL9	0.0014070924752489634
FAM53C	0.0014070372702633962
Metazoa_SRP	0.0014068571261934158
PPP1R14B	0.001406623768223887
RP11-196O2.1	0.001406525967732797
HIST2H2BE	0.0014063776603515268
ERP44	0.001406054487123448
EFNA4	0.001405950896703046
AC016723.4	0.0014059295501543142
UNGP1	0.0014059211788320573
RP11-576N17.3	0.0014057608586197498
RP11-491F9.5	0.0014053729566033746
AC009945.4	0.0014052812825098742
OPA1-AS1	0.0014047861604899287
FSD1	0.0014044002446217108
RP11-61L19.3	0.0014041830100239583
RP6-149D17.1	0.0014041430429385274
HNRNPA1P25	0.0014040983990336628
RNU6-535P	0.001403739707833386
RP11-46A10.6	0.0014036912954206997
RPS2P4	0.001403585858674268
APOC4	0.0014035402682512706
AC011406.2	0.0014035210885742309
SGO1P1	0.001403460685105167
ATP5L2	0.0014031362745117646
RP11-191L17.1	0.0014030856489151962
RP11-546M21.6	0.0014029233421498563
MED15P5	0.0014027261652050007
HIST2H4A	0.0014023110537007008
KB-68A7.1	0.0014019125184174593
CTD-2575K13.6	0.0014017512885207137
FTLP10	0.0014016629755655044
RP5-1033E15.3	0.0014014731295188248
AC007559.1	0.0014013759152216568
RP11-543H23.2	0.0014013001537992215
RHOXF2	0.0014011284513111815
RP3-339A18.6	0.001401102479175189
RP11-944C7.1	0.0014009694156941
ANKRD30BP1	0.0014009673881170534
CITED1	0.001400936987823338
RP11-195B3.1	0.0014008913958179858
IGKV2OR2-1	0.0014008847933201427
RP1-272L16.1	0.001400824039067265
OR7E66P	0.0014004143298719672
LTV1P1	0.0014003342076086027
LINC01614	0.0014001793205403283
PCYT2	0.0014001251531797667
CTD-2013N17.1	0.0013998132891996436
RP11-173B14.4	0.0013994810956435508
RPL24P7	0.0013994389223535941
RN7SKP296	0.0013993121340423983
RP11-165I9.9	0.0013992775654817298
GNAT3	0.001399191048377345
RP11-592H6.3	0.0013991625038293088
RNA5SP155	0.0013991233823796975
HIGD1AP8	0.0013990910308365292
GABBR1	0.0013989760487515166
RN7SL619P	0.001398068486998459
RN7SL336P	0.0013978758203124634
RPS27AP8	0.0013976075056463312
KLF17P1	0.0013974805110063366
TPH1	0.0013973886437015843
RP5-1063M23.2	0.0013967794803569826
RP11-147G16.1	0.0013965504150386236
RP4-754E20__A.5	0.0013963158813119216
RP11-640I15.1	0.0013962701211199663
RP11-401F2.4	0.0013960867850495399
RNF168	0.0013959202987561552
RP1-228P16.7	0.0013959097872522216
CTD-3128G10.6	0.001395814896497651
SOCS2-AS1	0.001395782541958717
OR52E4	0.0013957168542798903
MAPK6PS3	0.0013957153243802024
RNF26	0.001395632496456966
VENTXP5	0.0013954503339883532
HTR1B	0.0013951199333546282
BMP8B	0.0013949792029231587
CTD-2062A1.2	0.0013949524488200543
RP11-287D1.4	0.0013948062114976377
GJC3	0.001394571771608659
RP11-218M22.1	0.0013945535968924612
MIR5585	0.00139402702411524
CTD-2158P22.4	0.0013938798411863291
FAM188B2	0.0013938645032724147
AC104794.4	0.0013937115097736059
AC016691.2	0.001393711354096221
RNU6-301P	0.0013936686656743436
RP11-64J4.2	0.0013935048994832902
SERINC1	0.0013934280581497024
SDHD	0.0013931606390094494
LGALS8-AS1	0.0013931510816130525
ZNF556	0.0013929745728223223
CTC-537E7.3	0.0013929500043590242
CH507-338C24.2	0.0013926918159093687
KCNQ5-IT1	0.0013923895764594966
Y_RNA	0.001391897602043651
RNU6-106P	0.0013917957118821157
RP11-968O1.5	0.0013915595823700926
RP11-700A24.1	0.001391223918192521
CCDC26	0.0013911281639743347
MTCYBP32	0.0013910449287257301
C17orf105	0.0013910125231840276
Y_RNA	0.00139086948078617
MTCO1P2	0.0013907508624009315
LIN52	0.0013906820208042703
MED15P4	0.0013905735100843593
C15orf48	0.0013903448917530101
RNU6-48P	0.0013902905322063658
RP11-118E18.1	0.00139007079150327
AC012314.19	0.0013898961149332464
IGKV3OR2-5	0.0013896677914722656
RP1-136B1.1	0.0013894514305773191
RP11-482E14.1	0.0013893693967972508
GCSHP5	0.0013892876377819368
TAS2R50	0.0013892294885047094
RP11-792A8.3	0.0013890521784797117
RP11-4C20.4	0.0013888909787539805
RP5-1024C24.1	0.0013886746505973049
RP11-355B11.2	0.0013880864528077992
RP11-1012E15.2	0.001387961683250566
IGBP1-AS2	0.0013878592034289952
RP11-5G18.2	0.001387812614246593
SEPT7P3	0.0013877145730034762
EFNA2	0.0013874210149808206
IGHV3-72	0.0013871675288635958
AC009120.3	0.001386739819923356
RP11-39E3.5	0.0013864181430047941
RP11-20J1.1	0.0013862104346084691
RN7SKP198	0.0013861835377465938
MIR210	0.0013855582824975246
RP11-481C4.1	0.0013853291402003832
RP11-744N12.3	0.001384729079981849
CTB-147C22.3	0.0013846929413459835
Y_RNA	0.0013846113721944595
CCDC162P	0.0013838881373755766
CTD-3131K8.1	0.001383779180129276
AC011625.1	0.001383777275145408
FRG2FP	0.001383697468906609
MIR4766	0.0013836974330652338
VN1R96P	0.0013833076824741823
RP11-486I11.2	0.0013831741965280538
MIR6768	0.001383067759291829
RP11-1057B6.1	0.0013830346774487733
RP1-300G12.2	0.0013827702024045258
COX6C	0.0013823267489124229
MIR99AHG	0.0013811583899345367
RP11-627K11.3	0.0013809919391056474
OXCT2P1	0.0013809916174042814
RNU6-1327P	0.0013805990814303004
UPK1A-AS1	0.001380537774316895
RP13-436F16.1	0.0013805342674916511
ZSCAN4	0.001380452638777641
RDM1	0.0013803953627317324
RP4-568F9.3	0.0013799304710199198
PLA2G12AP2	0.0013799285222678166
RPS15AP36	0.0013797868932486645
TOMM22P3	0.0013797814381375038
RPL39L	0.0013795339861358404
FTH1P4	0.0013795154101824308
AC022182.2	0.0013791657614703188
AC090954.5	0.0013789466872358507
RP11-420K14.8	0.0013788839147100503
ZMYND19P1	0.001378620421138463
AC005013.5	0.0013782904496167318
RP11-754N21.1	0.0013782329718673352
AC108868.6	0.0013782143102919482
RP11-341G23.4	0.0013776994354503965
EEF1A1P32	0.0013774421072892237
D21S2088E	0.0013774362437472278
RP11-130L8.2	0.0013772553014453825
RP11-250B2.3	0.0013772303394512543
OR6M1	0.001377165198464447
RP11-248J18.2	0.0013770751191856383
C11orf98	0.0013770200026283622
RP11-438D8.2	0.0013765729333200922
COX6B1	0.001376434127013305
HOXA-AS2	0.0013759856937940644
RP11-567M21.3	0.0013756850719677351
TNPO1P3	0.001375439389858509
ALDOAP1	0.0013751877975446323
RN7SL810P	0.0013747651155808934
RP11-443N24.2	0.0013745641019180467
CBLC	0.0013745102845492943
AC015849.16	0.0013744969350594231
CTD-2600H12.2	0.0013742929609604918
GAPDHP44	0.001374271812100183
GAPDHP62	0.0013738100970782697
RNU6-1263P	0.001373771454706635
RP11-521P1.1	0.0013736364459818987
SLC35E3	0.001373464812195755
PPIAP31	0.0013731655204243303
LRRC14B	0.0013731140792116467
HIVEP2	0.0013727116940309184
CTD-3116E22.7	0.0013724034461464086
ZNF830	0.0013722135540369881
HMBS	0.0013721257704363513
NOP2	0.001371507912511814
RP11-629N8.3	0.0013714067906135325
MAP3K10	0.0013713926832659125
AC020956.3	0.0013713543089957827
RNU6-482P	0.001371240084725843
RP11-483A20.3	0.0013711419396848165
RP11-603B24.1	0.0013710961870049454
CTC-338M12.2	0.0013709787768777114
RP11-344B5.3	0.0013707768717587483
RP11-395G17.1	0.0013707759139396948
HAR1A	0.00137076530465759
AP005901.1	0.0013705339788834137
AC011897.2	0.0013703394394435217
CTD-2532K18.2	0.0013702588505379693
ZNF766	0.0013698005976841557
SNORA54	0.0013698005855437663
MIR4665	0.0013693926364327495
RP11-725G5.2	0.0013693873526146583
IGKV2D-26	0.0013691575527790632
LARS2	0.0013686534668401961
AL133243.4	0.0013686096336244283
RP1-249I4.2	0.001368398853801684
RP11-84O12.2	0.0013674414078150524
FASN	0.0013673724365465265
AC006509.4	0.0013672365133039234
RP11-180C16.1	0.0013670457958922448
CH17-270A2.2	0.001366865265512809
RNU6-414P	0.0013668025257668208
RP11-457I16.2	0.0013665708541145242
FTCDNL1	0.0013664782008870517
RP11-452L6.5	0.00136635355602744
BRI3	0.0013658359667472946
RP11-665J16.1	0.0013657885616605516
RP11-715J22.6	0.0013657804412005594
DISC1FP1	0.0013655557497727188
RPL13AP2	0.0013653257206291327
SNORD113	0.0013653063006309968
HP09025	0.0013652632082591185
RNF144A-AS1	0.0013651743625522916
RP11-446H18.1	0.0013649503293008225
C2orf66	0.001364937567036914
LYRM9	0.001364843631698335
HLA-F-AS1	0.001364737899294286
MPC1L	0.001364583773638408
EIF4A1P5	0.0013645138300595334
RP11-534L20.4	0.0013644350123779932
DISP3	0.0013644338864235042
RP11-143E21.6	0.001364432621941401
ALYREF	0.0013640236152740889
RP11-1113L8.1	0.0013636970129768994
AF246928.1	0.0013625590315807614
RNA5SP317	0.0013624597592379747
CTC-270D5.1	0.0013623657360962375
RP11-56B16.2	0.0013622498599420055
SLC6A1	0.0013620642890399331
RP11-467L19.16	0.0013618800861861455
Metazoa_SRP	0.0013617763995077453
MIR576	0.0013616908596095945
CLDN10-AS1	0.0013616415593341654
SPACA1	0.0013614040581925197
AC006042.8	0.0013609355137468601
KRT8P45	0.0013605883717328086
RP11-259P15.4	0.0013604516651846827
RNU7-77P	0.001360387248883377
CSNK1A1P3	0.0013596881413284168
KL	0.0013596696073282148
MIR595	0.0013592647888378891
PRSS2	0.0013591539528414508
HSPE1P8	0.0013589404794640543
DCAF12L1	0.001358779717475054
GSG2	0.0013586311339907513
RP11-480A16.1	0.0013583494340039016
VN1R35P	0.0013582004259420925
RP11-497H17.1	0.0013582000785261562
RP4-545L17.12	0.001357954953629073
SEC1P	0.0013577951887312901
RP11-777F6.3	0.0013577091009862453
RP11-550F7.1	0.0013576597528898674
RP11-744K17.8	0.0013574285947131346
SMYD3-IT1	0.0013573651697528313
TDGF1P3	0.0013571016575153697
DCPS	0.00135703805814494
SETP21	0.001356856764050799
RP11-255M2.1	0.0013564898034331314
BANF1P3	0.0013562844062799846
RN7SL479P	0.001356278552640322
Y_RNA	0.0013560944577440401
RP11-345P4.10	0.0013557174797793033
SCARNA20	0.0013556994459386596
PPIAP11	0.0013556788433215115
CTD-2213F21.2	0.001355624747364707
RP11-909N17.2	0.0013553037775358313
MIR593	0.0013552765579063278
RP11-5N19.3	0.0013549847302465573
PRR19	0.0013548196065474643
ZSCAN5C	0.0013545511123838362
HMGN2P3	0.0013545316137027845
RP11-494O16.3	0.001354406007754346
Y_RNA	0.0013542171998402507
RP11-44B19.1	0.0013542101116867794
RP11-548P2.2	0.0013530737252579474
COX7C	0.0013530714898025032
PIGHP1	0.0013527129373591322
CYP2A6	0.0013526214967011913
KRT8P26	0.0013524110460642813
RP13-608F4.5	0.0013520828050598256
RP11-977G19.10	0.0013519707352751106
RNU6-346P	0.0013516285622746365
ADO	0.0013514224109919563
TMEM203	0.0013513700463573708
RP11-612B6.1	0.001351302301832713
RP11-420A23.1	0.0013512573488189267
Y_RNA	0.0013512193481839165
PCDHB3	0.0013511091566661788
RP4-560B9.4	0.0013509216468349124
OTOP3	0.0013505537260928796
RP3-348I23.2	0.0013505218884461519
RP11-96B2.1	0.0013505121838883565
BSND	0.0013504103360221227
CTC-370J7.1	0.0013502677002374265
GPR139	0.0013501578695257082
RNU6-571P	0.0013500830841255192
SLC8A1-AS1	0.0013500790384619703
CTC-321K16.1	0.0013494471569123257
RP5-890E16.5	0.0013490462534730048
FKBP3	0.0013485463077931741
CUBNP2	0.0013485179439683228
MTRNR2L10	0.0013483293142918665
GK-IT1	0.0013481116893173507
HIST1H2AC	0.0013479461119869738
RN7SL381P	0.001347919925083867
MRPL57	0.0013477019829722212
CLIP1-AS1	0.0013476833204440102
OR12D1	0.001347458735006401
SALL3	0.0013474449343868914
RNU6ATAC7P	0.0013473312846820527
RPSAP9	0.0013473139069139772
FOXD1	0.0013472922443554
RP11-368M16.9	0.0013467820933337532
CCDC168	0.0013466453122447034
HNRNPA1P14	0.0013464641259613888
RNU6-600P	0.0013459417265302871
Y_RNA	0.0013459104407418127
BASP1	0.001345901124352705
BMS1P19	0.0013456399400995306
RP11-467N20.7	0.0013455020643488972
ARHGEF38-IT1	0.0013453084230982335
ATP6V0E1P3	0.001344162839701976
OR51B5	0.0013440474947823949
AP000859.4	0.0013434517778898203
CTC-241N9.1	0.0013434515487519168
DLL1	0.0013434152782565761
RP11-59E19.4	0.0013433198684449099
AP004372.1	0.0013432529666720077
CTA-243E7.2	0.001343004865434657
RP11-122G18.7	0.0013429075582484672
MIR1273A	0.001342722571094442
FAM25A	0.0013426183884320605
RPE65	0.001342567475258679
RPUSD4	0.0013425127644044132
RP11-159M11.2	0.0013423984545177141
GTF2IRD1P1	0.0013422135689955031
RPSAP31	0.0013421865328830487
MIR4646	0.001341885965019684
CMB9-52H4.1	0.0013416809248555073
LINC01030	0.0013416249686861834
AC092535.3	0.0013413571200095791
RP11-111M22.5	0.0013411958476441707
INTS5	0.001340720586920419
AC008277.1	0.0013404293901715528
SNORA70	0.0013402632933283312
SKP1P1	0.0013402478148955026
MRM1	0.0013401466523929623
TCP10L	0.0013399913758337133
RP1-102K2.9	0.0013395055462019339
RAB43P1	0.0013392597286290765
RP11-613M10.6	0.0013392181245963977
CYP24A1	0.0013388883286620922
RN7SL672P	0.0013384204898655094
RP11-337N6.3	0.0013382136594838488
RP4-682C21.5	0.0013382053853869416
RP11-22A3.1	0.0013379843495289591
AC007349.4	0.0013379718988380887
CTD-2005H7.2	0.0013377036880003745
CTD-2319I12.10	0.0013376732558723888
GOLGA6L16P	0.0013376195210566134
SNORA22	0.001337616380261719
ARHGDIG	0.0013373301584608064
NDUFB11P1	0.0013371364479164431
RP11-1072C15.1	0.001337079723609983
OR2M3	0.0013369825178933877
RPL36AP21	0.001336842095776023
SAMD11P1	0.0013368250979120652
RP11-216N14.7	0.001336536085831723
RPS27P16	0.0013365053333214006
SPRY4	0.001336358149927675
HSPA8P1	0.0013362791025862224
RNA5SP65	0.0013360059606288615
RP11-429B14.1	0.001335903665671286
RNU5E-1	0.0013358909788911968
MIR4777	0.0013358101297819473
RP11-521H3.3	0.0013353490059008566
AL356135.1	0.0013350564932234367
RP11-48B3.4	0.0013348064980577149
PRDX3P2	0.001334611399254849
ATE1-AS1	0.0013344565721809096
RP11-428L21.1	0.0013340951773334506
SNORD38	0.0013337698278163212
UPK3BL	0.0013335095593947845
RP11-540A21.2	0.001333324801060155
WI2-2373I1.1	0.0013332972563384344
RP11-349G13.3	0.0013332624108435356
DAO	0.001332942843812159
RP11-513G11.2	0.0013329062575124855
Y_RNA	0.0013328986797072205
AP000282.2	0.0013327939620141327
RP11-214O14.1	0.0013327401733969097
AC008269.2	0.0013327056874033664
ARIH2P1	0.0013321765051226408
CT45A10	0.0013320053485916306
MIR4734	0.0013319288885506795
VDAC1P4	0.0013318850953057406
RP11-19O2.2	0.001331854107675197
AP001059.7	0.0013313570558475547
ZNF488	0.001331300449285721
RWDD2B	0.0013311617967908967
LINC01315	0.001330969017950006
RP11-17G12.3	0.0013307548385821807
SNORD116-29	0.0013307382507446789
MIR6165	0.001330596431058957
RP3-428L16.1	0.00133012344964479
IGF2BP1	0.001329988544650144
NDUFS3	0.0013295940964307912
SNORD70	0.0013293972572504037
RP11-292D4.4	0.0013293231233714867
RP11-307C12.11	0.0013291103802417063
RP11-666A8.8	0.001329067720602443
RP11-191A15.2	0.0013290437827490579
KB-1254G8.1	0.0013283711279173556
AC005786.6	0.001328327401661964
HPR	0.0013282874384865334
RP11-20L19.1	0.0013279261992869696
FAM27E4	0.0013279105792767683
MIR2052HG	0.001327853908510734
RP11-104F15.9	0.001327750315213435
PGAM1P2	0.0013276151747213156
CDKN2AIPNL	0.0013275694348541382
GPR19	0.001327457632957301
RP11-513D5.5	0.0013272210331692932
S100A14	0.0013271520788085758
RP11-93I21.3	0.0013270153784881054
LA16c-306E5.2	0.001326705551762176
AL590762.11	0.0013264861331388617
DNAJA1P5	0.0013260699702544705
RP11-109D24.1	0.0013260288506304358
CTD-2320J21.1	0.0013255890398617544
RP11-1079K10.5	0.0013255038079413334
CTD-2142D14.1	0.001325438824429527
C11orf91	0.0013251151109394197
RP11-626G11.5	0.0013249796750627828
RP11-306I1.2	0.0013248975759084078
AL133243.1	0.001324761758749939
HBG1	0.0013246733675350913
RP4-633I8.3	0.0013245856750736967
CTD-2021A8.3	0.0013244081959025386
RP4-555D20.4	0.0013242937691247483
MTRNR2L11	0.0013238740519996082
CTC-250P20.1	0.0013238580264184105
ARL2BPP7	0.001323780157808697
SPATA2	0.001323482907532182
HCN3	0.0013231843580531176
AC007879.1	0.0013230705879363552
LDLRAD4-AS1	0.0013226222512002365
CTD-2062F14.3	0.0013222829455272768
CCT6P2	0.0013222358549386307
RPL7L1P3	0.0013221125845444255
LINC00641	0.0013220624385241729
ATP5G2P1	0.0013219592507245138
IGKV1D-42	0.001321914795100033
FAM27D1	0.0013216396749157833
GAPDHP15	0.001321637341540008
TMEM198	0.001321317778538363
CITF22-24E5.1	0.0013212905475062588
RN7SL385P	0.001321105195790732
MTND5P2	0.0013210902665175882
RP11-406D1.2	0.0013210507917634502
LINC01545	0.0013207552127870784
CTAGE9	0.0013205940743009493
RP11-33O4.2	0.0013205493259184212
RP11-981G7.6	0.001319436944361944
MIR1302-9	0.0013193541920354633
CTC-301O7.4	0.001318570667892869
C2orf69P2	0.0013180480068039494
CCT7P1	0.0013179940282346432
RP5-1097F14.1	0.0013178349679407195
RP11-515O17.3	0.0013177835479118549
SLC16A1P1	0.001317741301202684
MAFG	0.00131768680641667
RP11-62H20.1	0.001317402595006857
RNASE10	0.0013167720281421413
PKNOX2-AS1	0.0013166505047559722
UBAC2-AS1	0.001316270958580253
ROCK1	0.0013156825218784327
RP11-320N7.1	0.0013156723808099018
ZSWIM4	0.0013155672684410085
ADAMTS19	0.0013148001206468325
RP11-816J6.3	0.0013147656919916843
HAO2-IT1	0.0013147639822371267
CTD-2009A10.1	0.0013147084776576618
RP11-214N16.2	0.0013141535132595566
RP5-878I13.2	0.0013141071925536487
RP11-140H17.2	0.0013140800796650287
RP11-347C18.5	0.0013140438807335837
RP11-118F19.1	0.001313856524648263
PRKACG	0.0013136671357744194
CBR3	0.001313514148010611
RP5-1198O20.4	0.0013134531589667807
RP5-951N9.1	0.0013132668226152522
RP11-818F20.4	0.0013130476946992247
ZNF542P	0.00131289483138233
RP3-355L5.3	0.0013124243840517073
RNA5SP498	0.001312410738904566
RP4-717M23.2	0.0013123302513740544
OSTCP6	0.0013122857872639275
RP11-66B24.2	0.0013122828561110543
RP11-1166P10.7	0.0013121080659359993
CTA-276F8.1	0.001311884686599209
RP11-112J3.16	0.0013114559988605425
IGFL4	0.001311383841402549
SOCS5P4	0.0013107070261772955
RP11-168E17.1	0.0013102199151554608
RP11-408A13.4	0.0013102093186060986
RP11-313A24.1	0.0013097126067205319
RNU6-824P	0.0013091905281276323
AC092171.4	0.0013090819808985702
RP11-903H12.3	0.0013090666265947505
BOLA1	0.0013090503929242515
RP11-749I16.3	0.0013089359589564258
RP5-1097F14.3	0.0013086911564883453
SSTR5	0.00130867400682938
GPR12	0.0013085597181054902
MTCO1P54	0.0013085303718631677
AC006960.7	0.0013082126408438819
DUSP26	0.001308168682759531
AC139143.2	0.001308162024806359
AC005256.1	0.0013081242132360364
RNU6-53P	0.001307831053220054
AC005235.1	0.0013077550829575474
RP11-58H15.3	0.0013077212042155327
CTC-278L1.1	0.0013074842947392595
RP11-404P21.1	0.0013071375883372636
CDC14C	0.0013069170584740864
ZFP57	0.0013067522866409818
RP11-789L4.1	0.0013067282282442716
TMEM60	0.0013067239311275382
RP11-180C1.1	0.0013066393833786694
RP11-561O4.1	0.0013064614276768912
RP11-539L10.2	0.0013062591045994347
HIF1A-AS2	0.0013061913225081304
TBCAP1	0.0013059490585869934
PRSS56	0.0013058572395552458
LRRC45	0.0013048100540671297
HTR5BP	0.001304775738083696
RN7SL838P	0.0013047532356374257
CTB-3M24.2	0.0013045392754830753
KRT83	0.0013041959050715643
CTB-47B8.5	0.0013040930855980906
UTAT33	0.001304015836073285
TCN1	0.0013040116856088888
TBC1D19	0.001303891577956705
RP11-417O11.5	0.0013038183683367218
XKR4	0.0013037656865274455
RP11-358D14.2	0.0013036155554716933
RP11-39M21.2	0.001303500473927296
AB015752.3	0.0013030737202594622
RP11-748L13.2	0.001303011864042978
RP5-1021I20.2	0.0013029571821812633
RP11-463J10.4	0.0013029298571794298
OR1D4	0.0013020082193479627
SYNJ2BP	0.00130200122188954
ACTBP1	0.0013015441396742045
ANKRD49	0.0013013714475185398
XXbac-B476C20.11	0.0013011009878276373
RNU6-335P	0.0013010992874579077
MYBPH	0.0013009158533543667
ZNF417	0.0013008815845227104
H3F3AP6	0.0013004174436404715
RNU6-130P	0.0013000632777304924
COA4	0.001299744583404769
HSPD1P4	0.001299580157830558
RPS27AP16	0.0012995468805150514
AC013402.4	0.0012995399131056416
RP1-12G14.7	0.0012994639065843888
GABARAPL2	0.0012992997666689886
CTD-2162K18.3	0.0012991597359669762
RP11-586K12.11	0.0012990554170256496
MIR4258	0.0012990031985137258
SCARNA24	0.0012989920949944961
RBM12B-AS1	0.0012989765486331258
RP11-104L21.3	0.0012988550672035114
RP4-550H1.4	0.0012987936449446983
BECN1P2	0.001298780689786991
RP11-259G18.3	0.001298538584145608
RP11-649A16.1	0.0012983545391935306
MTND4P29	0.0012982838016495904
USP12PX	0.001298030859602525
RP11-329J18.4	0.0012979824210350684
SNRPEP2	0.0012978391994085483
RP11-327F22.4	0.001297719175208306
RNY4P7	0.0012976982072617045
RP11-343J18.2	0.0012975922364526638
NPIPB8	0.0012975262538220443
RN7SL219P	0.0012971457652694092
WARS2-IT1	0.0012970251874655947
POU4F2	0.001296672633919953
FHP1	0.001296598608120308
RP11-1250I15.3	0.00129645535110978
GMCL1P1	0.0012963909977536717
C7orf65	0.0012963384202012878
TTC9B	0.0012962099206043562
RPL7P18	0.0012960621379874348
DLEU1-AS1	0.0012960164464931253
OR10A2	0.0012960058156293193
ITFG1-AS1	0.0012959494373272601
PRELID1	0.0012958746970774626
C14orf169	0.0012954844681299497
AC034187.2	0.001295463500323788
FGF11	0.001295426482540949
AC145676.2	0.001295193870806146
AL133245.2	0.00129499783014727
RP11-197K6.1	0.0012949812816675063
RP11-15A1.4	0.0012949415100318616
RP11-468E2.6	0.001294919631382399
RN7SL688P	0.001294833105875738
CYP4F36P	0.0012947089081848417
CTD-2083E4.6	0.0012945751911764875
COX6CP3	0.0012943100550327317
LINC00397	0.0012939413870551267
ZNF846	0.0012938080667128954
IFNA5	0.001293798858566255
RP11-258F22.1	0.001293541025759051
Metazoa_SRP	0.0012933187650157965
KIFC1	0.0012933026847832083
TAF15	0.0012932621713314329
RP11-582E3.6	0.001293097580331922
RN7SL791P	0.0012928796481230648
ORMDL3	0.0012923611343398436
RP13-560N11.1	0.0012923549878129156
RP1-249F5.3	0.0012918351232431705
RNU11-2P	0.0012917343233361015
SPACA4	0.0012917251273369906
PDZPH1P	0.0012917091505363532
ARHGAP26-AS1	0.0012912837383271816
CTC-273B12.5	0.0012912536715673655
RP4-575N6.5	0.001291209240951647
MIR9-1	0.001291112328479478
RP11-756J15.2	0.0012909927444633737
AP000351.13	0.0012909899215080662
RP11-116D17.2	0.0012909374485790199
SNORA22	0.001290747282458454
PDLIM1	0.0012904259749892703
LYST-AS1	0.0012903734837415555
RP6-24A23.6	0.0012903378607171609
FABP5P7	0.0012902642337477115
PHBP5	0.0012902421295536513
EIF1P2	0.0012902057824895111
RP11-435I10.5	0.001289984137996916
IGHV3-79	0.0012898013764043805
GSS	0.0012894767679998724
KIAA0907	0.001289440572043261
SRSF9	0.001289260688991162
GLRXP1	0.0012890833844138039
CFL1P5	0.001289075813941173
DSTNP1	0.0012890733691028448
LAP3P1	0.0012888215689398168
MIR3677	0.001288730341037292
RP11-335F8.2	0.0012887163959147288
RP11-417L19.4	0.0012883481615940768
RP11-159D12.3	0.0012882886094983876
RP11-400G3.5	0.0012882118401794556
RNU6ATAC4P	0.001288209294697465
AC083862.6	0.0012881551377288232
SIDT1	0.0012876875389808721
MTCYBP22	0.0012871624191154788
MT-TV	0.0012871259792887784
RN7SL131P	0.00128683229450362
RP11-168O16.1	0.0012865884793004107
RP4-635E18.7	0.0012863499774601087
RNA5SP469	0.0012862469473653797
CASP1P2	0.0012862238463245102
IMMP1L	0.0012862034063452793
MTND4P14	0.001286078610340492
DDR1-AS1	0.0012858281574707456
RP11-14N4.1	0.0012857991422857106
OR2T12	0.0012855125538209706
HSPA8P18	0.001285462927522539
FAM134A	0.001285300600432182
RP5-1158E12.3	0.0012851911501088004
IGKV7-3	0.0012851724942166596
RP11-46O21.2	0.0012851703187942531
FAR2P1	0.001285069869567138
RP11-298C3.2	0.0012845953542754561
RP1-118J21.5	0.0012845608824708487
MIR6781	0.0012844392860756294
RP11-56H7.2	0.0012842172980004356
SBSN	0.0012841323466254754
ZNF853	0.001284054215946901
RN7SL305P	0.00128405055965089
SYCE3	0.0012840384783093738
MTCO1P49	0.0012840322804923234
FPGT	0.0012839142501164292
AP000997.3	0.0012836359177176948
RP1-278O22.1	0.001283394460328937
TCEAL7	0.001282854823571076
CRYGFP	0.0012828502363029135
SLED1	0.001282805502631486
PPP1R11P1	0.0012820407976553091
RP11-78A18.2	0.0012815027601143939
RP11-268P4.4	0.001281186573916076
CH17-140K24.5	0.0012811493443414367
KRT8P42	0.0012810214153776325
RP11-20B24.4	0.0012809383089575036
CTD-3220F14.2	0.0012809018351267105
VSTM1	0.0012807407362115638
ZNF725P	0.0012806732467987598
CTD-2008P7.6	0.0012805791840959002
C9orf47	0.001280534232396918
LINC01448	0.0012805032083731108
MORC2-AS1	0.0012803804463597385
ISL2	0.00128017525219691
RNU6-593P	0.0012801002671398317
RP11-486O12.2	0.001279864701251497
ADRA1B	0.0012796634797165377
CRIM1	0.001279279984446135
MIR5000	0.0012792543850515736
NAT16	0.001279018869153037
SMIM10L1	0.0012787571556520927
RNU7-149P	0.0012787516469325226
RPSAP38	0.0012785041855541079
HSD3BP5	0.0012780780161338317
RP11-317M11.1	0.0012779343263249739
LINC00523	0.001277779161222169
MTHFD2P2	0.0012776500861267149
PSMA2	0.0012775565293295578
RP11-315E17.1	0.0012772565632778437
RNU4-86P	0.0012769544560229957
LINC00207	0.001276942964332078
RP11-242P2.1	0.0012769390654143388
SPTSSB	0.0012768613543018572
RP11-474P2.2	0.0012764938873196104
RP11-108M9.4	0.0012761894263989106
DPH6-AS1	0.0012759754818743461
AL138706.1	0.0012759149479626077
PSMC1P5	0.0012758351270209
BTBD16	0.0012751219540007308
ATF4P3	0.0012750696434146672
PSMB1	0.0012749667979887504
ATXN8OS	0.0012748591368481575
C18orf32	0.0012744334657367024
LRRC47	0.0012742427089957051
RP11-119B16.2	0.0012742157463936864
AC116366.5	0.0012740670387260513
RP11-739N20.2	0.0012739513709689096
MTHFS	0.0012735249326474402
RN7SKP243	0.0012734630527373658
FOXG1-AS1	0.0012733219676711938
RP4-687K1.2	0.001273293163000175
AC007250.4	0.0012730486923759204
DACH1	0.0012730192353388895
UBL5	0.001272683772160044
RP11-48F14.2	0.0012725471032394443
RP11-504G3.2	0.0012722184450372532
RN7SL173P	0.0012721342982065986
AC008264.4	0.001272020427821642
CDT1	0.0012712627688434453
AC006227.1	0.0012704952067774835
TGIF1P1	0.0012702991032067451
CTD-2349P21.3	0.0012702107014332068
RN7SKP96	0.0012701065628521184
LINC00504	0.0012696548110136539
RP11-104N10.2	0.0012694698833447659
RP11-561I11.4	0.0012689794706106372
RP11-317N12.1	0.001268953521245865
RPS29P23	0.001268509471974625
CLC	0.0012684982598687798
AC074389.6	0.0012681185985268688
RP11-665C14.2	0.001268116971412076
RP11-1236K1.8	0.00126809282794689
LINC00887	0.0012679974266915635
RP11-529A4.12	0.0012678191585419316
VTA1P1	0.0012675789510582028
GNG4	0.0012675011057460058
RP11-114F10.2	0.0012674602185538163
RMI2	0.0012671788558725713
RP11-161H23.10	0.0012667657707440677
HIST1H2AM	0.0012663863266689115
RP11-436M15.1	0.001266201492622531
HIST1H2BM	0.0012659562663156626
RP11-349F21.5	0.0012657297346378032
SETD1B	0.001265659210021576
RP11-655M14.14	0.0012655898872250585
GABARAPL1	0.001265519329553391
RP11-368M16.6	0.0012655153764513617
RN7SKP173	0.0012654969315139327
FABP5P6	0.0012654684176931687
NNAT	0.001265099119790161
RP11-45A16.4	0.0012649773751865824
CTD-3105H18.7	0.0012648971189976822
RN7SKP55	0.0012642770694368296
RP11-385E5.5	0.0012642214549518104
RN7SL687P	0.001263294157497483
RN7SL559P	0.0012632724818843937
RP11-126K1.9	0.0012630557771791614
SETP15	0.0012630047762566582
RP3-333H23.8	0.001262926294485351
LINC00563	0.0012627721751710653
BCYRN1	0.001262757699385865
AC006445.7	0.0012622346452798707
IMPDH1P6	0.0012621255174242905
MIR138-2	0.00126200994356534
MRPL12	0.0012619439163233173
ZNF526	0.001261826068565507
RP11-631F7.1	0.0012617048894983031
RP11-746B8.1	0.001261406170225255
ADH5	0.001261341797800387
CTD-3065B20.2	0.0012610544517815063
LINC01272	0.0012604451813048724
RP3-412A9.16	0.0012603555916278874
RP11-165H23.1	0.001260072905937114
RP11-133K1.11	0.0012600534417272957
RP4-543J13.1	0.0012599899349278025
RPL36AL	0.001259920284378547
GLIDR	0.0012593189059381667
SSR4P1	0.001259312504946491
EFCAB3	0.0012591977081410832
CTD-3028N15.1	0.0012587928450549226
L34079.3	0.0012586536838968957
RNF214	0.0012585438801697726
G6PC	0.00125824268442971
RP11-15B17.4	0.001257961741589519
TUBB3	0.0012578978098730597
RP11-130L8.3	0.0012578158734785053
ATP6V0E1	0.0012574809910714233
RP11-95I16.6	0.001257455874209991
RNU6-407P	0.0012570467621689336
SEC24B-AS1	0.0012567889586205191
TIMM8BP2	0.0012566706332844282
Y_RNA	0.0012566463620062769
CTD-3149D2.3	0.0012565031200974614
HIST4H4	0.001256292068430221
RP11-447H19.4	0.001255828132378035
RP11-375H19.2	0.0012557006144407496
RNU5D-1	0.001255601645270884
DAP3P2	0.0012553987826707464
CTD-2124B8.2	0.001255222530611448
ATP6V1G1P6	0.001255123507207398
LINC00694	0.001254937348865604
KRT16P3	0.0012549165294518706
UBTFL9	0.0012545830845975888
RP11-466G12.2	0.0012544420057210392
MYOZ2	0.001254122168408181
RNU6-766P	0.001253968126887844
Y_RNA	0.0012537031547609212
Y_RNA	0.0012533527166313553
RP11-345K9.3	0.0012532097884223694
ANKRD26P1	0.0012531570877158374
FTOP1	0.0012530574075995517
HNRNPA1P20	0.0012529480671965283
RPL7AP38	0.001252831252779367
AC034228.2	0.0012527120975016491
SMO	0.001252592821817815
AC013402.3	0.0012522577793845358
RP11-6L6.7	0.0012522532388366415
ENPP7P11	0.001252217670729229
AC006355.3	0.0012522118010163113
AC091729.8	0.0012520561185069875
Metazoa_SRP	0.001251819012843267
FAR2P3	0.0012517812952932503
RNU6-1028P	0.0012515504039331742
RP1-81D8.3	0.0012505787593892037
RP11-111A24.1	0.0012504898892723461
LINC00928	0.0012500251483263474
AC008622.1	0.0012495832305177551
TMIE	0.0012495365726409233
MKRN5P	0.0012489899190593135
AC105760.3	0.001248561401564159
RP11-627K11.1	0.0012480257989443007
FAM118B	0.0012476078322793643
RP11-203I16.7	0.0012474709830389188
RP11-486O13.4	0.0012474104150567858
CCDC90B	0.0012468518263273282
Y_RNA	0.001246816137311353
CTD-2251F13.1	0.001246719057791389
RP11-266N13.2	0.001246022224474868
ARL3	0.0012460093751516035
RP11-12M5.1	0.001245697890028562
CTB-187M2.2	0.001245579162287907
CDC42P1	0.0012455248242675425
RNU4-1	0.0012449459782195738
PPP1R8P1	0.0012446744421279496
C5orf46	0.0012445808587366386
CTD-2623N2.3	0.001244441391109043
MTND5P33	0.0012444257076577121
AC073063.10	0.0012440768615215743
ZNF877P	0.0012440158516278032
TMEM251	0.0012439963910151192
UBA52P3	0.0012439508299807054
IL12A-AS1	0.001243612323334346
RNU6-945P	0.001243442326065724
AC007106.1	0.0012434051705260151
TAL2	0.0012431993231976038
CYCSP51	0.0012431419304220637
TRIL	0.0012430356951958971
RP11-807H7.2	0.0012428301804292363
AC007365.3	0.001242521491368058
SNORD116-11	0.0012425053966008822
SLC7A11-AS1	0.00124247428259282
GAPDHP25	0.0012424589040030771
LINC01450	0.0012423645018148713
RP11-744I24.3	0.0012420891469463243
RNU2-58P	0.0012418138906296727
RP11-60E8.4	0.0012415381630470482
HESX1	0.001241415453949026
RNU4-6P	0.0012411228087901194
MACC1-AS1	0.0012409950047866625
RP11-775C24.4	0.001240856587033308
MIR128-1	0.001240842306989901
DLL3	0.0012406477348465474
SPAG4	0.0012403967775985005
RN7SL466P	0.0012399773796536466
MYL6P2	0.001239907767365482
RP11-109P14.2	0.0012397824306045844
THAP11	0.0012397457396634008
RP11-649E7.7	0.0012396683513150122
RP11-1228E12.1	0.001239373588909197
AB019440.50	0.001239205656467734
RP4-566L20.1	0.0012386252639521595
RP11-255C15.3	0.0012384217845830155
BBIP1	0.0012383394982252952
TSPAN31	0.0012381212585579754
HIST3H2BA	0.0012379525701764955
CTD-2196E14.3	0.0012378305845698026
RP11-31H5.1	0.0012375773340466659
HNRNPUL2-BSCL2	0.0012373890781294185
RP11-574F21.3	0.0012370713570753781
PCNA	0.0012365446322312875
RP11-12A20.8	0.001236099211231563
RP11-617B3.2	0.0012360584568573147
HSPE1P5	0.0012359145295313884
AC144833.1	0.0012358586067809617
RP11-754B17.1	0.0012357729306693578
RP11-24C3.2	0.0012357332964132977
MTCO1P18	0.0012356339940170517
RPL34P18	0.001235023589361625
RP11-22B10.3	0.001234500669309265
RP11-159K7.2	0.0012340838969753904
SNORA38	0.0012338091861898123
Y_RNA	0.0012337892743505773
CTD-2197I11.1	0.0012335358879913987
Y_RNA	0.0012334896501735074
GAB1	0.001233260705508938
NTSR2	0.0012330853805180841
HTR1D	0.001232805378335742
RP11-92G12.3	0.001232632399566896
RP11-460N11.2	0.00123255621803382
SSTR5-AS1	0.001232543361093611
HS6ST1P1	0.0012321207392680892
CTD-2049O4.2	0.0012315892274960018
RN7SKP237	0.0012314817753614458
SHROOM2P1	0.0012314736330364358
RP1-281H8.3	0.0012314392917323023
RP11-263C16.2	0.0012311865359309535
RP11-676J15.1	0.0012304185548015966
RP11-290D2.3	0.0012302881028740124
SNORA31	0.0012300013566506722
RP5-837I24.5	0.0012298489060289283
RP3-403L10.3	0.0012296161235021952
Y_RNA	0.0012295483410287732
U47924.32	0.0012295361928575303
AC090498.1	0.001229391609464406
RPL13AP6	0.0012293726634155058
CTD-2210P24.3	0.0012287013195167865
SUCLA2P3	0.0012284104786148043
MTCO1P8	0.0012282632461517488
PACRG-AS1	0.0012282240686163604
GCA	0.0012277751031628914
RP11-507K2.2	0.0012277355602911117
MIR3692	0.0012276729795723863
MIR33B	0.0012276503158757997
CXCL3	0.0012273559496587011
APOC1	0.0012266276666698303
CTD-2265O21.3	0.001226521560427925
BNIP3P29	0.0012264609153494874
SOX15	0.0012262188911091381
AC012354.8	0.0012261406260582232
FKBP1C	0.0012256181556175956
RP11-361A23.2	0.0012255594574966458
RP11-355E10.1	0.0012253938410639144
MIR942	0.0012249236580580466
AC064834.1	0.0012248462637281057
LEFTY1	0.0012247506750673654
PPIB	0.0012243101769991024
RP11-188C12.2	0.0012239170230655004
SDF2L1	0.0012238770610613547
RP11-65M17.1	0.0012238146284496943
MTCO2P2	0.0012237988633159898
OR2AJ1	0.0012237137021026995
RP11-23J9.7	0.0012237130705671064
SPATA31E1	0.0012222234090982652
RP5-1063M23.3	0.0012220539352412623
RP11-78F17.1	0.0012219759733229358
MAPK14	0.0012215413451601251
SERPINA6	0.0012215065716187734
TMPO-AS1	0.0012214878881242985
COPS7A	0.001221390126404371
RP1-274L7.4	0.0012213829056162604
RP11-63E16.1	0.0012211895923709304
RP11-195C7.3	0.001220734076631651
SNORA59B	0.0012207157774211982
CTC-490E21.13	0.0012206893525114606
SNORA12	0.0012205851179033747
AP005530.2	0.0012204727922430446
RP11-857B24.1	0.001220246561768068
PIR	0.0012202370843046354
UHRF1	0.001219941285646787
RP11-173M1.4	0.0012198375284335878
ARL2BPP3	0.001219692568891948
RP11-276E15.4	0.0012189488913200265
ZNF367	0.0012188761096946865
RP11-120K19.3	0.0012187156158587466
CTD-2334D19.1	0.0012179055535026153
RP11-33E15.1	0.0012178218841927568
RP11-420K8.1	0.001217561296087452
RP11-27M9.1	0.0012175407439839702
RP13-93L13.2	0.0012172830551872298
MIR4767	0.0012172703603224198
HNRNPCL1	0.0012169958481781978
RP3-508I15.9	0.0012166132885907991
AC016717.1	0.001216579069655199
RP5-1112D6.7	0.001216463744604184
IRF2	0.0012163680321185708
CT62	0.001216019265683078
DUSP5P1	0.001216015864911547
RARS	0.0012159646586998056
CTD-3099C6.11	0.0012159291310560969
RP11-270L13.1	0.0012158836898059737
RP11-111M22.3	0.0012158717372515338
CTD-3025N20.3	0.0012154748656124066
RNU6-625P	0.0012154505778989545
ATP5F1P1	0.0012147685008524118
SNF8	0.001214604743180451
TMEM141	0.0012142985926608218
IGHVIII-67-2	0.0012142885579051607
WDFY3-AS1	0.0012142512776186034
RPL17P40	0.0012138226692414446
RP11-351M8.2	0.001213705966087019
ANKRD54P1	0.0012134041529950437
RP4-564F22.6	0.0012133591442978055
RP11-490G8.1	0.0012132658012253515
CTD-2199O4.3	0.0012130948390755391
RNU6-784P	0.0012128252525028778
QRFP	0.0012127028529598897
RP11-548K12.6	0.001212517182455102
MIS18A-AS1	0.0012123278457606848
AC068491.3	0.0012122730344009324
RNU6-986P	0.0012120712091959558
PPP1R3A	0.0012118183293155771
USP46-AS1	0.0012115794871224836
IGHD7-27	0.0012114435565134581
RNU6-345P	0.001211431986253892
RN7SKP153	0.0012110351913607767
RP11-66N11.6	0.001210972295932568
TAF7	0.0012109285415445896
ALG13-AS1	0.0012108387525266023
CFAP58-AS1	0.0012106957305747575
MIR302A	0.0012106296107866473
RP3-461P17.9	0.0012099059671502256
SNCA-AS1	0.0012098885500131213
CNN3P1	0.001209860357272771
ZSWIM2	0.0012092886361260043
RP11-260M19.1	0.0012092328456872973
LINC00951	0.0012090520464072883
LINC00333	0.0012089480736225864
RP11-793H13.8	0.001208802623756601
RP11-123C21.1	0.0012086293886547728
CTD-2534I21.8	0.001208616297619341
RP11-39E3.3	0.001208540841977823
RP11-281O15.2	0.001208229951839476
MTMR9	0.0012078290198610684
RPL7AP26	0.0012073941021672372
RP11-402D21.2	0.0012071366147273592
RP11-536L3.4	0.0012070358757597644
PPIAP30	0.001206866814402482
MORC1	0.0012066252313705278
XXbac-BPG248L24.13	0.0012065875526074896
RP13-383K5.4	0.0012064880513830733
AC010761.9	0.0012064443534659478
NRBF2P3	0.001206302297059674
SNORD74	0.0012062097601560726
SNORA31	0.0012059278383368755
NANOGP5	0.0012057458518764045
HAS3	0.0012056323857411477
PRSS22	0.0012055449459939412
AC061992.2	0.0012055436654645098
CTA-228A9.4	0.0012054433539009709
HSPE1P3	0.0012054321151038468
ENOX1-AS2	0.0012053177634707697
RP4-607I7.1	0.0012049593753746966
RP11-271F18.3	0.0012049437924523186
RP3-497J21.1	0.0012046854073351385
RP11-296A18.6	0.0012042071259322847
TEAD4	0.0012041885944802013
RP11-281O15.5	0.0012041621473247914
PAQR9-AS1	0.0012037555032206675
NOS2P1	0.0012037493068819986
RP11-646J21.2	0.0012037242625213892
RPS2P7	0.0012035548601105797
RP11-570L15.1	0.0012033626419266823
NKX2-5	0.0012031798091662893
MIR5699	0.0012030243121780413
RP11-205K6.1	0.0012028606948999928
IL34	0.0012023829562669988
CTD-2532D12.4	0.0012020879741703964
AC006445.6	0.0012014955369405987
RP11-475D10.5	0.0012014843673111347
AC000089.3	0.0012014584466969007
LAMTOR3P2	0.0012013745273881289
RP11-115H15.2	0.001201345365420234
RP5-1132H15.2	0.0012012191653432392
RP6-60B16.1	0.0012007474391863913
SNORA51	0.0012002214641821656
RBMS1P1	0.001200060208947643
RP11-429E11.2	0.0011998728515210434
RP11-29H23.5	0.00119977030842304
RP11-77K12.1	0.0011992829829108945
RP13-870H17.3	0.0011991261436301419
LINC01393	0.0011990716081577359
LINC00581	0.0011988390830082272
SCX	0.001197875934126928
PCDHGB3	0.0011976578021213637
AC005262.4	0.0011971047563851067
XXbac-BPG181B23.7	0.001196654993924699
MDC1-AS1	0.001196517909671895
SDHB	0.0011963723224947486
CYP17A1	0.0011962983326161063
SNORA74A	0.0011962594128602532
CCL18	0.0011960900546116437
RP11-556O9.2	0.0011959267031759983
RP11-453M23.1	0.0011957403220175852
RNU6-869P	0.0011957194668053997
ALKBH4	0.0011956802801158487
RP11-182L7.1	0.0011952973508753146
LINC01066	0.0011952008831232481
CTC-457E21.9	0.0011950933521866292
RP11-1336O20.2	0.0011949662954945023
CTC-756D1.2	0.0011949066044376793
PDXDC2P	0.00119484373885442
RP11-158H5.2	0.0011946393435162605
RN7SL555P	0.0011945874319999755
RP11-662J14.2	0.0011945663986344418
VDAC2P4	0.0011943961304421422
TOPAZ1	0.0011940711926685776
DUSP8P5	0.0011937140545258541
RP11-1082L8.3	0.0011937114813082136
ANKRD30BP3	0.0011934683512115993
PANX3	0.0011933839107956354
HMGN2P31	0.0011933342062440619
RP11-1078H9.1	0.0011931040113309752
AC012066.1	0.0011926758451566708
RBBP4P4	0.0011925984307055908
Y_RNA	0.0011925146434377273
ABCB10P4	0.001192048955584317
SNORD116-25	0.001192046912662532
GTF3C2-AS1	0.001192017329192538
IFNWP19	0.001191841699407758
RP11-2C15.1	0.0011917560902524934
MTND1P36	0.0011908185387872084
RP5-1021I20.6	0.0011907274215655233
MRPS36P4	0.0011906872398076225
RP11-1275H24.1	0.0011903786831284065
PGAM1P3	0.0011901361849476456
RP11-575F12.2	0.001190114632024156
TTC28-AS1	0.0011900722065400176
RP11-50B3.2	0.0011900059758872955
CXorf67	0.0011893888593251891
ZNF341-AS1	0.0011893810612268723
KLF17	0.0011890939269720126
RBM14-RBM4	0.001188938179422537
PHKA1-AS1	0.001188818253273745
MIR329-2	0.0011886248764306597
RP11-252M21.6	0.0011885102999642993
AC027124.2	0.0011883680564768356
HNRNPA1P13	0.0011882525205590994
GOLGA6L17P	0.0011882091021631364
MRPS21P7	0.00118784708256751
RP3-465N24.5	0.0011878070284539182
TPM3P1	0.0011873887089936279
EXT1	0.0011872967036872064
RP11-473I1.6	0.0011867225890913775
POC1A	0.001186463268813554
TEX12	0.0011864371247870809
RNU6-930P	0.0011856736515456004
LINC00626	0.0011856242573776252
RNU6-322P	0.00118532034539536
SPOPL	0.001185297210493181
AC004947.2	0.001184997882956117
AC091180.1	0.0011848292266926064
RP11-500G22.4	0.0011847783938037613
DKFZP434K028	0.0011847677248166084
CTD-2072I24.1	0.001184752053915159
KRBA2	0.0011845562312986985
RP11-568K15.2	0.001184528722315914
LGI3	0.001184339373093321
RND1	0.0011832322020043588
HNRNPA1P60	0.0011828934215478433
TRNAU1AP	0.00118279400949351
CTB-167B5.1	0.0011827343722729206
F5	0.0011822059987937877
INSM1	0.0011819058439727086
LINC01158	0.0011817469872187913
RP11-457M11.5	0.0011816128417338747
HERC2P4	0.0011816108275979128
ACTG1P18	0.0011815958057787433
RP4-794H19.1	0.0011813061945717953
IGHV7-81	0.0011813051448524925
LINC01491	0.001180900750713431
RP11-412B14.1	0.001180334815365566
GRK5-IT1	0.001180167333344167
POLD2P1	0.0011800835763751364
TCEB2P1	0.0011798940511655205
RP1-102E24.6	0.0011794228634829543
RP11-697G4.4	0.0011792595434921495
CTD-2047H16.4	0.0011791190689119425
AC007161.5	0.001179051359225729
RP11-316A16.1	0.0011789125325190435
HOXB13	0.0011785082992499423
RP11-346C16.4	0.0011781799105374982
RNU6-342P	0.0011776606838507888
MIR569	0.001177585580996926
RPS29P5	0.0011772993878402093
RNU6-100P	0.0011770643658130658
LINC00922	0.0011770120642007175
AC011742.5	0.001176982855329834
RP11-338K17.6	0.0011768805878112363
RP11-202K23.1	0.0011765292170489946
MTCO1P11	0.0011763294069804427
AC092933.4	0.0011761582730412184
RP11-1280N14.3	0.0011760999149287555
RP11-545I5.3	0.0011760128110244817
RP11-366M4.8	0.0011758722981380122
LINC00051	0.001175838752209959
ACTBP6	0.0011757952768142441
GABRR3	0.0011757520652685655
AC007787.3	0.0011754277738753839
ACTG1P23	0.0011753837375375496
RP11-94B19.1	0.0011746906361510513
C1QTNF4	0.0011743899209138123
YY2	0.0011743212040972754
RAP1BP1	0.0011741249597620681
AE000662.92	0.0011740461720086705
MTCYBP3	0.0011739557383668067
LYPLA2	0.0011737689488067434
RBX1	0.0011736883002110086
HS3ST2	0.001173564019086046
SLC28A3	0.0011734120201887582
RP11-235E17.2	0.0011732946373004278
MEF2BNBP1	0.0011732734231072264
SMIM1	0.0011731628764001603
GAPDHP40	0.0011729248333365804
RP11-373J21.1	0.0011729230069543763
KB-1507C5.3	0.0011728247655186253
RP11-23J9.5	0.0011725484586631012
RNU1-13P	0.001172405377697498
RP4-718D20.3	0.0011721937743787146
TNRC18P2	0.0011721298410901988
CTB-73N10.1	0.001172013538940794
Y_RNA	0.001171498241241675
RP11-235E17.4	0.001170904502359444
RP11-467L19.11	0.0011708437579204967
HIST1H2BE	0.0011699757436656887
RNU6-306P	0.0011694695839375422
CCDC74BP1	0.0011694645054099726
RNU6ATAC17P	0.0011693431049575689
RP11-142A22.3	0.0011689870853225984
RP4-761J14.10	0.0011689477198337525
AC009060.2	0.0011685642911258187
SNORA70G	0.001168563581815767
PCDHB8	0.001168524162586848
RP11-447H19.3	0.001168218486245456
RP11-883G14.4	0.0011681453663966574
NGFR	0.0011680795032792458
AC004448.5	0.0011678346655183975
Z95704.3	0.0011677840773182898
KDM6B	0.0011677277288960211
IGLVI-70	0.0011667866286145124
RPL7P56	0.0011665988051447228
LINC01433	0.0011665743983161182
AC006007.1	0.0011665731663663506
AC004076.9	0.0011660429523113736
ASS1P10	0.0011659378695561323
DSCAM-IT1	0.0011659146047611148
CEACAM16	0.0011658406025952543
FAM183BP	0.001164967360717704
RP11-609N14.1	0.001164712013870612
RP11-324D17.2	0.0011645820802291338
LINC01047	0.0011642414058523145
KCNAB1-AS2	0.0011638992427830755
TRAF6P1	0.001163681707683094
MKRN3-AS1	0.0011636794789921512
AC060834.3	0.0011633733507342861
RN7SKP266	0.0011633651798091133
POU4F1	0.0011627133365614594
RNU7-159P	0.0011625373843933563
OR4N2	0.0011623212349721897
RP1-292B18.1	0.0011622737936242743
AF064858.11	0.0011621315484363658
SHISA9	0.001161758280559508
RP11-180K7.1	0.0011615844700580225
UBL7-AS1	0.001161551208478001
Metazoa_SRP	0.0011614367767713869
RP11-255P5.2	0.0011609700239278722
RPL7L1P5	0.0011609588921371232
ZNF696	0.0011609317642391878
RP11-745A24.1	0.0011607856355502653
AF038458.4	0.0011607818608091655
MYL6B	0.0011603829750715374
RUNDC1	0.001160339892947086
HMGB3P22	0.0011602648051472198
LINC01234	0.0011602564979561062
MIR30C2	0.0011601758228615595
TOR4A	0.0011593794738392722
RPL36AP51	0.0011591983679249819
RP11-396M11.1	0.0011587888857282776
AC009303.3	0.0011586542207784442
BANF1P5	0.001158562617369336
CTD-2639E6.4	0.001158331483582731
ACTN4P1	0.0011582757864202237
RBM5-AS1	0.0011577207036255943
PLET1	0.0011575672776575835
WBP4	0.0011570778320342027
RP11-666F17.2	0.0011570243306809214
RP11-612J15.3	0.0011565005342073623
RNASEH1P2	0.0011565003670651127
OTX2P1	0.001155954351758307
BACE1-AS	0.0011556073374427607
RP11-114H7.3	0.001155540261549284
AC138649.1	0.0011554757589536278
AC005796.2	0.0011550720541695758
RP11-494H4.3	0.0011550131039418758
Y_RNA	0.001154974847115653
HMGB1P23	0.001154841680813015
ELK2BP	0.0011548015935982368
HMGB1P4	0.0011546550063761978
ZNF585A	0.0011545360762129939
CCDC115	0.0011544422540424658
RNA5SP437	0.0011541926704043235
UBTD2	0.0011541723070936794
IGHV3OR16-15	0.0011539058564176898
LSM3P5	0.0011532768011650305
CRYGN	0.0011532154908204225
RN7SL756P	0.0011530720427910055
RP11-265N7.1	0.00115293652808524
RP11-234G16.5	0.0011527527010136767
FRMD6-AS1	0.0011527117177592653
ZNF804A	0.0011526917876712184
RP11-22H5.2	0.0011526387200823103
PTGER1	0.0011525384457507048
ZNF638-IT1	0.0011517609111437394
RP13-1039J1.3	0.0011516013785966527
RP11-21C4.5	0.0011515442266885171
PRR23C	0.0011515365362528521
TUBBP2	0.0011514105537493834
RP4-647C14.2	0.0011511076347467555
IGLVIV-65	0.0011509201675428482
RP11-31L22.3	0.001150773280176421
HIST1H3G	0.0011507361705788825
RP11-278I4.1	0.0011506204485013738
BHLHB9P1	0.001150081085463773
MIR3127	0.0011500787092282945
RP11-396C23.4	0.0011497792644664254
CTD-3099C6.9	0.0011497014138077642
CASC16	0.001149466112300432
GHc-857G6.7	0.0011494640612908472
TBC1D3P7	0.0011493212297825797
RP11-471M2.3	0.0011492360450858767
PTGER2	0.0011492184870691942
RP1-249H1.3	0.001149196901209834
BNIP3P15	0.0011490165371493364
NHLH2	0.0011490010122314797
RPS26P49	0.0011488422610259521
AC139103.1	0.0011482239457205885
PRDX3P1	0.0011481833274597584
CTD-2024I7.18	0.0011480557308072234
AC093627.11	0.001147448211099523
RP4-535B20.1	0.001147446837336949
TAF9B	0.001147345867817328
uc_338	0.0011472452546634848
OR8I2	0.0011471247228692298
CNN2P6	0.0011469342871160129
PCGF7P	0.001146715277240141
ACOT6	0.0011466503261672656
MIRLET7F1	0.0011465974101067223
LINC01356	0.0011465592305936808
AC007386.3	0.0011460456511169488
RNU6-331P	0.0011458656833870037
RNU7-60P	0.0011457237336504002
CLP1	0.0011455906452289013
KDELR3	0.0011454615053795982
EFCAB6-AS1	0.001144963110631081
RP11-134K13.2	0.0011446530068284903
RP6-24A23.7	0.001144646576693515
RP4-620F22.3	0.0011446205654746383
TMA16P1	0.0011445780906675339
RP11-79P5.3	0.0011444846945299406
ARL6IP1P2	0.0011442551808980978
SFT2D1	0.0011441429966383065
RP11-511H23.2	0.001144079781568596
RP4-734C18.1	0.0011434955167423956
RP3-326L13.2	0.0011434924580198667
PCDHGA3	0.001143490089482962
LINC00933	0.001143250575956631
TRAPPC13P1	0.0011427277196818062
ACTRT3	0.0011426954007575363
RP11-589M4.4	0.001142677515173621
RP11-38F22.1	0.001142673499755854
NDUFAF2	0.0011425148967148845
RP11-321A17.3	0.0011424658233338948
MMP1	0.0011422915494736033
RP11-661A12.4	0.0011422030215535541
RP11-344P13.1	0.0011421490606667373
RP11-275H4.1	0.0011421157115413263
ALG13	0.001142041151755166
RP3-522J7.7	0.0011414675821881282
RP11-407H12.8	0.0011413546463459319
CTB-161M19.1	0.0011410621264306068
PPP1R17	0.0011410616968000374
CDC37L1-AS1	0.0011409314916012673
RNU6-937P	0.001140874723639404
LINC01127	0.0011403527990334892
FAM78B	0.0011403502293773024
LINC01391	0.0011403204257257478
IGKV2-30	0.0011402470980680245
CRYGA	0.0011399991283753677
RP11-177B4.2	0.0011399608182709345
DHFRP1	0.0011398964122652383
AC007319.1	0.0011398781033237835
RP11-109A6.2	0.0011396995531427036
RN7SKP70	0.0011396322034009183
MIR4515	0.0011394740755705
AC072061.2	0.0011393578005231874
MIR592	0.001139170561768132
PAPPA-AS2	0.0011391530137628801
SLC25A51P2	0.0011390838338681435
IDI2-AS1	0.0011389992655457763
RP11-439I14.3	0.0011388991353886767
NHLH1	0.001138647386770731
FLYWCH1P1	0.0011385859273440363
MIR519A2	0.001138201133339103
IGKV1-33	0.0011380871136060526
LOC401913	0.0011377195393204255
RP11-171I2.3	0.001137382366094204
RP3-368B9.2	0.0011370862081019266
SNORD114-1	0.001136754979991708
RP11-580P21.1	0.0011365300723403225
RP11-497H16.5	0.0011363976273522064
OR4N1P	0.001136375358660499
TMEM72-AS1	0.0011362493600927236
RP11-517O13.3	0.0011361609330418426
RP3-333H23.9	0.0011360911994576337
WASIR2	0.0011356423395499106
RNY4P34	0.0011355744288227968
CTD-2382E5.6	0.0011349571190977495
RP11-770J1.4	0.0011349426707374678
RP11-229P13.2	0.00113485641147763
RP11-983C2.1	0.001134532939596841
RP11-531A24.3	0.0011336747681972294
RP6-99M1.1	0.0011334276074484104
RNU1-100P	0.0011330022404767615
RP11-135N5.3	0.0011329538149306682
CTC-242N15.1	0.00113290937562904
RP11-430H10.1	0.0011328661041860775
RP4-796I17.5	0.0011322461052941082
RP11-3D4.3	0.0011322316364228396
AC016292.1	0.0011321157601621578
AFAP1	0.0011312252897865945
ARMC7	0.0011311657886921502
RP11-1018J11.1	0.0011307627279351924
MIR1251	0.0011304000735001861
SCARNA8	0.001129989674889371
RP4-694A7.2	0.001129887655860845
PAQR9	0.0011298450781379755
LINC01603	0.0011298060586472768
IGHV3-25	0.0011297447655864079
LINC01072	0.0011291917669690882
RPL23AP20	0.0011290919554138462
PCSK6-AS1	0.0011284689530894445
RP11-138B9.1	0.0011284308571086366
RP6-24A23.8	0.001127945383959393
GS1-531I17.3	0.0011275993684439097
CTB-52I2.3	0.0011275044418061922
RP11-393I2.2	0.0011273970376793566
MRPS17	0.0011272735264186797
CTD-2184D3.7	0.0011272619315830302
ARGFXP2	0.0011271656023866849
RP11-493E12.1	0.0011270937752282592
RP11-96K19.4	0.0011269258722254975
RP11-58A18.1	0.0011268341014896305
AC002383.2	0.001126231871402545
RP11-317B7.3	0.001126207945392346
RP11-374A4.1	0.001126061762483645
AC019181.2	0.0011260468774386303
RP11-200K12.3	0.0011258868958288878
FBXO30	0.0011255968810675563
RP11-204L24.2	0.0011255316592529126
CFL1P6	0.0011254831045017376
RP11-406H23.2	0.0011252183022810952
PSMC1P3	0.0011250788922874773
KCNJ18	0.0011250679696087034
RP5-1044H5.1	0.001124900584231699
RP11-396B14.2	0.001124871799710693
AQP9	0.0011248313413901537
RETN	0.0011243482211588224
RP11-553P9.3	0.0011243473048846405
SEPT7P6	0.0011241819522922769
TDRD7	0.0011239690149119977
KLRC3	0.0011238944439298302
CTB-186G2.4	0.0011238415099160048
RP11-724N1.1	0.0011234111101766
MIR3199-1	0.0011232661603959918
RP11-222K16.1	0.0011228575862250833
RP11-269F19.2	0.0011228440569482118
M6PR	0.0011220985314746338
OSTF1P1	0.0011218501228746679
PSAT1P1	0.001121732054189399
HILS1	0.0011217307785460805
CTB-105N12.2	0.0011216640104742047
PMS2CL	0.0011203002269834688
RP4-790G17.7	0.001120057354706797
RP11-504I13.3	0.0011200182155745831
RP11-319G9.3	0.0011199620345925898
CTA-407F11.7	0.0011199509192922476
RP11-363G10.2	0.0011195054202420632
MTCO3P8	0.0011191257648380227
RNU1-88P	0.0011183438758921712
ERVW-1	0.0011182904584239141
RNU6-433P	0.0011182245645108622
SLC25A39P1	0.0011180300050528016
RP11-305O6.4	0.0011177451437391825
RP11-728E14.3	0.0011173976650984006
MTCO1P55	0.0011173619501883157
C10orf62	0.0011168156037232259
CELA3B	0.0011167613294043191
IL22	0.0011166352446502403
RNU1-59P	0.0011164742832561346
RNGTTP1	0.0011163063311786787
STX8P1	0.0011155618128214214
TAS2R18	0.0011155066945378186
CYP2C9	0.0011152211873215563
RP1-257A7.4	0.0011148148864568918
SLC2A10	0.0011145377326869477
RP11-44N21.4	0.0011145355696060438
MIR6499	0.0011139414795208419
RN7SL535P	0.001113698076682968
RP11-582E3.5	0.001113637440075929
CTD-2377D24.6	0.0011135266259344149
TSNAX-DISC1	0.0011134376376340496
RP11-326L9.1	0.0011129181237379377
TUBB2BP1	0.0011127548483590057
SNORA49	0.0011119932746081924
RP6-109B7.4	0.0011119793492091544
AC009134.1	0.001111955633755186
Metazoa_SRP	0.0011119540627567916
GS1-166A23.2	0.0011114741522335221
RP6-102O10.1	0.0011112925086800185
CTD-2526L21.3	0.001111270221907935
RP11-137H2.4	0.0011110843611662534
CTD-2301A4.3	0.0011110153972613108
RP4-590F24.1	0.0011110073203242144
KRT16	0.0011106897877063008
RP5-921G16.1	0.0011106506735026893
UQCRFS1P1	0.0011105927020845512
RP11-277J24.1	0.0011105265242930594
RP11-522M21.2	0.001110515099663293
FOSL1P1	0.0011103326219483124
LINC00269	0.0011102596240677633
GLIS2-AS1	0.0011096848120995169
RNU2-31P	0.0011096064959099853
ATP5LP2	0.0011094794932923172
RP11-69G7.1	0.0011093384366971926
RP11-642C5.1	0.0011087812398329307
IGBP1P3	0.0011086656609918973
AC012668.3	0.0011086653959496851
ARMC8P1	0.0011086633748164066
HIST2H3D	0.0011084993699036548
CTB-58E17.1	0.0011084681880189032
AF013593.1	0.001108407341439669
ERH	0.001108323442555125
AC015969.3	0.0011082592671161123
SLC25A5P1	0.0011078455088703802
RP11-1003J3.1	0.0011077852988467033
RP11-76I14.1	0.0011074073910912012
LINC00407	0.001107318192135563
AP000696.2	0.0011071832684097687
MYL6P3	0.0011069985836815992
RP1-74B13.2	0.0011069439540663298
BHLHE23	0.0011067909715306108
AF178030.2	0.0011066686839847067
RP11-123O22.1	0.0011065480306957684
IFNA20P	0.0011064621603532325
RP11-302F12.10	0.0011063583288606767
XKR3	0.0011058328991525863
RP11-1K3.1	0.001105811760066664
RNU6-418P	0.001105704378347889
RP11-52J3.2	0.0011056465521038141
CTC-575I10.1	0.0011056021262488228
RNU6-483P	0.0011055697958020911
SNORD19	0.0011053742246638861
RNA5SP245	0.001105230820141641
RP11-100N21.1	0.0011049873821727331
RBMX2P5	0.0011049602345969596
MIR4637	0.0011048500070292963
BCRP5	0.001104656704728794
UNC5B-AS1	0.0011044409803162719
RP11-557F20.2	0.0011043928216579412
RP5-1023B21.1	0.0011042856094478535
RP11-260A9.6	0.0011041592609960821
RP11-505E24.2	0.001104091350658849
TTC3-AS1	0.001103877688274426
VAMP2	0.0011032662151917645
RP11-730B22.1	0.0011032091755089845
RP4-569D19.8	0.0011028399278150847
RP11-855A2.2	0.0011022255272101354
CELSR2	0.0011018410843995925
RP11-429P3.8	0.001101777068081595
AC025750.5	0.0011017105232940033
ZDHHC20P3	0.0011015698520193886
SEC22B	0.001101421456515403
PNKDP1	0.0011013002137021007
MIR2681	0.0011012194844520376
RP11-421N8.2	0.0011011871616617007
HMGN2P4	0.0011008925383136205
SNORD67	0.0011006617016541865
RP11-369C8.1	0.0011005715168950576
RP1-84O15.2	0.001100460125631006
OR5B12	0.0011002806280370676
GTF3C6	0.001100157512055508
ZNF512B	0.0011000920186361265
MIR6856	0.0011000425723806408
RP11-552J9.9	0.001099742249722165
LRFN1	0.0010995049398101996
RP11-482E14.2	0.0010993223053002155
AC114271.2	0.0010992995145506993
AC006486.10	0.001099274490223783
SNORA37	0.0010991480460222289
TIMM50	0.0010990582390213255
EIF3LP3	0.001098835333118042
RP11-20I23.6	0.0010988225728025085
AC087650.1	0.0010983743299619983
RP11-373E16.4	0.0010981395425671298
RP11-314D7.2	0.0010978342459404382
RPS15AP6	0.0010978312634109051
RP11-267N12.2	0.0010976942679129184
RP11-147L13.12	0.0010974381670503413
LEMD1-AS1	0.0010973205030674732
Y_RNA	0.001097303581215993
ASPDH	0.0010972158049575892
RP11-680G24.7	0.0010972084224464748
RP11-95G17.2	0.0010969468033186444
RP11-171I2.5	0.0010969284534330243
RERG	0.0010968863370301742
RP11-76P2.4	0.0010967172396251657
HNRNPA3P1	0.0010965146064500434
KLK14	0.0010964136718438192
RELL1	0.0010963687205296836
RN7SL724P	0.0010963351091222233
RIPPLY3	0.0010960634856556166
CCNJP2	0.0010960334798956434
RP11-70D24.3	0.0010959920985478095
SNORA71A	0.0010959516070237613
RP11-445O16.3	0.0010958870299527111
CSTB	0.0010958651149001
RP11-766H1.1	0.001095847012045041
RP11-641J8.1	0.0010957850494318065
MIR4525	0.0010956866718509755
RP11-843B15.3	0.0010956735930791944
CTB-35F21.3	0.0010956441484507463
LRRD1	0.0010952954837234825
RP11-321M21.3	0.0010943859773530924
RPL23AP91	0.0010941210691824996
AC008694.2	0.001094063846177584
RP11-762H8.2	0.001093973897706657
AC009299.4	0.0010935793500744825
PPIL1P1	0.0010934886101372772
CTC-286N12.1	0.0010931195972806182
RP3-347M6.2	0.0010928543947691816
RP11-10L7.1	0.0010927523057940474
HMGN2P8	0.0010927333942421624
MTCO1P7	0.0010924824791084646
TRIB3	0.001092090210902008
RP11-132A1.3	0.0010920613955141508
RP11-440L14.1	0.0010918849767123208
PRDM9	0.0010917702263109777
AC019330.1	0.001091745849618542
RP11-94B19.4	0.0010915565237203312
RP11-857B24.5	0.0010913810294806683
RP11-491F9.3	0.0010912478810137197
XXbac-BPG170G13.31	0.0010910017206863835
CSRP2	0.0010905222286770638
LA16c-444G7.2	0.0010905110148998402
RP11-517B11.6	0.001090448683832174
RPL6P12	0.00109042501959607
ARL14EPL	0.001090415554222488
CTD-2651B20.7	0.0010903156353094462
RP11-402L1.4	0.0010902792963705492
ADCY9	0.0010900974038668713
RNU6-979P	0.0010898819315109001
RP11-214J9.1	0.0010896995026214791
TMEM117	0.0010896774623564956
C14orf166	0.001089498130013778
PGAM1P7	0.00108936481214082
RP4-621N11.2	0.0010893604396721031
ULBP2	0.0010892520352054013
RP11-632C17__A.1	0.0010889032591661744
KB-1460A1.3	0.0010886220269226555
MIR6075	0.0010881989723595244
Y_RNA	0.0010880851020296121
RN7SKP249	0.001087978634564224
PABPC1L2B-AS1	0.0010879777624031566
SNORD115	0.0010877246688757608
AC074117.10	0.0010877226449415964
ZSCAN12P1	0.0010876865843222167
AC007389.2	0.0010875353154974142
DCAF8L2	0.00108752468803767
HERC5	0.0010870539048490942
RP11-184A2.2	0.0010869314822607497
RP11-483I13.2	0.0010867705669368936
RP11-336A10.2	0.001086498082390263
RN7SL246P	0.0010859443851711998
RPL10P3	0.001085909189792935
MIR381HG	0.001085857485351364
CTB-129P6.7	0.0010855784894688318
PTP4A1P7	0.001085571808545713
RP11-116B19.2	0.0010854250023723652
RP5-966M1.7	0.0010853459344281168
RP11-440D17.3	0.001085239471234956
HUNK-AS1	0.0010850495182610552
RP11-348P10.2	0.0010842162904157993
Y_RNA	0.0010841860656654713
MAGEB2	0.0010839487956979161
SNORD53	0.001083872110972875
RP5-1002M8.4	0.0010836720325735072
RN7SL753P	0.0010834054443208316
RBM43P1	0.0010833653460198113
AP000641.1	0.0010832422937900263
CTD-2008E3.1	0.0010826695099428907
RNA5SP79	0.0010824890871715554
AC002429.4	0.001082317118903456
EIF4A3	0.0010822607453464146
IL17RB	0.0010820247709832443
GOLGA6L11P	0.001081987828761008
AP000473.6	0.0010809970501162757
RP11-274E6.1	0.0010805520936812347
CYCSP6	0.001080485070450208
LINC01056	0.0010801978566346044
RP11-861L17.3	0.001079956004693723
RP4-591B8.3	0.0010799152804757042
OR10H1	0.0010798869073184167
PGM5P4	0.0010798567951065142
RP11-723O4.2	0.0010796436571661671
MTND2P40	0.0010796434877212069
RASA2-IT1	0.001079608403939108
SNORD127	0.0010794193056428926
MIR3145	0.0010793943973332772
AC105052.1	0.0010793355386447755
RP11-703M24.5	0.0010791129956722074
UBBP5	0.0010788484607819069
VCX3B	0.0010788390930626817
GAPDHP76	0.0010788023342018116
RNA5SP162	0.0010785987768167056
PEX5L-AS1	0.001078451730693467
RP11-120M18.2	0.0010784318535475479
ZNF799	0.0010779543340078254
AC007557.2	0.001077892974071514
SLC6A21P	0.0010776767677240862
NUDCD2	0.0010776282538900812
RP11-432M24.4	0.0010771407825383578
RP11-738E22.3	0.0010771403828418586
EXTL3-AS1	0.0010769468795225091
LINC01024	0.001076485813655619
RASL12	0.001076414391775319
RP11-660M5.1	0.001076322182146613
RNA5SP479	0.0010759261171038208
RP11-170M17.1	0.0010758874035248162
CCL1	0.00107584765154423
TFAMP1	0.001075784690032105
CH17-333M13.1	0.0010751675070361554
RP11-230F18.6	0.001075048303333302
RNU6-651P	0.0010748587707340284
RP11-41O4.2	0.0010746858686521994
RP11-474L23.3	0.0010742190168623452
RP11-284N8.3	0.0010738802943482644
RP11-162A12.3	0.0010735946618202694
RPL23AP7	0.0010735149751888505
RN7SL402P	0.0010730492656514676
SNORD63	0.0010728636938361464
SUMO2P20	0.0010726611663961166
RP1-111D6.3	0.001072551464089593
PFN1P6	0.0010725397411974434
CTC-465D4.1	0.001072333085018458
RP11-357G3.2	0.001072297622782302
RP11-619L12.4	0.001072279139740636
MTND5P1	0.0010717522187507235
OLR1	0.001071642813215624
RAB40C	0.0010714055712933263
CTB-179K24.3	0.001071311886695881
SPRR2G	0.001071215431409565
RP11-120A1.1	0.0010711892392157145
RP13-714J12.1	0.0010711469440866646
MIR325	0.0010710884103320168
RP11-65L3.2	0.0010710567255168921
RP11-692N5.2	0.0010709898088026315
RP11-69H7.4	0.0010708502472927665
CTD-2528L19.4	0.0010705723546325509
RP11-278C7.5	0.001070286327345654
LRWD1	0.0010700363348620698
SMAD1	0.0010699769835311706
RP11-119H12.3	0.0010694711251923947
FAM221B	0.0010694166363914453
RN7SL575P	0.0010690181789450557
UGT2B17	0.0010689605286167661
VWC2L-IT1	0.0010689588065929268
RP11-289F5.1	0.00106892624736815
BRD2-IT1	0.0010684247132332634
AC002480.4	0.0010683597000658365
RP4-631H13.5	0.0010683594335389858
LINC01046	0.0010682959179898306
LLNLR-285B5.1	0.0010680988437989146
RP11-523J2.1	0.001067502163821168
MIR4642	0.0010674648599841429
CYCSP12	0.0010674445881272917
NTNG2	0.0010673145476560034
AC009517.2	0.0010670994171007838
PLD6	0.0010670849005188791
NPAP1P3	0.0010669203271444075
HCG22	0.0010666868066726625
RP11-360L9.4	0.0010666392919538973
HELQ	0.0010664680083717134
RP11-509E10.1	0.0010661407640978927
RP11-264A11.1	0.0010660898465491026
RP11-263E1.1	0.0010660818941380296
RP11-403D15.2	0.0010657104414290093
AC073957.15	0.0010656539398135767
ZNF552	0.0010655923040379359
PP14571	0.0010655433115142506
RP11-543D10.2	0.0010652737147007424
RP11-307C18.1	0.0010651087749601034
RP11-363J20.2	0.0010650488809026831
AC012494.1	0.001064979512460625
FGD1	0.0010648077911291185
RP11-565N2.1	0.0010647360645405259
WI2-89031B12.1	0.0010645854554092154
RNU6-711P	0.0010642382917558034
RPL7AP65	0.0010640995818300483
FTX_1	0.0010637732251606636
RP11-522B15.6	0.00106370570810648
RNU6-1024P	0.0010634787249620516
LINC00853	0.0010633203341234151
GNG5	0.0010631117714115122
RP11-417B4.2	0.0010628971674537583
AGXT	0.0010626891440299088
MIRLET7C	0.001062573361542953
RP11-1167A19.2	0.0010625724771265626
AP000477.3	0.0010625484061418725
RP11-370I10.12	0.0010624877793012058
AC079305.11	0.0010624407443269586
RP11-113K21.6	0.0010623735357183303
IGHD3-22	0.001062091980335272
BOLA2P3	0.0010620511852392764
AC010894.3	0.0010616826954743094
RP11-963H4.3	0.0010615326359242365
RP11-122G18.9	0.0010608577128698288
RNU6-341P	0.0010606385560141198
FAM90A26	0.0010605880761055133
HS6ST1	0.001060497281456876
RPS26P13	0.0010599882862915228
ABALON	0.0010597834207153117
Y_RNA	0.0010597707468488835
KIAA0101	0.001059716512267915
SEPT7P1	0.0010596626100321223
RP13-977J11.6	0.0010595319763714553
RP11-760D2.7	0.001058910968726473
DEFA5	0.0010586134115423786
RBAKDN	0.0010586044086886147
CTB-139P11.2	0.0010584578012713987
SNAP25-AS1	0.0010584552226751154
FTH1P16	0.0010582534013780867
AC005757.6	0.0010580583745054737
LINC00453	0.0010580573298817001
LINC00222	0.0010577707838369608
RP11-575I8.1	0.001057711573354113
LINC01126	0.0010576177555111502
GS1-345D13.1	0.0010576058039590175
AP000318.2	0.0010572704806808648
ATG12P2	0.00105719664289018
IL12RB2	0.0010571753443932399
MIR496	0.0010570461658289381
CTD-2090I13.1	0.001056816292831185
RP11-84A14.4	0.001056792919074286
CCKAR	0.0010565677003438504
SNORD62B	0.0010565639842431357
MSX2	0.0010563919130676456
RP11-344P13.6	0.0010555454059585098
ACTG1P19	0.001055175302287208
CTD-2555K7.3	0.0010551142559590526
SNX19P2	0.0010550554134142486
SMIM20	0.0010546921245224096
BRINP3	0.0010546244430813827
HAPLN1	0.0010543799227997355
TMA16	0.001054206861225722
RP11-301O19.1	0.0010541800483945428
RP1-117B12.4	0.0010541078209540028
CTD-2339F6.1	0.0010541069181902714
DNM1P38	0.0010537506296786421
RP11-299H22.6	0.0010534146789560354
RP11-107C10.1	0.0010528508683014498
PMS2P2	0.0010528303366287616
RP11-87C12.6	0.0010526886285072232
RBMS3-AS2	0.0010523014259665312
ACTR1B	0.0010519321189587174
LINC00205	0.0010516225901463314
DMBX1	0.0010504834513546772
POLR2H	0.001049871555190295
RP11-849F2.7	0.0010493641166751824
TRPA1	0.0010489879990900246
DYNLL1P1	0.0010486856944343218
RP11-109N23.6	0.001048656094231127
RP11-347C18.1	0.001048369802399588
RP11-6K23.1	0.0010482865999878858
NDUFB4	0.0010482166545425057
Y_RNA	0.0010481614949321082
RP11-177A2.5	0.0010479705901134877
SNORD74	0.0010479190230246664
TTC1	0.0010476625547528183
RPL21P91	0.0010473093288125496
LINC00437	0.0010469609066242316
LINC01389	0.0010469191486723113
HCG21	0.001046719713312061
RP11-484K9.4	0.0010467058672205423
ZNF839P1	0.0010461534089801082
RP11-315F22.1	0.0010461439511855381
DLX6-AS1	0.0010458305610106184
CASP5	0.0010455197437545785
LINC01074	0.0010453526277369504
RP11-335K5.2	0.001045235987529315
RNU7-9P	0.0010451315082175062
RP11-17E4.1	0.0010451249726883055
CTD-2201G16.1	0.0010448084685411572
RP11-293A21.1	0.0010445758917674898
AC007163.6	0.0010443374229195128
RP11-148M9.1	0.0010440013379013865
SNORA55	0.0010439288028521497
RP11-805J14.3	0.0010438747861902875
RP11-1E22.1	0.0010438562048871623
TMSB4XP2	0.0010437724859570297
MIR181A2	0.0010437430914839124
GALR1	0.001043733964911357
ALOX15P2	0.0010435997370881725
SNRPGP10	0.0010435232924589561
MIR3162	0.0010434771147164288
RP11-578O24.2	0.0010434468765800704
MAP2K1P1	0.0010432124843243093
RP11-375A5.1	0.0010430822035214172
LINGO2	0.0010430091892385286
CTD-2620I22.2	0.0010429050452184776
FERP1	0.00104272252678858
SPINK4	0.0010425219762534397
MIR3648-1	0.0010423719330005235
RP11-58G13.1	0.0010422311564249386
LY6G6E	0.0010421897783450085
PAK1	0.0010420578299035733
RP11-336A10.4	0.0010419468053262776
RP11-428F8.2	0.0010418278418585435
RP11-488C13.4	0.0010417661702064754
RBPJL	0.001041753570990955
RP11-649A18.5	0.0010416098547970849
FABP3P2	0.0010414865011468732
AC005730.2	0.0010413711596199294
CTSLP6	0.0010412257801410522
RP11-522M21.3	0.0010411473391448562
RP11-577N1.1	0.0010408974574612512
SBK2	0.001040637791438365
RP11-131L12.4	0.00104057468352402
RP11-407B7.3	0.001040507318409698
RAB30-AS1	0.0010404275758467928
AC104058.1	0.0010403881619750219
RP11-93B14.10	0.0010403770495862551
CLEC6A	0.001040149877030657
AC083875.2	0.0010400087807294325
RP11-849H4.4	0.0010395215994664353
ANKRD20A8P	0.0010392187171427225
KRT81	0.0010388203093667807
AP001619.3	0.0010387760973799808
RP11-65B7.2	0.0010387720044599928
CTD-3118D7.1	0.0010384455177201472
RNA5SP442	0.0010381905524499003
CTD-2026D20.2	0.0010377733685735578
STEAP2-AS1	0.0010374269383990012
ANAPC4	0.0010373106062949583
RP11-479O16.1	0.001037253145191313
RP11-281P23.2	0.001037130112217016
CSNK1E	0.0010369074506506799
SLC6A11	0.001036750591268499
RP11-341N2.1	0.0010367495930219922
SENP5	0.0010366783491301164
SNORA9	0.0010366174462093942
ACTL9	0.001036594641330186
RP13-577H12.3	0.001036574510146604
AC012493.1	0.0010364259457252706
RP11-409I10.2	0.0010362151332651262
RP11-146D12.2	0.0010360536005653122
RP11-345K9.2	0.0010360094623291481
AC069282.6	0.0010359555766942627
GS1-114I9.3	0.0010355554494392136
RP11-400K9.2	0.001035313915515603
RP5-916L7.2	0.001035021479822331
RP11-883G14.1	0.0010348762569291248
RP11-94H18.1	0.0010347589277596117
MIR4274	0.0010347367817674716
RNU6-1157P	0.0010346142300996896
RP11-976B16.1	0.0010345444960868518
AC090587.4	0.0010343664923087525
IGKV6D-21	0.0010343031244350908
MTCO1P53	0.001034215981328433
RP11-395N3.1	0.0010339613649011767
NPPC	0.0010338984646921004
RP11-334C17.3	0.0010337123934512314
SALL1P1	0.0010337097231554058
MIR5700	0.0010336704286251664
RP11-177N22.2	0.0010335930439345372
KRT17P4	0.0010331805234130786
RP4-614O4.11	0.0010331627587137893
RNVU1-7	0.0010330457212556913
NPB	0.0010328109075143786
RNU6-918P	0.0010324957066656692
RP11-194N12.2	0.0010324763991090755
RP11-197K3.1	0.0010321899465420927
RNF126P1	0.001032175025909913
NPAP1	0.0010315740733372214
RNU6-796P	0.0010313910207084775
CTD-2323K18.1	0.001030958799608078
RP11-15L13.4	0.0010309272601075358
DRGX	0.001030389693877722
RP11-379K17.9	0.001030228863398093
KB-1572G7.5	0.0010295335785739808
RP11-564C24.1	0.0010288958370486211
AC011718.2	0.0010287964183218312
AC068138.1	0.001028775133628083
CHRNA9	0.0010287103248437714
RP11-408J6.1	0.0010285962626473402
RP11-330L19.1	0.0010285538662391871
CTC-518B2.8	0.0010283972555537118
SNORD83A	0.0010283605037451646
DNAJC1	0.0010281944258831806
RN7SL272P	0.0010280296459668564
MIR3168	0.001027704825542344
RP1-29C18.10	0.0010276973574106537
RDH16	0.001027687743000953
RP11-425D17.1	0.001027540014109085
MAFK	0.001027223703463441
ATP1B3P1	0.001027215996283547
TMED1	0.0010269633023638099
RP11-119F7.5	0.00102664439403575
RP11-492I21.1	0.001026608180277573
RP11-556O5.6	0.0010265270562832794
CTD-2377O17.1	0.0010264261816766284
RP11-439I14.1	0.0010260297717310724
RP11-583F24.5	0.0010258922932035778
ELDR	0.0010256778367978068
RP11-579A4.1	0.001025421652450742
AC006372.6	0.0010251469459608392
AC005477.1	0.001025097123213008
MIR187	0.0010249288126615783
SURF6	0.0010247564324798162
RP11-25C19.3	0.0010246113924420974
CTC-471J1.10	0.0010244929657417061
SLC2A3P2	0.0010243109721740432
TNPO1P1	0.0010239034618411476
CTD-3194G12.2	0.0010234571354102552
RP11-701B16.2	0.001023219708997193
RP11-18B3.3	0.0010229406346213376
LL0XNC01-36H8.1	0.0010228981306694902
OXSR1	0.0010227202139985265
RP11-676J12.8	0.001022348861473237
CKLF-CMTM1	0.0010221510597829921
NDST4	0.0010219274375602308
RNA5SP282	0.0010218772672122623
RP11-495P10.5	0.0010216925500803938
RP11-686O6.2	0.0010216212762805422
TRA2A	0.0010215963880508105
RP11-561O23.7	0.0010215645084566797
RP11-322E11.3	0.0010215190444718642
RP5-862P8.3	0.0010214965937321398
RP13-455A7.1	0.001021342402113525
RP3-499B10.3	0.0010212509490978988
RP4-784A16.2	0.0010211218710835036
TMEM70	0.0010211173368793467
CTD-2081C10.1	0.0010207190669913387
RP13-216E22.4	0.0010200927062422986
RP11-425D10.10	0.001020092653711646
MTND5P32	0.0010197975192936855
RP11-638I2.2	0.0010196124208301852
CTD-2357A8.3	0.0010192137227626739
RP5-928E24.4	0.0010191793415586874
RP1-3E10.2	0.0010191749944884706
RP1-21O18.3	0.0010190161942548676
RP11-115C21.4	0.0010189736300903777
XXbac-BPG32J3.19	0.0010189071608528563
RP11-506O24.2	0.0010188701466985087
RP11-213G21.2	0.0010187852789172766
ACBD6	0.0010187590802548858
Y_RNA	0.0010187146922865718
RP11-195F19.30	0.0010183347436444755
THEG	0.0010183314214451894
SNORA31	0.0010180890374763814
MTCH2	0.0010179742051032814
RP11-495K9.5	0.00101779892265856
SPC25	0.0010177803502864477
RP11-148B3.1	0.0010175467072348569
GNA13	0.0010174269049113517
MIR581	0.0010171555503431847
RP11-637A17.2	0.0010170392783044237
STK24-AS1	0.00101703438042771
RP11-804F13.1	0.0010169354602615319
RHOXF2B	0.0010169013063137979
EIF2AP4	0.0010168975139166851
PFN1P9	0.00101668635913583
RP11-815J21.1	0.001016682804748611
RPL10P14	0.0010166098890403595
RN7SKP292	0.0010165507718692642
RP11-91H12.1	0.001016463479399528
RP5-1112D6.4	0.0010164626989004597
TRIM59	0.001016306917740977
AC004893.11	0.001016264956123645
LINC00364	0.0010161468531612622
UBA52P7	0.001016132446157188
RP11-542G1.2	0.00101591208552951
AC005224.2	0.0010155658981379607
RP11-497H16.8	0.0010153635552342273
SMCR5	0.0010151988516288665
RNU6-925P	0.0010149798603047199
ATP5HP2	0.0010148116368375363
RP11-452H21.2	0.0010146416410205918
AC018865.5	0.0010142768111565047
AL365181.1	0.0010141884715749096
FGFBP3	0.0010141815127406222
UBE2D3P2	0.0010141763045176358
RN7SL251P	0.0010140644892616833
RP4-591N18.2	0.0010140629976503523
AC109826.1	0.0010139779445879162
PA2G4P1	0.001013745104594658
RP11-549L6.3	0.001013721718762675
ALX1	0.0010132493218530062
RP11-404I7.1	0.0010131776412316837
RP11-352M15.1	0.0010130460186816358
RN7SL482P	0.0010130446743748605
MROH5	0.0010129906858122192
HIST1H4K	0.0010127629367445402
TPM3P6	0.0010126742629976739
AQP11	0.00101257542415925
RP11-443B20.1	0.0010124867621282823
RP11-431M3.2	0.0010124497680059244
RP11-142O6.1	0.0010124343188972578
NODAL	0.001012381758447172
RNA5SP67	0.0010122240435975064
SNORD114-11	0.001012186516593932
RP4-784A16.3	0.0010120388567106994
Y_RNA	0.0010120350777741392
FTH1P12	0.0010118640609395296
RP11-537P22.2	0.0010116430425604033
PANX1	0.0010113312474678894
RP1-122O8.7	0.001011004257813351
CST1	0.001010990926668856
SNORA51	0.0010109360486389544
MTND4P19	0.0010106867472876814
LINC01412	0.001010533937872083
AC004510.3	0.0010101386581212917
AC093107.7	0.0010099598775347432
MT-TE	0.0010099420954164716
NDP-AS1	0.001009371700529791
PHOX2A	0.0010090162284680743
SAR1AP2	0.0010088617802250903
ZNF667-AS1	0.0010081077805564568
RNA5SP20	0.0010079713454739427
RP11-383C5.5	0.0010079212274841408
RP11-285E9.6	0.001007828461387848
RP1-223B1.1	0.0010074830076935322
RP11-131K5.1	0.001007363405584736
TAS2R13	0.0010071585172921366
ACTBP11	0.001006631868815201
AC004076.5	0.0010065624623684247
GJA1	0.001006483222429581
TECTB	0.0010063926889191947
CTD-2547L24.4	0.001006079243339177
RPSAP19	0.001005970425923892
AC016994.2	0.0010058349479563054
ANKRD60	0.001005502073951236
RP1-283E3.4	0.001005452711454337
RRP36	0.001005160273919576
RP11-552M6.1	0.0010047427524242994
NOP14-AS1	0.0010043962242449317
CABP7	0.001004350380651599
RP11-406H23.5	0.0010041358747980807
IQCJ-SCHIP1-AS1	0.0010040190366032936
RP11-441F2.5	0.001003229288124507
RP11-500M8.7	0.0010032129201217003
RP1-168L15.5	0.001003138868049668
RP11-259P15.3	0.001003079598759055
RP11-446J8.1	0.0010025296450277739
CTD-3162L10.3	0.0010024992589776635
AC104651.2	0.0010022863614908637
RNU5A-1	0.0010022506198179297
EIF4BP5	0.0010022452388244365
RP11-336N8.1	0.001001563793019253
SLC39A12-AS1	0.0010012136520785378
RP11-674N23.4	0.0010007190348771179
SNORA72	0.0010003784184168846
OR7E102P	0.0010003463851568602
C11orf94	0.001000331865998191
ENDOD1	0.0010001664064227557
RP11-588G21.2	0.0010001494723793118
RP11-411B6.6	0.0010000002421979058
CTD-2616J11.14	0.0009999770703648942
LINC00638	0.0009998041559492524
RP11-632B21.1	0.0009997922408289499
AF001548.3	0.000999580353911651
MRPS30	0.0009992579204805578
AC005532.5	0.0009991622919221094
IFIH1	0.0009990598729146976
RP11-25G10.2	0.000999043061853735
NPY6R	0.0009983284424153723
AC073628.1	0.0009982584693935912
BMP2KL	0.0009982104039998666
TTTY16	0.0009981970171238702
AC007563.3	0.0009981005205785894
IL9	0.0009980205549371198
RP1-32I10.10	0.0009976306788236592
RP11-467L24.1	0.000997580907642014
AC055764.1	0.0009971265569847683
RP11-51J9.4	0.0009970438334346327
Y_RNA	0.000997008856617984
RP4-530I15.6	0.0009967501868790836
LINC00909	0.000996728183507062
CCDC13-AS1	0.0009966008886836148
ATP5G1P4	0.0009965237670312111
C11orf63	0.0009964149347157106
IQGAP3	0.0009962077690634137
RNA5SP85	0.000995954333638985
AC009491.2	0.0009957987737701417
FRMD8P1	0.000995666662503205
RP11-248N22.1	0.0009953773298075031
RP11-574F21.2	0.0009951972799133349
GACAT2	0.0009950974091666029
RP11-195B17.1	0.00099487943968543
FAM184B	0.0009946089641827492
RNA5SP357	0.0009942586605356724
POLD2	0.000994160514786251
RP11-138H10.2	0.000993988952340604
RP11-445N20.3	0.0009939028286665846
SNORD111	0.0009936969638301375
C6orf222	0.0009935724636359429
AC007279.2	0.000993408143170802
RP4-555L14.4	0.0009933686479718443
WTAPP1	0.000993220187874877
TAS2R64P	0.000992983512823896
PSMC1P12	0.0009926631713588908
NDUFA3P1	0.000992582834244156
CTD-2017C7.3	0.0009921663322062311
NAP1L1P2	0.0009920157454755402
RP11-317F20.3	0.0009920064109009352
LINC01136	0.0009919391223116834
RP11-331D5.2	0.0009919385020531251
TPI1P3	0.000991933283498029
RP11-640N20.9	0.0009915593813511893
CAMLG	0.0009910044203826907
RP11-485G7.5	0.000990595045265195
RP11-461A8.4	0.000990574861224282
RP11-349I1.2	0.000990502698935007
AC091813.2	0.000990414768456547
PLP2	0.0009904117156891278
Y_RNA	0.000990276156440325
OR10H2	0.0009897526071523319
JHDM1D-AS1	0.0009897096140126004
FCF1P8	0.0009895562464849138
IGHD3-10	0.000989348022687896
CCDC105	0.0009887839107735749
RP4-597A16.2	0.000988480651147493
RP11-327O17.2	0.000988476951969839
7SK	0.0009880551883135723
ZNF415P1	0.0009878742982184878
MIR9-3HG	0.0009878113727977535
GAPDHP58	0.000987539269007894
RP11-709D24.5	0.0009872428097414177
AP001469.5	0.0009871104568908915
RN7SL18P	0.0009869260452193842
MIR4319	0.0009867818757706647
CTD-2509G16.2	0.0009866358917062703
RP11-120K19.4	0.000986287252253098
FBXW11P1	0.0009862531402713914
AC087651.2	0.0009861693533712637
RP11-134D3.1	0.0009860270515273683
KBTBD11	0.0009857178599804643
RP11-284F21.11	0.0009855065249628056
RNU6-1297P	0.0009853633783683266
HIST1H1T	0.0009851469035318866
RP11-166B2.8	0.000985062602980029
RP11-2E11.5	0.0009848724416180216
LA16c-395F10.2	0.0009841947250508033
CTB-31N19.4	0.000984186200572141
RNU6-126P	0.0009841483667945134
RP4-705F19.1	0.0009840856536783803
LINC00890	0.0009839045202000656
AC093732.1	0.0009838552126890962
RP11-586L23.1	0.0009838502116584853
UPK3A	0.0009834796097176386
RNU6-817P	0.0009834763952774183
DISC1-IT1	0.0009829090006510943
RP4-778K6.1	0.000982282904785282
RNU1-132P	0.0009818399033079941
SLC25A14P1	0.000981832623326873
RP11-640N20.1	0.0009816941070805647
Z82214.3	0.0009813847970586945
RP11-1112G13.3	0.0009810979784020044
RPS24P12	0.0009810506728972254
AP001462.6	0.0009810200821431811
RP11-459I19.1	0.0009809976148833558
AF224669.3	0.0009809667170941386
RP11-106M7.1	0.0009809289256726649
RP11-157L3.10	0.000980674164616426
CTD-2233K9.1	0.0009805529180020405
FABP5P2	0.0009803655960185435
FOXL2	0.000979836038155669
RP11-526P6.1	0.000979716665881054
RNVU1-4	0.0009794532072247438
Y_RNA	0.0009792256270425505
MIR4677	0.000979025442404642
RP11-278H7.3	0.000978918049632542
RP11-298E9.7	0.000978680958660082
RP11-305P14.1	0.0009786753064082458
SNORA80E	0.0009782831391276013
MIR627	0.0009782529809470887
C11orf84	0.0009780999051962026
GNG5P2	0.0009780521535016002
RP11-429A20.4	0.0009778383521540828
MTND1P21	0.0009778342177638754
HNRNPA3P5	0.0009777216190549518
RP11-615I2.2	0.0009775643798078434
RP11-558A11.2	0.0009773452967870866
SPRR2D	0.0009773261297730481
RP11-393K12.4	0.000977292546058782
CORT	0.0009769954479023582
HIF1AP1	0.0009769943010504015
ILF3-AS1	0.0009769449558152694
PPIAP2	0.0009769349505500738
TBC1D3P1	0.0009764564294448919
AC006050.2	0.0009762620297596474
RP11-96C23.12	0.000976256962310179
LINC00907	0.000976175908741277
AC099535.4	0.000975602039536143
RP11-159D12.2	0.000975523161679306
CLYBL-AS2	0.000975438276692227
ACTG1P2	0.0009752939779766668
HSPA8P9	0.0009747502189013669
RP5-898I4.1	0.0009745874473789236
RNU4-31P	0.0009744255030181188
AC003002.6	0.000974246577661045
RP11-579O24.3	0.0009741817001305066
VAX2	0.0009741485606997229
RP11-359G22.2	0.0009740086771351221
BNIP3P34	0.000973584621220543
MAGEB6	0.0009735097371189975
AC012358.4	0.0009731758657242053
GTF2IP7	0.000973049881114477
RP11-331F9.3	0.0009729417718379943
MICC	0.0009722881959609892
PPP2R2A	0.0009720507005223891
RPL7P40	0.0009716792025160044
CRK	0.0009716232235794925
MIR4728	0.000971145145472958
RP11-219F10.1	0.0009708965673129761
RP11-65L3.4	0.0009708527091297257
LINC01377	0.0009700441523425377
IL20	0.0009699397242878909
U8	0.0009698390931533488
RP11-73G16.1	0.000969807495557703
RP5-839B4.8	0.0009694345662136014
PRDX1P1	0.0009693545999303152
OR51B4	0.0009690811200244364
RP11-185E8.1	0.0009688735748344525
ISM1	0.000968775165748261
AKR7A2P1	0.0009681866793412821
GAPDHP65	0.0009680636898738614
KIRREL3	0.0009678999919388992
RP11-193E15.4	0.0009678649251668738
TERF2	0.000967675463758407
MTND1P27	0.0009674425308364535
RNA5SP219	0.0009673599982247624
RP11-762I7.5	0.0009670352420414038
AC074389.5	0.0009670085400922412
RN7SL473P	0.0009666951717842615
PEX10	0.0009665724101865326
RNY1P5	0.000966419871059301
RP11-416A17.1	0.0009662487616871437
OTOG	0.000966230497557268
MIR3155A	0.0009659995398937659
RP11-308D16.1	0.0009657722986908977
RN7SL589P	0.000965590739862717
RP11-100N20.1	0.0009655598654463192
RP11-298A8.2	0.0009653719261025531
Metazoa_SRP	0.0009652562676432219
KRT18P63	0.000964843435395969
PCDHA9	0.0009642305865546595
GAPDHP68	0.0009638930348348683
C9orf66	0.0009636009644886877
MIR567	0.0009635693482876003
AFF2-IT1	0.000963513738251843
COX10-AS1	0.0009633392890966173
AP000280.66	0.0009630603315567099
SLC25A22	0.0009630390228756621
LARS2-AS1	0.0009629504720439837
RP6-91H8.3	0.0009628506845723684
RNU6-22P	0.0009626345943920867
VNN1	0.000962629314802089
TMPOP1	0.000962515914961211
CHGB	0.0009624944817201058
RP11-700F16.2	0.0009624018827044265
RP11-785D18.3	0.0009621337853969936
IGKV1D-16	0.0009619705508390589
RP11-486O13.5	0.0009616563945549652
RNU6-903P	0.0009616241995295744
RP11-852E15.1	0.0009612899826344023
GPAT2P1	0.0009612426230282942
RP5-1125N11.2	0.000961008425198847
PARP1P1	0.000960970636480572
RP11-353N14.2	0.0009609492673070564
RP11-356I18.1	0.0009609484957772839
PQLC1P1	0.0009609170887504972
MIR4659A	0.0009608936877542458
RP11-74J13.9	0.0009607071137915463
RP3-470B24.5	0.0009606963399951692
GAL3ST3	0.00096067143552136
RP11-848P1.5	0.0009606705651975903
RP11-425A23.1	0.0009606438248453061
NGF	0.0009604474590958435
RN7SL812P	0.0009599638828776953
KRT6C	0.0009598936421562048
NPM1P43	0.0009597114030734418
RP11-295H24.5	0.000959463329413166
RP11-545L5.1	0.0009589136985263567
DEFB109P3	0.0009588823996120646
Y_RNA	0.000958819743868381
RPL36P2	0.0009587015987486099
LINC01445	0.0009586294341576527
Y_RNA	0.0009585950518679115
MGARP	0.0009585666272454835
AC017104.2	0.0009584931904684782
RP11-155N3.4	0.0009582562853176059
RP11-708L7.6	0.000958184752594194
GABRQ	0.0009579889083026844
CMSS1	0.0009579178663896903
BNIP3P40	0.0009578983432332656
RP11-231C18.1	0.0009578207899761015
RP11-5A1.1	0.000957611487815379
IQCF6	0.0009575678418894675
T	0.0009573185225687204
UBBP3	0.0009571926205901268
RP11-495P10.1	0.0009567362423168659
EID2B	0.0009567071296364233
HERPUD2	0.0009565127658477439
RP11-705C15.4	0.0009564874396283127
PPID	0.0009564653516393406
SAGE1	0.0009560848222659341
EIF4EP1	0.0009560484378684276
RP11-30J20.1	0.0009560056461563513
RP11-148L24.1	0.0009558576997563929
RP11-843P14.2	0.0009555743620150787
RP11-85I17.2	0.0009555446199827436
RP11-509J21.2	0.0009553082659940716
CTC-297N7.1	0.0009549271465388485
RNA5SP299	0.0009543512948500396
RNU6-871P	0.000954333605378966
RNU6-1337P	0.0009540808751589599
OOSP1P2	0.0009540515466762795
SNORD116-6	0.0009539154956433434
AL139333.1	0.0009538973804865577
RP11-138I18.1	0.0009534360494987508
AC114763.1	0.000953406322002577
RNU1-61P	0.0009533134472580061
RP11-313I2.3	0.0009529950641984712
MTCO3P4	0.0009529427286315862
SUZ12P1	0.0009529425935773498
RP11-467L13.7	0.0009528438629022814
MIR3682	0.0009526783916942058
RNA5SP483	0.0009522367633164525
RP11-884K10.7	0.0009521292139400779
RP11-1114A5.4	0.0009516012589541132
FEV	0.0009514169737985345
RP11-779O18.3	0.0009513538591530487
RP11-102M11.1	0.000951247865298658
GPR88	0.0009512275594144102
RP1-102E24.9	0.0009511951803341786
AF003625.3	0.0009511921176162604
RP11-333E1.1	0.0009510362354217402
THOC7-AS1	0.0009508957182033538
FUT8-AS1	0.0009508254255093564
SNORD113	0.0009508112315432727
RP11-299G20.5	0.0009507460331458614
ZNF432	0.0009506331495584954
OR2L2	0.0009501165774794102
MIR6085	0.0009500639307413334
MAST4-IT1	0.0009497462975472787
AC012363.13	0.0009496349713252855
RP11-697N18.4	0.000949608561863358
NCOR1P2	0.0009492647159030466
RP11-58A18.2	0.0009490406135910622
GAPDHP61	0.0009484359079931344
RP11-240G22.4	0.000948420007219492
MIR3167	0.0009483251498473476
PATE3	0.0009482748496350302
RP11-121L10.2	0.0009480202959425968
RPS29P16	0.0009479173456890469
C17orf78	0.0009477244382285545
RP11-428J1.5	0.0009474359449553548
AC005307.1	0.0009473076119117732
RP11-85B7.2	0.0009470534961286026
GNMT	0.0009467955694000092
AC092570.1	0.0009466480830746822
LINC00434	0.0009466152748844
RP11-30L15.4	0.0009462494209468352
NCLP1	0.0009462207914077876
RP11-419K12.1	0.0009453351308835658
VN1R107P	0.0009452068174483184
RP11-253M7.4	0.0009451644079498328
CTSLP8	0.0009450966824480881
SIPA1L2	0.0009449317783458407
RNU6-1026P	0.0009449296311619391
RNU4-13P	0.0009445983460732898
HSPE1P18	0.0009444333168596007
CTA-268H5.12	0.0009443289748590448
RAC1P4	0.0009442718024073901
MTRNR2L2	0.0009441987551378054
AC024592.12	0.0009433163594495145
snoU13	0.0009433091666390363
RP11-311B14.1	0.0009430250723552102
RP11-283I3.6	0.0009427135661841075
AC016738.3	0.0009427123083407483
LINC01549	0.000942708041312866
IGLV1-50	0.0009426453092809932
BIRC6-AS2	0.0009425955428769457
Y_RNA	0.0009424718872517113
RP11-249C24.10	0.0009423632761072225
Y_RNA	0.000942016042562977
IL1A	0.0009420057895269884
SNHG8	0.000941940217799966
RP4-683L5.1	0.0009413435711485481
HLA-P	0.0009411447982595244
RP13-1056D16.2	0.0009406356289239863
KANSL1-AS1	0.0009403977741124513
IL36B	0.0009403679930661217
ACTG1P22	0.0009403343005631723
ZMYND19	0.000940314564760756
CTC-229L21.1	0.000940191579930549
RPL36AP10	0.0009401474827313316
RP1-125I3.4	0.0009401213406990405
SPEM1	0.0009392973157012253
RP11-875H7.5	0.0009387837116396653
RP5-1052M9.1	0.0009387372534450661
HOXB5	0.0009386354197742139
RP4-798A10.2	0.0009386167910129181
RP1-90J4.1	0.0009385234427843872
AC002069.5	0.000938304516239185
PKI55	0.0009382681774817886
RP11-214N15.5	0.0009382147777531111
RNU5B-1	0.0009381473244055462
MRPL40	0.0009377771947070489
OR10G7	0.0009376771453100599
NDUFB9P2	0.0009375968469643571
MSH4	0.0009375879724582051
C21orf62	0.0009375292735424005
RP13-467H17.1	0.0009374543762088066
ARHGAP23P1	0.000937364953016805
FTLP8	0.0009369095733718696
RP11-370I10.6	0.0009368589715335414
REG1B	0.0009365815622607891
RP11-108K14.12	0.0009365100754904184
TCEANC2	0.0009363349726858992
MATN1	0.0009360185918878271
Y_RNA	0.0009359192494546555
CTA-929C8.7	0.0009357905703473855
CTC-471J1.8	0.0009352945052957561
RP11-171I2.1	0.0009348752988519288
GYG1P1	0.0009348134319424611
CTD-2553L13.4	0.0009347296778569462
MIR1179	0.0009347166422063565
RP1-77H15.1	0.0009346407740592616
Metazoa_SRP	0.000934609312657881
OR52P1P	0.0009345400873182498
PTP4A1P3	0.0009343037283721839
MTCO3P22	0.000934303042748412
RP11-85L21.4	0.0009342760553407197
RPS18P9	0.0009341749397715275
Y_RNA	0.0009339323039102104
AC016738.4	0.0009334576269683262
CTC-209H22.3	0.0009334366162486703
RP11-540O11.6	0.0009328503935466487
RN7SL79P	0.0009325438282895712
ADAD2	0.0009323878802189143
RP1-122P22.2	0.0009322941416446165
RP3-424M6.4	0.0009322063246660432
RPS26P34	0.0009316518158062642
FBXL14	0.000931650886906247
LINC00506	0.0009313981445167256
ACOT12	0.0009307936128148918
AP000998.2	0.0009305097004419942
HNRNPA1P69	0.0009302487586638988
LETM1P2	0.0009302061655022037
MFAP1	0.0009297146223466174
RP11-123J14.4	0.0009293533665570507
LINC01507	0.000929033213939382
RP11-849F2.4	0.0009289872211201134
RPL7P38	0.0009288486690804009
SNHG23	0.000928703847597125
RP11-598D14.1	0.000928462569364015
RP11-395L14.13	0.0009283982771689637
E2F3-IT1	0.0009283468406554354
AL360294.1	0.0009283067239663811
Y_RNA	0.0009282486749193229
CKM	0.000928237566700357
RP11-93B14.9	0.0009282089777296202
SPATA12	0.0009281905805198095
SEPT14P12	0.0009279798752859911
RP11-524C21.2	0.0009279216515976944
RP11-338K17.8	0.0009277431657322036
AC018737.3	0.0009275150989180533
UBA52P8	0.0009274959337915485
VN1R91P	0.000927440660293807
BRWD1-IT1	0.0009274398919423638
MIR920	0.0009273570571169361
HMGB3P31	0.0009272530457839031
RP11-806H10.4	0.0009271875316019195
RP11-78I14.1	0.0009271047233682407
SNORA40	0.000926998146303198
GAGE10	0.0009269743307553901
INTS6-AS1	0.0009269403049271266
RP11-521A24.1	0.0009264545215560243
VSTM2B	0.0009263923447645875
RP11-635N19.1	0.0009260615896244485
RP11-436D23.1	0.0009258947581820105
MRPS26	0.000925705238268354
HOXD13	0.0009256174269860014
RP11-83B20.1	0.0009252978702124324
RP11-893F2.14	0.0009252925568988452
RP4-644L1.2	0.0009252542976492732
GAPDHP14	0.0009250445921686986
RP1-111C20.4	0.000925015688197762
RP11-254F19.2	0.0009249797051439276
AC000403.4	0.0009249243115310471
C8orf48	0.0009246011630704038
RP11-477H21.2	0.0009243006154010807
RP11-127I20.5	0.0009241946973332512
RP11-359J14.2	0.0009241718276898147
CEBPG	0.0009237770048813812
FKBP1BP1	0.0009236691156725055
MTCO2P33	0.0009235945104853271
RP11-61I13.3	0.0009234933335134445
RP11-10E6.1	0.0009234368906617533
SUSD6	0.0009227180458408002
RP11-713P17.4	0.0009227127452300155
MIR320C2	0.0009225639602632561
CTD-2329C7.2	0.0009223674632746257
NUTM2A-AS1	0.0009223524521663922
PPP1R2P5	0.0009221150613199605
KNOP1P4	0.000921837196858734
RP1-69M21.2	0.0009216076602460763
CTD-2026J24.1	0.0009215820856867866
RP11-222G7.2	0.0009214904531442514
RP11-299P2.1	0.0009213033537112423
RP3-412A9.12	0.0009210367206262663
RP11-439H13.2	0.000920287730626434
RP11-118F2.2	0.0009202459470002471
CHRNA10	0.0009201651061999978
TAS1R3	0.0009200615020091455
RP11-448G15.3	0.0009199610402289767
WDR53	0.0009199479877171969
RNY1P13	0.0009197832819693143
XXbac-BPGBPG55C20.1	0.0009196770443829536
LINC00977	0.0009195150886674629
RP11-346M5.1	0.0009194474685665195
FKBPL	0.0009194446667184401
CD302	0.0009191549096396426
GAS6-AS2	0.0009186621029793036
SCARNA18B	0.0009186604902541656
PHACTR2P1	0.0009184069031843658
AGAP1-IT1	0.0009180397308529701
ST20-AS1	0.0009180367308901353
RP11-45M22.3	0.0009179048959573161
PRH1-PRR4	0.0009178498681298454
MT-TF	0.0009177262096879834
MIR27B	0.0009174116559491349
SND1-IT1	0.0009173494940076924
RP11-511B23.2	0.0009169857370639966
PGBD4P2	0.0009169068932652927
Y_RNA	0.0009166594095429501
RP11-755E23.2	0.0009166448096910848
SLC25A3P2	0.0009163577681975224
ZDHHC20P2	0.0009162475941013084
SNHG20	0.0009161186321347415
MTND1P9	0.0009159098294737566
LINC00871	0.0009157358209782492
LINC01224	0.0009155815294722673
RP11-271M24.2	0.0009154434913678432
RP11-45K10.2	0.0009152654666508897
RP3-365O12.2	0.0009150852906808349
ARL5AP3	0.000915074042620843
RP11-322L17.1	0.0009148286153350981
CTD-2302E22.1	0.0009148065372104177
CH17-140K24.2	0.0009147832854907934
RP1-305G21.1	0.0009145808315332335
uc_338	0.0009142800221628551
PNLIP	0.0009136492129053473
METTL7AP1	0.000913193532261431
STARD6	0.0009127937994399231
HIST1H2APS3	0.0009127919806621528
IL17REL	0.000912610628014382
TYRL	0.0009124922541743646
UBE2Q2P11	0.0009122234508704219
PRRT1	0.0009121648259811326
RP11-350E12.5	0.0009120615454873737
AC016735.1	0.0009119629315445114
RP1-62D2.4	0.000911873769206713
HTT-AS1_1	0.0009115009954277644
RP11-637N19.1	0.0009114432835048086
IGLV5-37	0.0009109342058288148
APOF	0.000910907406023291
CTD-2621I17.6	0.0009108322061254745
AC004471.9	0.0009105433016172663
PRG3	0.0009104607048468313
CTB-96E2.10	0.0009101386884139036
RNU6-940P	0.0009101163370555528
RN7SL329P	0.0009098611473729666
RP11-114L10.2	0.0009096429150738862
TMEM174	0.0009093504243452186
Z69890.1	0.0009093237473325236
KCNE5	0.000908620782130447
UBBP4	0.0009085647023797421
SNORD3A	0.0009085154246219105
C1QBPP2	0.0009082030624590544
UBE2V1P1	0.0009076611364890488
RNU6-575P	0.0009070309905406764
UBE2B	0.0009067860872656557
U1	0.0009064607920395602
RN7SL789P	0.000906136503767491
RP11-511I11.2	0.0009060935477494931
FARP1-AS1	0.0009055740435912522
CTD-2630F21.1	0.0009051813809914904
AC103564.7	0.0009049364660057498
ABHD3	0.0009048561963531098
RP11-51L5.2	0.0009046819372898193
RSF1-IT1	0.0009045987368209371
MIR1262	0.0009044849356889827
RP11-297A16.2	0.000904244028080155
RNU6-1121P	0.000903830311293898
RP11-490D19.11	0.0009038263916073637
KCNE3	0.0009037795396271373
RP11-96D1.5	0.0009037720848833326
HSPD1P10	0.0009037018154571109
RP11-91I20.1	0.0009035348677851396
MIR6821	0.0009034723845222539
LINC00927	0.0009034542804363273
AC037459.4	0.0009034145523007961
SNIP1	0.0009030651593393894
CTD-2124B20.3	0.0009029687293652102
S100A12	0.0009029248753261311
RP11-9G1.3	0.0009028856266291224
SNORD15B	0.0009028822170656643
PPP1R14BP2	0.0009027274491858492
RNA5SP425	0.0009027199645893127
RNU6-1144P	0.0009027073625807485
RP11-245G13.2	0.0009026212794066639
BMS1P10	0.0009025421621239933
PPP1R15B	0.0009024275011742528
CTD-3014M21.1	0.0009023530543045137
ATP5G1P1	0.0009018682031979819
PCDHGA7	0.0009016338379373504
MALRD1	0.0009014895205043838
CTD-2530H12.4	0.0009013087516642589
OR5V1	0.0009009231641646901
STK38L	0.0009008973075308284
RP11-708B6.2	0.0009004244750300309
RP11-560A15.3	0.0009003851532423878
CTB-50E14.5	0.0009003041199212053
HERC2P5	0.0009002740965170026
C14orf178	0.0009001193527652081
RP11-44F21.2	0.0009001013520804333
PARD6A	0.0009000143523296791
RP11-1070A24.2	0.0008998945648646403
RP11-217E22.5	0.000899570508521555
RP11-403I13.5	0.0008994999944403375
DSCAS	0.0008994767897541962
RP11-146F11.3	0.0008994640727590825
AKR1B1P1	0.0008994151094517596
GVQW1	0.0008994142182576706
RP11-1033H12.1	0.0008990658187242177
LSM3P3	0.0008989700936638107
Metazoa_SRP	0.000898662388268093
NPPB	0.0008986281365551267
RP11-165M1.3	0.0008985100610286709
RP11-464D20.6	0.000898117353702533
RP11-316J7.4	0.0008976328978438616
AC140912.1	0.0008974049827032896
ZNF625-ZNF20	0.0008969649624394902
AC007391.2	0.0008969218469262812
Y_RNA	0.0008960507214297207
PSD2	0.0008959377969637124
KPRP	0.0008957238987218339
BEND3P1	0.0008955613624323221
RP11-406O16.1	0.0008954878085137507
CACNA1C-AS4	0.000895338422791936
DNAJC30	0.0008952257017497913
CRYGD	0.000894956184953688
TRAPPC3L	0.0008949065382216014
FTX	0.0008948296159106013
RP11-136C24.1	0.0008946886405039463
C19orf44	0.000894446495582425
RP5-1051D14.1	0.0008943427170189705
RP11-256I23.2	0.0008941044316291375
RHEBL1	0.0008940261633454288
RP11-654A16.1	0.0008938078481533011
SMURF2P1	0.0008936110898643199
CCNB3P1	0.0008929617054782223
TOPORS-AS1	0.0008929108146464999
RP11-242P2.2	0.0008927584903705607
RP4-806M20.5	0.0008926343038652106
BMS1P4	0.0008924631831652924
TRAPPC2L	0.0008924324876615822
GREM2	0.0008918170644881639
ZSWIM3	0.0008914387865169316
WDR82P1	0.0008911711339932082
ALDOAP2	0.0008911666590807815
HCFC1-AS1	0.0008911649596807468
RNU6-714P	0.0008906974657645592
RP11-250H24.2	0.0008903818342146416
BHMG1	0.0008903392777065129
RP11-398B16.2	0.0008902807339819199
RP13-753N3.1	0.0008901620793575773
MROH7-TTC4	0.0008900429964482704
ATF6B	0.0008899787418898002
MTRNR2L1	0.0008899729914350581
RP11-656D10.5	0.0008897397705572695
SLIT2-IT1	0.0008894730493941027
SNORD115-1	0.0008894053095024879
RP1-101G11.3	0.000889260774650778
KLHDC7B	0.0008889345199156541
TMX3	0.0008887591893492031
DUX4L27	0.0008886321163035735
RP11-9N20.3	0.0008885616950329628
AIMP2	0.0008885210062350303
RP11-706O15.5	0.0008877459256436442
RNU7-107P	0.0008876343430026944
RP11-21K12.2	0.0008872805187984847
RPL36AP29	0.0008871538275916544
UBE2NL	0.0008869757738186062
TRIM64B	0.0008869456697779954
MIR4737	0.0008868776364339706
MKRNP2	0.0008867042458318063
RP11-390K5.3	0.0008866306803823014
HLA-Z	0.0008866023336499501
AC007405.8	0.0008865721080887091
RN7SKP129	0.0008864008251771165
RP11-284B18.3	0.0008862306897582691
PPP1R14D	0.0008861814505024796
TMA16P2	0.0008859292165197957
PLEK2	0.0008858856198391458
Y_RNA	0.0008858069508229933
TUBGCP5	0.0008857048360506393
RP11-811J10.1	0.0008856860520027
HGH1	0.0008856325219697232
PLCL2-AS1	0.0008855093954912279
PPP2CA	0.0008854970951638915
ZNF35	0.0008854910131451197
RP11-430B1.1	0.0008852765054268948
C8orf44-SGK3	0.0008852185028016381
RP11-998D10.4	0.0008852147693982937
TOB1-AS1	0.0008850606078118982
MIR3129	0.0008849322280736285
MIR4479	0.0008848899228507021
AC011754.1	0.0008848857923409721
AP000563.2	0.0008847224316540079
Y_RNA	0.0008845032672885485
CTC-246B18.8	0.0008844548563872396
LINC00884	0.0008844270048307542
KB-1458E12.1	0.0008841077550208218
RP11-342K6.1	0.0008840841450671983
KCTD9P5	0.000883717036488206
BTBD18	0.0008836846588361934
RP11-723J4.3	0.0008836044582940454
CTD-3032J10.2	0.0008834192438765419
snoU13	0.0008831973875099862
RP1-122K4.2	0.0008830913655920869
PDE4DIPP1	0.0008829782296203238
Y_RNA	0.0008828203407226331
UPK1A	0.0008824632477204209
RN7SKP256	0.00088215036983588
SGPP1	0.0008821454696321651
DPP10-AS3	0.0008820630463652743
ZNF404	0.0008817557983933699
VN1R5	0.0008813745976012713
RP11-473E2.4	0.0008813408905233428
FLJ36000	0.0008811343692588573
EPN2-AS1	0.000880782861227204
AC011518.1	0.0008807455113880784
CTC-554D6.1	0.0008805476913643023
RP11-324J13.3	0.0008804489319042539
OR9I1	0.0008803754262380253
RP4-800O15.2	0.0008802592950364629
RP5-1057I20.2	0.0008800814033296713
RPS26P6	0.0008798283833309172
RP11-729I10.2	0.0008797796184037178
PPP5D1	0.0008795761534520364
RP11-404O13.5	0.0008795290977895764
RP11-438D14.2	0.0008794467300119597
RP11-508N22.6	0.0008792481437239114
LRRC10	0.0008791240675157348
GGNBP2	0.0008787972911013249
CCDC75P1	0.0008787808393275228
ZNF660	0.0008787316074628971
AC007389.3	0.0008783968172640813
LINC01208	0.0008781652388620932
CACNA1C-AS3	0.0008781635954535487
TBC1D3K	0.0008781370326649272
AC009518.8	0.0008780518260010775
POU5F2	0.0008775021472520062
MIR6514	0.0008769574028745324
RSU1P1	0.0008769227767341998
RNU6-882P	0.0008768627478641191
MIR4472-1	0.0008768285255590796
CTD-2021J15.1	0.000876589234193664
KB-1683C8.1	0.0008765717887529559
Y_RNA	0.0008765459933304291
RP1-53O8.2	0.0008764325230830596
RP11-87E22.1	0.0008762790726732991
AC018512.1	0.0008761603155540971
RPL13P6	0.0008758129553232183
GIPC2	0.0008757857662944754
RPS26P39	0.0008755416469147469
RPL6P25	0.0008753739582777559
RP11-116N8.2	0.0008751941466284229
RP11-6B6.3	0.0008750816950737817
RP11-86K22.2	0.000875012948301671
NHP2P2	0.0008749372566254906
AC092839.4	0.0008746871215699723
RP11-530C5.2	0.000874562427118991
ATP5F1P7	0.0008741397743157505
TRBV5-2	0.0008738553900830108
RP11-158L12.4	0.0008737679804984172
CTA-520D8.2	0.0008736895564100462
TNKS2-AS1	0.0008731035128704399
RP11-16C18.3	0.0008728778791334478
RP11-546K22.3	0.0008728272023815966
HMGB1P6	0.0008727980092005327
LCN15	0.0008724248917321026
OR5BT1P	0.0008722128477009594
PNMA6A	0.000872155689491206
RP11-390M11.1	0.0008713763572865388
RP11-570L14.1	0.0008713673975108203
MIR374A	0.0008712568760960482
AC004870.5	0.0008712303670836529
RP11-14I17.3	0.0008709781284610042
IGHV3-42	0.0008706955652792015
CTD-2083E4.7	0.0008705100655235015
REG1CP	0.0008704165151594451
BMP6	0.000870396598207771
CTD-2326C4.1	0.0008698044142623978
RN7SL670P	0.0008696500641724091
RP11-49O14.3	0.0008691545261918488
CTA-313A17.3	0.0008691498510374474
ELL2P1	0.0008688469026865931
HNRNPA1P63	0.0008683658663664407
RP11-457D2.3	0.000868233711821837
HNRNPH2	0.0008682130963385766
CTD-2538C1.3	0.0008671923174793404
MIR3180-3	0.0008671147111051287
RP11-680F8.1	0.0008668300506735248
RP11-470L19.2	0.0008666770354576911
BLACE	0.000866562966284288
UBE2QL1	0.0008665195730288649
COQ10B	0.0008663903605124559
RP11-12M9.3	0.0008662440491539317
MT1M	0.0008660210807377167
AP4E1	0.0008656381234209643
RP11-31F19.1	0.0008655948734284859
RP11-705O1.8	0.0008651795477553868
CTD-2383I20.1	0.000865086737220038
RP11-351O2.2	0.0008650668494257893
uc_338	0.0008646184163189609
ANAPC10P1	0.0008638250212632893
OR5M6P	0.0008637438531931568
RPS24P16	0.0008636189929116245
CACNG4	0.0008635934380503805
RP11-328K22.1	0.0008634822575614495
RP11-439C15.4	0.000863471285597145
AC016561.1	0.0008632004283792197
HIST1H1A	0.0008631744862829259
VN1R13P	0.000863077494803397
RP11-318K15.2	0.0008630769826235453
RP11-419C19.2	0.0008630543176512928
BOLA3P2	0.0008625956642414691
MTND4P24	0.0008625233905443604
CDR2L	0.0008623958720628145
RP1-30M3.5	0.0008623396159026035
LINC01566	0.0008622947462356797
GUSBP6	0.0008620426617561058
RP11-703H8.7	0.000861766767262744
OR6T1	0.0008616197671618549
RP11-46D1.2	0.0008615103546941291
BRWD1-AS2	0.0008614221519605669
RP11-439H9.1	0.0008613808167813789
CTC-304I17.4	0.0008613119536748698
RP11-269M20.3	0.0008609479350250881
AC012512.1	0.0008607301746381403
RP11-36D19.9	0.0008605950915157056
LIN28AP2	0.0008604240455502478
RP11-1149M10.2	0.0008603543815828212
LINC01504	0.0008601236752410006
PEAK1	0.0008599927714626961
RP11-143K11.5	0.000859802599588467
HMGN1P13	0.0008592398088542734
AP001628.6	0.0008590975011143992
CTC-459F4.8	0.0008586138880828397
FBN2	0.0008585355573861933
RP11-133K1.7	0.000858377037467287
RN7SL394P	0.0008580183406117333
RTP3	0.0008579249266237475
RFC2	0.0008578518468437853
RP11-561C5.7	0.0008576996862688639
RP11-135A1.3	0.0008576463336121911
GNAT1	0.000857410297357293
HOXA1	0.0008569917851818997
ACTL7B	0.000856839960810483
CTB-181F24.1	0.0008567845771545173
HNRNPA1P76	0.0008567255863187749
IGSF11-AS1	0.0008566732293487119
AC016549.1	0.0008565679320380339
RP11-48B3.2	0.0008564986277723849
RP11-764K9.1	0.0008564880096049747
RTL1	0.0008561557853490214
AE000661.50	0.0008560316756384632
RNU6-1111P	0.0008559807557904199
CTD-3234P18.6	0.0008559172320092588
CTC-232P5.4	0.0008557795670433614
RP11-64D24.2	0.0008556146730844319
RP11-863K10.2	0.0008554039654676067
SCO1	0.0008552215811989743
RP11-52I18.1	0.000855139666741251
RP11-278I4.2	0.0008549706802550489
RP11-240D10.4	0.00085470005675993
RPL12P17	0.0008545863045688073
RP11-73B8.1	0.0008544987698077251
HSPA1B	0.0008543406775216808
RP11-1O7.1	0.0008535671007773978
LINC00904	0.0008528897670458211
RP11-476I15.6	0.0008527205708949194
KLF15	0.0008526463952494217
CTB-108O6.2	0.0008522149541546766
MANSC4	0.0008519274277330436
ATP5J2-PTCD1	0.000851595163463531
FAM58DP	0.0008515586114826167
CER1	0.0008515128919830714
AC104984.4	0.0008509778561192878
MYOD1	0.0008508192747359528
ZNF225	0.0008507826287645346
RP11-474P2.5	0.0008507776097481399
RPSAP71	0.0008506767935742732
RP11-480D4.7	0.0008506455474093029
UNK	0.0008506207180014212
AC013286.1	0.0008505947047943362
OR4A46P	0.0008501672344160987
RP11-209D14.2	0.000849590624928201
LLPH-AS1	0.0008492096101249506
TRGV9	0.0008490340017163101
RP11-689J19.1	0.000848834306885465
RP11-849I19.1	0.0008488107266190894
RP11-511I11.1	0.000848726425457117
AC009005.2	0.0008485324247330415
FAM85B	0.0008484565591701271
RP11-534P6.1	0.000848296867163751
RP11-532L16.1	0.0008482100419252291
SATB2-AS1	0.0008481147087182163
RP11-211A18.1	0.0008480902255667061
SOX3	0.000848000647853921
uc_338	0.000847516567605511
CTD-2526A2.2	0.0008474057924680926
RP11-25H11.1	0.0008469526352306675
RP11-809N8.6	0.0008468270844861821
RP11-295P9.3	0.0008464488218541304
RP11-118E18.2	0.0008461961683291878
U8	0.0008456874118671032
RNU6-1137P	0.0008455596685060452
SUMO2P19	0.0008455191359702122
RP11-548K12.4	0.0008455044166441466
RP11-592N21.2	0.0008452357010447648
CTC-507E2.2	0.0008450058228634641
CTC-493L21.2	0.0008449531087331647
RAB11FIP1P1	0.000844877477353263
XXyac-YM21GA2.7	0.0008448562321576572
CYP7B1	0.0008444406536796107
RP11-567G24.1	0.0008440622885990146
RP11-625H11.2	0.0008439726692913711
RP11-556O9.3	0.0008435768211247733
NTRK3-AS1	0.0008432477366084858
PTPRJ-AS1	0.0008431572452579216
RP11-452C8.1	0.0008429331990130231
RP13-20L14.6	0.0008428129138817988
CTA-109P11.1	0.00084259674388769
RP11-89N17.2	0.0008422997751598968
MTRNR2L9	0.0008422176609780033
RN7SKP97	0.0008418680796099872
RPL21P104	0.000841590623195547
CTC-450M9.1	0.0008414785997812559
BMS1P17	0.0008411572662426237
PDLIM1P4	0.0008408979150944786
EPHA1-AS1	0.0008405337282582595
LINC01510	0.0008401755452855229
DHX16	0.0008401364736680774
MIR4645	0.0008400504420775481
H3F3C	0.0008399152623481758
RP11-499E14.1	0.0008394953836315446
BIK	0.0008394628892018488
CTC-499B15.7	0.0008390659480482969
AC093326.1	0.0008385633080673206
DCAF4L1	0.0008381858232728078
KTI12	0.0008381670575480791
RP11-214K3.22	0.000837797464568761
PDSS1P2	0.0008377480838057158
AC145110.1	0.0008376417903320083
RP11-425M5.7	0.0008376351633646655
AC117490.2	0.0008372980657251111
CTD-2529P6.3	0.0008372914758787634
RP11-798K23.4	0.0008371470322413781
RP11-552E10.1	0.0008371238762710551
RP11-90D4.4	0.0008370383734988514
HMGN2P7	0.0008368957535962174
KB-288A10.17	0.0008367137108878702
CCND1	0.0008364325179532524
LARGE-IT1	0.000836331721138969
MIR4480	0.0008362945687573353
HSPD1P11	0.000836003219663773
RP11-334G22.1	0.0008359250092394709
WI2-87327B8.2	0.0008356687710247941
RP1-144F13.3	0.0008350268531675353
PIN4P1	0.0008349954854964274
RP11-393I23.4	0.0008349625235544566
SNORD94	0.0008348416220291016
RP11-365H22.2	0.0008343176767752466
RP11-83B20.8	0.0008343068354972071
MTUS2-AS1	0.0008340872676938032
PGBD4P8	0.0008338946938040121
RP11-320A16.1	0.0008334765797940917
RP11-1148O4.1	0.0008334669956721395
CHST3	0.0008330804891899131
FAM69B	0.000832490768118838
RP11-307C12.13	0.0008324612490895123
SNX18P13	0.0008324087055546394
CTC-421K24.1	0.0008323686341556378
ALPI	0.0008316101657178705
UHRF2P1	0.0008316058475108033
AC002310.10	0.0008315507272528008
CCDC87	0.0008315298033802107
RP11-1081M5.3	0.000831412487917744
RP11-6B19.1	0.0008314001880615473
RP11-344A16.2	0.0008313731678748845
CTD-2576D5.4	0.0008312543594333311
CTC-548K16.2	0.0008312405209783628
MIR5580	0.0008311978661083742
RPL7L1P4	0.0008309380653293446
LINC00613	0.0008308231389772608
AC006946.15	0.0008307421750036345
RP11-155G14.1	0.0008307345593487005
CTC-297N7.10	0.0008307319367774321
TATDN2P3	0.0008304732822980024
MESP2	0.0008298990547167971
RNU6-705P	0.0008298361320369425
AC009120.10	0.0008291285422056369
TPRX1P1	0.0008289740432366612
SNORD41	0.0008289401282850044
ARL16	0.0008284731143159615
ZER1	0.0008280948074373871
RN7SL680P	0.0008280654316332054
TRIM53CP	0.0008280313936374609
SLN	0.000827888645162872
CTC-204F22.1	0.00082788122439356
HMGN1P10	0.0008274759382486655
CTC-499B15.1	0.0008270767772746252
RN7SL415P	0.0008269095480729783
RP1-296G17.3	0.0008268343906761635
RNU6-323P	0.0008267456165837577
AC004540.4	0.0008266002232598319
RP11-3P17.4	0.0008265867896294726
CTB-174D11.1	0.0008265521653543698
RNU6-1084P	0.0008265406649761776
HNRNPA3P15	0.000826529182847647
SLC22A14	0.0008265074343772123
RP11-478C6.1	0.0008265064710060354
VN1R110P	0.000826452727911292
ALKBH3-AS1	0.0008262561002568928
RN7SKP16	0.0008262017732193168
RP11-24M17.4	0.0008259390406505361
AK4P4	0.000825675966787741
SNORA63	0.0008253249577076621
AC016734.2	0.0008252444825596093
CTB-35F21.1	0.000824836846096981
BCDIN3D-AS1	0.0008247931612999015
CTB-189B5.3	0.0008245415224656938
AP000357.4	0.0008244603283888514
RP11-488L18.6	0.0008240464227396778
RAP2C-AS1	0.0008239504253432845
MEP1A	0.0008236770184433758
RP11-108A14.1	0.0008236724812544177
MPPE1P1	0.0008234931271604198
RP11-626P14.1	0.0008234368406507694
RNU6-444P	0.0008233908628485167
RP11-354I10.1	0.0008232027036879244
TMEM229A	0.0008231836302083626
RP11-733D4.2	0.0008228985935506386
RP11-96D24.1	0.0008227353109711054
RP1-63P18.2	0.000822699505307004
OR52I1	0.000822405432262355
MANBA	0.0008222714468988292
ZNF674-AS1	0.0008222144287502702
RP11-316M21.7	0.000821849163314304
IGLV5-48	0.0008218297093978172
Metazoa_SRP	0.0008218274751722342
MIR4727	0.0008218105906511574
ARL6IP1P3	0.00082176275714579
RBMS3-AS3	0.0008217292722240302
RN7SL68P	0.0008211089514796748
KRTAP2-2	0.0008210956190045933
MIR3661	0.0008209255872943629
RP11-77M5.1	0.0008208970908727571
RN7SL583P	0.0008208592562777883
SNORA18	0.0008208270148209232
HBZP1	0.0008201182850816561
RP1-278O22.2	0.0008199726939313522
EEF1DP7	0.0008196436259084722
GNRHR	0.0008192567800194945
CYCSP27	0.0008189792942329249
CTB-32O4.4	0.0008188119430684042
CTD-2561J22.2	0.0008185658583027184
RP11-5P4.1	0.0008181748389990473
LINC00368	0.0008180231238069997
C21orf91	0.0008176710408705284
HLA-S	0.0008171495237286779
RP11-495O11.1	0.0008165252836176615
RP11-284A20.2	0.0008165113542500784
GMFBP1	0.0008162447511207759
CST9LP2	0.0008158771054397881
GRK7	0.0008158583336149922
PIGU	0.0008157937776139923
RP11-517A5.7	0.0008156550580863484
MC3R	0.0008150179896915659
RP11-563N4.1	0.0008146991207003424
MTCO2P30	0.0008146564171423632
SNORD116-22	0.0008144435057444178
QRSL1P3	0.0008142519572186834
FTH1P1	0.000813868238810558
RP5-1029F21.4	0.0008135561568376321
AP002530.2	0.0008134811982934647
FAM50B	0.0008133215470055276
TACR3	0.0008132947905836341
WHAMM	0.0008131635783917652
CTD-2005H7.1	0.0008129011429701133
STK17A	0.000812837121529848
RP11-69I8.2	0.000812790966823449
ZNF723P	0.0008126369413173874
LOH12CR2	0.0008122109914255373
RP11-64C12.7	0.0008120887218440195
HMGN2P5	0.0008117604680196098
Metazoa_SRP	0.0008114482650052458
CNTNAP3P2	0.0008114238075687249
PRPS1	0.0008113135663043472
RP11-142L1.1	0.0008111519423564835
UG0898H09	0.0008110398055749115
RP11-516A11.1	0.0008108612885621239
RP11-81K2.2	0.0008107697551049557
UPF3AP1	0.0008106895314557291
RPL22P19	0.0008106572594931815
Y_RNA	0.0008106119985851402
SAMM50P1	0.0008105600230006944
THAP12P6	0.0008101471694271285
SDCBPP1	0.0008098686857562249
RANBP10	0.0008095456901021373
RP3-443C4.2	0.000809480044494896
LINC00945	0.0008094053578694939
SALRNA1	0.0008093038519513846
RPS17P13	0.0008092830513773638
HNRNPA1P7	0.0008092795440052554
SYT14P1	0.0008092670575407544
RP11-18H7.1	0.0008087793103272457
RP11-131H24.5	0.0008085735217138114
AC092159.2	0.0008084360593734268
C7orf62	0.000808379933339749
AC005355.2	0.0008083295028073805
XXbac-BPG248L24.10	0.0008077974524565941
RP11-242D8.3	0.0008076988969033979
MRPS2	0.0008076286649314859
CTD-2296D1.2	0.0008074438598419182
CTB-96E2.3	0.0008073495809261678
C20orf141	0.0008072828647336973
RP11-667F9.1	0.0008071730226822775
RP11-343B18.2	0.0008071402570972538
MSANTD1	0.000806907071741357
RP11-667K14.8	0.0008062527310797598
RFPL4AP3	0.0008061452819461387
RP4-725G10.4	0.0008061249056886292
RP1-111C20.3	0.0008056712002504153
AC053503.11	0.0008056101502395103
RP4-604A21.1	0.0008055057007857109
LL21NC02-1C16.2	0.0008052446801671794
RP11-333J10.3	0.000805183338370602
RNU6ATAC32P	0.0008048093472181873
RRP8	0.0008047895326070163
RP11-321M21.4	0.0008047058503323108
AC007126.1	0.000804613899210401
ROPN1L-AS1	0.0008046128904966931
ARHGEF3-AS1	0.0008042177239904977
RP11-17A4.4	0.0008040339815289659
RNU6-680P	0.0008039276815710876
RP11-724M22.1	0.0008035248367204974
MIR4506	0.0008035122029102096
RP3-329A5.1	0.0008034938500991368
NDUFB4P12	0.0008034481530482658
ASCL4	0.0008024558380946846
RNU4-8P	0.0008021673226776372
RNU6-59P	0.0008016410472674018
RNU6-308P	0.0008015298008222626
RP11-269C23.5	0.0008014956387568039
Metazoa_SRP	0.0008014049287032932
MARCH11	0.0008009192415481402
LALBA	0.0008007726053499424
HES5	0.0008005343221366939
RNU6-455P	0.0008005125536178481
RP11-99H20.1	0.0008004239087472555
CIB1	0.0008003516948127001
MRPS18CP6	0.0008002481556232715
TACC1P1	0.0007999739831207298
RP11-149I2.4	0.0007993563980237858
IGKV2-24	0.0007992140932214674
THAP12P4	0.000799159580172762
TRIM43B	0.0007991217512510878
LINC01134	0.0007990978022794465
FZD10-AS1	0.0007988493640932558
RP11-616L12.4	0.0007986886457577158
RP11-1H8.1	0.0007985686426755499
RP11-254F7.3	0.0007984964444410195
RP4-809F18.1	0.0007981658019562776
PCAT19	0.0007980861764500503
RP11-1081M5.1	0.0007980535824270517
LINC01343	0.0007980405797143303
RP11-286E11.2	0.0007979582352678909
RP11-368P15.2	0.0007977987048641613
SEC61A1	0.0007974616094672106
Y_RNA	0.0007974528623223375
RP11-183G22.1	0.0007974202572353918
RP11-471N19.1	0.0007972239813497591
PCDHGA11	0.0007969730241331067
TPTE2P3	0.0007969169332855618
RP13-638C3.5	0.0007968938795742466
DNM1P34	0.0007968742389488656
KLRC2	0.0007968516271009415
NDUFA5P2	0.0007968443199174325
LHX5	0.0007964937284611394
RP11-421E14.2	0.0007962658839860003
FRZB	0.000796115262541172
RP11-983G14.1	0.0007960054596054225
AC113188.2	0.000795946398144461
RP4-633I8.4	0.0007957099359823512
RP11-778D9.13	0.0007952391854114496
AC009518.3	0.0007943331296534947
RP5-994D16.3	0.0007942100406964585
AC108059.2	0.0007940217503128652
LINC00482	0.0007939786467673418
NIFK-AS1	0.0007939605053580737
ENPP7P14	0.0007933932541495305
LINC00942	0.000793285438554801
RPS27AP7	0.0007930983841569266
RP11-698F20.3	0.0007928054573914638
RPL13AP	0.0007924672048495803
LINC00305	0.0007924552445405365
ADD3-AS1	0.0007924153470912391
RP11-115D19.4	0.0007921975342424181
C15orf59-AS1	0.0007920824480851063
RP11-283G6.4	0.0007920500308270636
COQ7	0.0007919163683869856
RP11-178F10.1	0.0007917723833805883
RP11-3K24.1	0.00079175162135339
RP11-265F19.1	0.000791736133383226
PRKCA-AS1	0.0007916787649780799
RP11-568J23.5	0.0007916544927263066
RPL41P2	0.0007911294074053863
MIR6829	0.0007911084630483014
RP11-474P2.4	0.000790811606600918
CDK8P2	0.0007906711462435254
RP11-587D21.1	0.0007906521192292201
MINOS1P2	0.0007906495735586778
RP11-783K16.5	0.0007904872613159285
COX5BP3	0.0007904350486069962
AC144568.4	0.0007903699537137565
EDDM3B	0.0007902757272835076
CTC-453G23.4	0.0007899533791592456
C1QTNF3-AMACR	0.0007897751913590851
ANKRD61	0.0007895900327377012
RP11-973N13.3	0.0007895451121079496
ACTG1P9	0.0007894741718908549
LL0XNC01-221F2.2	0.0007894670862919826
RP5-1174N9.2	0.0007891527176147252
RP5-1056L3.1	0.0007890164611938364
KRT18P61	0.0007886014629874663
SPRY2	0.0007881212141133779
ANKRD52	0.0007880903489862936
GAPDHP60	0.0007880199075721816
MCM3AP	0.0007878860559609913
RP11-419M24.5	0.0007877804833376367
RP11-126O1.5	0.0007874551140563681
LINGO1-AS2	0.0007871677307714906
RP11-165J3.5	0.0007870746008265442
OR5M2P	0.0007870136794275437
FAM58BP	0.0007868309667040162
RP11-966I7.4	0.0007868056429658026
AC087499.5	0.0007866206328799618
RP11-33N14.5	0.0007866190717989087
RASL11B	0.0007865354448436768
EIF4EP3	0.0007861068818081372
LRPAP1	0.0007859949955727981
OR6A2	0.0007852622752967379
RP11-429P3.2	0.0007852302603522151
RP11-613D13.4	0.0007850172838285117
HMMR-AS1	0.0007847647761982327
HAUS2	0.0007846297062348871
RP11-226L15.5	0.0007844895043944434
AP005242.1	0.0007844575554457026
RP11-324F21.1	0.0007840121615810755
RP11-272D12.2	0.0007839944694188712
NEUROG3	0.0007838980553419755
RP11-298J23.8	0.0007837220666003472
GAPDHP39	0.000783336630341053
NEK2P4	0.0007832078114834459
MIR554	0.0007831811235803147
RP13-46H24.1	0.0007831705184037213
AC009312.1	0.0007831543527186271
RNA5SP354	0.0007829037616279792
IL13RA2	0.0007828577467960872
RP11-297C4.3	0.0007825189760639424
RP11-131K17.1	0.0007824047046251412
IGKV1OR2-6	0.0007821755661125789
HAUS1P3	0.0007817453102401781
SNORD32B	0.0007816195047396067
HCP5B	0.0007816038764727489
RNA5SP143	0.0007812346185301092
RP1-116K23.1	0.000781207525250047
AC009227.2	0.000780951916793278
LARP7P2	0.000780918300111195
RP11-364L4.1	0.0007808285829609993
AC078942.1	0.000780775784113089
RP11-155G15.3	0.0007806914217182463
DYNLT3P2	0.0007805787787696176
RP1-28C20.1	0.0007805391341811163
AC009237.10	0.0007804183530861271
RP11-85O21.4	0.0007802657055621493
C16orf97	0.0007798964736002685
OR1N1	0.0007794019429539804
LA16c-395F10.1	0.0007793404688789734
RP11-250B2.5	0.0007791129251727479
RPL7P7	0.0007786802724803034
AC016747.3	0.0007782213545050425
DCP1A	0.0007781969004323549
NDUFAF4P4	0.0007779828514313557
RP5-984P4.1	0.0007774769947999736
RP11-267N12.1	0.0007771749985807521
LINC01589	0.0007770216812228453
RP11-299M14.2	0.0007768761967927553
CT45A1	0.0007768627210671186
RP11-392O18.2	0.0007767022768341046
RP11-265N7.2	0.0007766592296752024
RP11-887P2.6	0.0007765625023918391
AC004637.1	0.0007761135247846484
LINC00703	0.0007761002581032875
COX5B	0.0007759928315299289
RPL10P17	0.0007759913262435171
APOA1	0.0007757913509012879
TRGV6	0.0007757793392350271
RNU6-540P	0.0007754401981864184
RP11-1016B18.1	0.0007753482656266774
RP11-266K22.2	0.0007753115390929141
RP11-44F14.1	0.0007748887814736212
ADAMTS19-AS1	0.0007748243220777975
RNU6-14P	0.0007746617868916239
RN7SL45P	0.0007746496629778487
GAPDHP63	0.0007745331809631392
RP11-169E6.1	0.0007745240852508728
AC011330.13	0.0007744589500708158
CYS1	0.0007741529493194732
CBSL	0.0007737499016809213
RP6-24A23.3	0.0007736223495539001
RP11-1252D15.1	0.0007735616572590723
RP11-1134I14.2	0.0007734241496571014
NPIPB2	0.0007734197482203469
PRELID1P3	0.0007730500556640376
RP11-473C19.1	0.0007729243292712859
RP11-2N5.1	0.0007724971895153096
MIR572	0.0007724381619748318
FOXL2NB	0.0007724098169667708
RP5-859I17.2	0.0007723699500835311
AC010731.2	0.000772221319893343
C1QL1	0.0007720888497182422
RP11-123N4.4	0.0007717429267394432
RP11-422P22.1	0.0007717035225635149
CTC-534B23.1	0.0007717007409520065
LINC00837	0.0007715076026166575
RP11-345J13.1	0.0007712696194931004
RP11-654C20.1	0.000770994463395454
OR2T33	0.0007706809383489882
RP11-958J22.2	0.0007706506480739032
CTB-58E17.5	0.0007702837918741376
RP11-398C13.6	0.0007701041338845558
RPL12P37	0.0007699856712069466
AC005752.10	0.0007696348018835374
RP11-379B18.5	0.0007691291370948275
RP11-459O1.2	0.0007689790949844814
TMEM185AP1	0.0007688744534550157
RNA5SP207	0.0007686403266644951
FCF1P2	0.0007684927041510099
TP53RK	0.0007682955516914957
RP11-94P14.1	0.0007682904284116003
RP11-378G13.2	0.0007682574903804026
CH17-76K2.6	0.0007682467637650825
SHANK2-AS1	0.0007680366763472143
ZNF736	0.0007679838806002969
LINC00331	0.0007677839123080643
EIF4A1P10	0.0007677203402520872
RN7SL300P	0.0007676783705489746
ZBTB8OSP2	0.0007671163236739767
AC093843.1	0.0007670886526063572
NAT2	0.0007670579495578155
CDC27P1	0.0007669198285165129
TUBB8P2	0.0007663154720608898
SHFM1	0.000766292296628115
CTC-523E23.14	0.0007661819423568152
RP11-241J12.1	0.0007661602393142414
EIF4EBP1P1	0.0007661305027609946
MIR6770-1	0.0007659069673819921
HACD2	0.0007657238058863659
KRBOX1	0.0007657155689371919
RP11-642A1.1	0.0007657072673087765
RP11-480D4.1	0.0007653672826891091
RP11-650L12.4	0.0007653465095840077
IGKV1D-12	0.0007652342065375612
RP11-10J21.4	0.0007652200914985085
RPL7AP3	0.0007648788473899494
AC006019.3	0.0007648203742028663
PRKD3	0.0007647439955780407
KRT18P37	0.0007645932267034178
RP11-96B5.3	0.0007645907659259559
AC083884.8	0.0007644850626238206
RP11-227G15.6	0.0007641734987214407
ASS1P7	0.0007638620602292853
ZNF311	0.0007637180466464954
PCSK1N	0.0007636554048445718
CASP3P1	0.0007633560448761528
LINC00354	0.000763341368912859
OR52A4P	0.0007633295633162997
RP11-79M19.2	0.0007628758416020221
FBP1	0.0007627958271056903
CTC-398G3.6	0.0007627409231071221
RP11-386I14.4	0.0007625285693017291
CTD-2369P2.8	0.0007624431630698708
RP11-294J22.7	0.0007620020111691402
RP11-158D2.1	0.0007617947639613823
CASC22	0.0007615290284394844
ZAR1	0.0007614745750086755
SLC18B1	0.0007612792678466153
AP000688.11	0.0007610673442865021
RP11-164N3.3	0.0007608874719157163
BCRP4	0.0007607303007128959
CTB-60E11.9	0.0007604503546406945
RP11-455I9.1	0.0007603592086234676
RP11-538C21.2	0.0007600338842221443
DPP3	0.0007600040425813472
CTA-150C2.13	0.0007598655730263405
UNC5D	0.0007595683753081431
AC004837.4	0.0007590661054317001
FAM86MP	0.0007577982887843947
RP5-1027G4.3	0.0007576612597479478
IFIT1B	0.0007573619796286253
AGGF1P6	0.0007570967159098334
RP11-15K19.2	0.0007563801440577172
Y_RNA	0.0007561998680125728
DNAJC5B	0.0007559726528769667
H1F0	0.0007557458479747833
ZBTB11-AS1	0.0007557003347816982
HNRNPA3P7	0.0007555960394304102
RNA5SP508	0.0007555948896692014
CERS3-AS1	0.0007553972177206847
CH17-258A22.4	0.0007553100317818564
SRGAP1	0.000755218955080114
CTD-2288F12.1	0.000755160200009721
RP11-293D9.2	0.0007551455219245209
PPIAP20	0.0007546649973200541
FTH1P21	0.0007546001217606488
RP11-1376P16.1	0.0007545694644283374
RP11-1376P16.2	0.0007545457517092837
NACA3P	0.0007540788945564884
MALSU1	0.0007533665242959251
RN7SL130P	0.0007532292638320267
AC096649.2	0.0007530386943288097
RP11-566K19.11	0.0007528688331449862
TRAIP	0.0007527355384071052
LINC01085	0.0007527039062309215
CTD-2544H17.2	0.0007523856252128712
MIR4297	0.0007523633255897554
OR10AH1P	0.0007523505418853834
RPS29P20	0.0007520743817474818
RPL7P8	0.0007520262846615598
KIAA0141	0.0007519963117876605
ZNF90P2	0.0007517774180334719
RP11-468O2.1	0.0007516208494517718
RP11-269G24.7	0.0007515193373647078
RP11-737F9.1	0.0007511630439516
RP11-413H22.2	0.0007504342107933885
KB-7G2.9	0.0007501858140615876
RP4-773N10.4	0.000750140058844972
RP3-419C19.2	0.0007494255490036922
RP11-225N10.3	0.0007492892965808559
CTB-164N12.1	0.0007492822126022154
EPS15P1	0.0007492382168151425
TEX37	0.0007491618995233111
RPS23P5	0.0007490097003979142
RNA5SP301	0.0007489932515405043
RP1-305B16.3	0.0007488566960937444
STRC	0.0007486157559449328
SNORA5A	0.0007481620731663055
RFC4	0.0007477719195666249
RP11-46A10.2	0.0007476398190721153
AC003973.4	0.0007475901619022633
RP1-184J9.2	0.0007475761295422503
RP1-27O5.3	0.0007473881875029804
RP11-1152H14.1	0.0007470674947442316
ATP6V0D2	0.0007469191000514505
LINC01109	0.0007468958322411065
RNU6-781P	0.0007468922150166427
RPS27AP10	0.0007465886421393534
AC107079.1	0.0007465718889115841
RPL12P42	0.0007464684648135658
C1RL	0.0007464147614203989
AC061961.2	0.0007461286471633215
NTN1	0.0007460652935009519
XXyac-YM21GA2.3	0.0007460051192562039
RP11-573D15.8	0.0007459610558101425
AL359314.1	0.0007456098511591857
PRR15	0.0007452955906026302
MIR642A	0.0007452849143738644
ABHD17AP3	0.000745201160755826
AC073626.2	0.000745143331487323
MIR450A1	0.0007450188096180848
MYLK-AS1	0.0007448643393160525
AC144836.1	0.0007448243790591919
MTND6P4	0.0007447965581833725
PSMC1P7	0.0007447843777303439
NCKAP5-IT1	0.0007447118055512093
AC105399.2	0.0007445444532433882
RP11-429D19.1	0.0007443867780017099
RPL35AP25	0.000744192920557815
IGKV6-21	0.0007441702883553158
FPGT-TNNI3K	0.0007440139567443686
RP4-798A17.5	0.0007439328197075723
LINC01206	0.0007438833084879759
FAM156A	0.0007431506934298218
RP11-895K13.2	0.0007429699330605558
IGLV5-52	0.0007429420958524327
LINC00668	0.0007428122507126381
TSPEAR-AS1	0.000742792812768899
RP5-1007F24.1	0.0007427915559652207
RP11-232L2.1	0.0007426701998448954
CYCSP2	0.0007424624692699317
RNU6ATAC38P	0.0007420456568530243
RP11-495K9.7	0.000741863908048506
CYCSP45	0.0007418318033024397
PHBP21	0.0007415798374876864
RNU6-1156P	0.0007414315010632527
AP000797.3	0.000741277993046927
LINC00298	0.0007408901679526863
RNU6-260P	0.000740852399789512
FGF7P8	0.0007407298272078663
RP11-68L1.2	0.0007406777072838932
RP11-164C12.2	0.0007406432606027939
RP11-5N11.1	0.0007406122995311402
RP11-196G11.4	0.0007402001523782093
RP11-326I19.2	0.000740171655287624
RNA5SP129	0.0007399419301736136
JAG2	0.0007398885704763385
MYF6	0.0007397821568073482
UQCRC2	0.0007397556284737531
AP001630.5	0.0007397281851130645
IGHV3-20	0.000739630229413775
AC009963.6	0.0007393259184343921
AF131215.9	0.0007388312126294325
RN7SL253P	0.0007387981243373853
EVX2	0.0007385565117934622
RP11-265B8.5	0.000738504661942694
RP11-572O6.1	0.0007384213777991359
HCG9	0.0007382817262496748
MIR570	0.0007379998023194119
RP11-53B2.3	0.000737457887581418
RP11-523L20.1	0.000737160559832351
RP11-552I14.1	0.000737142225735389
NOP56P1	0.0007369068760834924
KLHL30-AS1	0.0007368473983728579
AC115617.2	0.0007364998445893189
RNF181	0.0007364505164772376
LINC01228	0.0007364206020228529
RP11-463C14.1	0.0007357314834120158
CTD-3032J10.4	0.0007354043948522228
RP11-925D8.3	0.0007351754774318052
MT3	0.0007350760351175459
EGOT	0.0007350737617391275
Y_RNA	0.0007349171028905525
SERTAD4-AS1	0.0007348818491907743
TBC1D21	0.0007346528657672733
RP4-614N24.1	0.0007346488656541366
CHST6	0.000734334087025565
RN7SL468P	0.0007342985358649329
FERD3L	0.0007342194590678838
RP1-155D22.1	0.0007341326510188026
HMGB1P41	0.0007339962796793094
SNORA35	0.0007339624534241509
FAM166AP4	0.0007339472071722859
TAAR3	0.0007339170943690261
TMEM261P1	0.0007335411637296246
ID1	0.0007332898920310069
RP5-860P4.2	0.0007330723520050828
TMEM249	0.0007329149113401955
MBL3P	0.0007326539246405661
AP000487.6	0.0007325879373923052
RP11-91I20.3	0.0007325385296399345
CTC-268N12.3	0.0007324862910539857
RP11-320N21.2	0.0007319544276294964
RNU4-2	0.0007318687854323025
RP11-344E13.4	0.0007317290011040702
RP11-408N14.1	0.0007315339399071229
GUCA1C	0.0007313729923960447
DUSP4	0.0007311051769041344
RP11-21A7A.3	0.0007310425118776848
CYMP	0.0007309282062447898
MIR4676	0.0007308081471775164
MXD1	0.0007306306228527311
TAS2R39	0.0007304529602717675
ITM2BP1	0.0007303903664974817
RP11-89M20.1	0.0007303378583545138
RP11-152O14.1	0.0007301560427971163
LA16c-360H6.1	0.0007299879582246775
HIST1H3H	0.000729863857537636
FAM127C	0.0007297271432825368
XXbac-BPG116M5.17	0.0007294354028261728
PHKA2-AS1	0.0007291807387277282
RP11-53O19.2	0.0007291351813751996
BTBD1	0.0007290331346899972
MTCYBP23	0.0007290275655330116
RP11-667K14.3	0.0007290145705437157
RP11-812I20.2	0.0007289283968184322
RP11-359P5.1	0.0007288851744150307
MRPL53P1	0.0007288732591376453
RP1-251I12.1	0.0007288414832888147
RP11-453A12.1	0.0007283773703369718
Y_RNA	0.0007281595545238087
RP11-488L18.8	0.000727971919032003
CRABP2	0.0007276073295150493
C17orf98	0.000727599670855836
KRT8P1	0.0007275881302303607
LAMTOR5P1	0.0007275287638854071
LINC01440	0.0007275164898417097
DNM1P17	0.0007273312883915702
TMED8	0.0007271407787298531
AC007389.1	0.0007269569247018736
RNU6-95P	0.0007269502497764617
RP11-173E2.2	0.0007269098982381528
ANXA2P1	0.0007268411576445745
BNIP3P42	0.0007262704434822739
RRS1	0.0007259785499761788
LBX1-AS1	0.0007258205177192601
UBE2J1	0.0007257552923928709
CTB-78F1.2	0.0007256930703536916
GLRXP3	0.0007255039078552098
RP11-728K20.2	0.000725464508947802
RP11-342F17.1	0.0007253427050243964
PABPC1P8	0.0007253095071686853
EGFR-AS1	0.0007249358302483468
RP11-266J6.2	0.0007248911832344232
FAM83A-AS1	0.0007248092027496878
FH	0.0007247369045872396
CSN2	0.0007246769637459683
RPL26L1	0.0007246461431968277
RP11-63L7.5	0.0007244877383281118
AC007036.4	0.0007242395203368569
MTATP8P1	0.0007242061452035454
Y_RNA	0.0007239370846286526
GS1-279B7.1	0.0007238737200453243
MTFMT	0.0007237801151602921
AC012668.2	0.0007237441977494903
RPL10P4	0.0007233858771571648
CYCSP40	0.00072332943408072
C15orf38-AP3S2	0.0007232736271807499
LINC01338	0.0007232114654730941
CTSO	0.0007230745705323752
MACROD1	0.0007230518023670232
RPL29P3	0.0007229612322749024
GRIN2D	0.0007228860206373995
Y_RNA	0.0007226206508620034
SNORD9	0.000722549371800101
RP11-380M21.1	0.0007222140506067022
AP001434.2	0.0007222124485752332
CHCHD1	0.000722200497180067
NRG3-AS1	0.0007221835904583642
CTC-327F10.5	0.0007221735345427877
GAPDHP73	0.0007221398268253884
LINC00421	0.0007221182000502343
RP11-777J24.1	0.0007221181232947312
VPS33A	0.0007219479725671092
RPS2P6	0.0007218191458108955
AC027119.1	0.0007217729642772621
LINC01107	0.0007212894441994335
SUMO2P14	0.0007209770487788642
RP11-687F6.4	0.0007208047960853099
AVPR1B	0.0007207381024036359
pRNA	0.0007206860601142217
RP11-572M11.1	0.0007206365791907677
RP11-65B23.5	0.0007196685519732621
RP5-921G16.2	0.0007193732218900487
RP1-181J22.1	0.00071911766489233
DNAJB8-AS1	0.0007190687183391547
RP11-378E13.4	0.0007188463299130776
CALM1P1	0.0007187645922132089
FANCG	0.0007185511968476152
RP11-167H9.3	0.0007182884096305099
AC002463.3	0.0007182090567785073
KB-1552D7.2	0.0007181348071353436
RP11-456P18.2	0.0007178482456929706
RP1-269M15.3	0.0007177381496686533
RN7SKP44	0.0007175417179401513
GUSBP3	0.0007175356599301553
Y_RNA	0.0007173131210163996
ABCB10P1	0.0007172592063795389
ZNF585B	0.0007170937260191303
RNY4P9	0.000716582113998445
RP11-541F9.2	0.0007159887043109249
SNORA75	0.0007156937393540641
RP11-16C1.1	0.0007156800926519819
SPIN4-AS1	0.000715200459462114
SUMO2P12	0.0007150113898117713
RP11-268G12.1	0.000714230424021114
SUCLA2P1	0.0007141213212594071
AL137164.1	0.0007139632500329268
AP000711.1	0.0007139360512765459
ZNF558	0.0007138478057944259
RPSAP18	0.0007136529419142608
RP4-669P10.16	0.0007136232061958806
TPTE2P6	0.0007133123040117674
RN7SL594P	0.0007131031613994313
NUTM2B	0.0007128724534480026
RP11-65J3.14	0.0007126832525899994
CD207	0.0007114923609100595
KRT8P14	0.0007114913602951181
RP11-700J17.1	0.0007113909544818098
ASF1B	0.0007108334737439748
OR13A1	0.000710832333518636
AC099552.3	0.0007103932578390546
AP001891.1	0.000709927039894625
RP11-552M14.1	0.0007096718852436601
AJ009632.3	0.0007095002431586338
RNU6-26P	0.0007094671439095982
RPL23AP24	0.000709321529279977
RP11-248G5.9	0.0007091521713326286
SCARNA16	0.0007091344176665674
AC006277.2	0.000709080787027957
CTD-3105H18.16	0.0007090393596682919
RP11-9M16.3	0.000708641248277983
RP11-83N9.5	0.0007083159468854657
RP11-400N13.1	0.0007082947675127908
FBXL19-AS1	0.0007077286075865202
RP11-244B22.10	0.0007076432419719497
FOLR3	0.000707318109152251
MIR6745	0.0007071707502928973
CENPH	0.0007071519209169529
RP1-168P16.2	0.0007067172794465213
AP000797.4	0.0007064848446879774
CTD-2272D18.1	0.0007064706920158318
CTD-2210P24.6	0.0007062572669420083
RP11-680E19.1	0.0007060721221886302
RP11-16N11.2	0.0007057925841483345
MIR8070	0.0007056790539210518
TRIM60P14	0.0007055876372469488
AC011999.1	0.0007055668348928105
FOXN3P1	0.0007053501191919223
CALM2P2	0.0007049268899148651
RP3-323P24.3	0.0007048630454936043
RNU6-409P	0.000704701606476689
RP11-407G23.4	0.0007045494414720639
ASTN2-AS1	0.000704443643597836
NDUFA5P4	0.0007043233768171829
RP11-388C12.8	0.0007042724965213022
RP11-82O19.1	0.0007041972114021255
AC002310.17	0.0007040621773662109
PHBP13	0.0007038402576350336
RP1-152L7.9	0.0007036991872920168
RP11-115H18.1	0.0007036065542890494
MIR603	0.0007033167158113978
CTC-523E23.9	0.0007032560949496143
CHKB-AS1	0.0007032457857992616
RP11-861E21.2	0.0007032256740753911
RP11-23D24.2	0.0007029802986136158
ANKRD20A3	0.0007029028765857342
RP11-77K12.7	0.0007028742673704483
AC016991.1	0.0007025281690323913
RP11-669E14.6	0.0007022112667294645
LINC01413	0.0007016335772903879
HILPDA	0.0007015357826930375
CTD-2651B20.8	0.0007007892074769516
RNU1-109P	0.0007006627832909339
SEPHS1P6	0.0007000466541942434
MTCO3P41	0.000699836624984518
RP11-146F11.4	0.0006997296156925306
RP11-528I4.2	0.0006994957597485117
RPL15P4	0.0006992155891245888
BARHL2	0.0006991080561526198
RP11-408H1.3	0.0006988201184301778
GGTA2P	0.0006985833575102178
AC007091.1	0.0006984375345848075
RP5-944M2.2	0.0006983705858068074
RP11-359E8.5	0.0006983362201657015
PPP1R11P2	0.0006983074958340417
RP1-292B18.3	0.0006982354372435163
TMEM8C	0.0006977820487859873
RP4-803A2.1	0.0006972880295110235
TDGF1P7	0.000697284908781603
RPL12P35	0.000697239946831868
LINC00846	0.0006970320737544589
Y_RNA	0.0006967603599712071
GAS2	0.000696739654194108
RP11-344L21.1	0.000696640466014464
RP11-169E6.4	0.0006965794671720141
SIDT1-AS1	0.0006963750529983018
SNORD11	0.0006961922482071359
POP4	0.0006961837414407643
PRKAR1AP1	0.0006961696863755986
RP11-343C2.9	0.000696034974556408
RNASEH1P1	0.0006960305135003626
UBE2Q2L	0.000695561407912363
ADARB2-AS1	0.0006952957755273849
RP11-1L9.1	0.0006952594583442837
AAMP	0.0006950720200845444
uc_338	0.0006948509224353737
GCC1	0.0006946850487063676
AC012513.4	0.0006946429408496679
RP11-326L2.1	0.0006944188586817352
MIR8078	0.0006940427251473463
SPINT4	0.0006937817950719833
RP11-659E9.4	0.0006937469521674792
MZF1-AS1	0.0006937275643372349
RP11-243M5.5	0.0006937257756577707
ZNF792	0.0006936372397772155
RP11-566K11.7	0.0006933826234635295
FEM1C	0.0006933664611999525
RNU4-88P	0.0006930685380695809
RP11-552E4.3	0.0006925905045685384
AC145124.2	0.0006921184399324442
ASB8	0.0006920552846454387
TMPRSS11E	0.0006919910013271372
RP11-462G12.4	0.0006918736503469518
RP11-175B9.2	0.0006915843163867692
RP11-508N22.9	0.0006914364137461029
RP11-1070N10.4	0.0006914118442181487
RP11-597A11.3	0.000691202361600909
NOTCH3	0.0006911722943994274
OR5BH1P	0.0006911635261629514
PABPC1L2B-AS1	0.0006911255369734786
RP5-942I16.1	0.0006909754439504267
MLLT6	0.0006906885183166077
MAPRE1	0.0006904813472975078
CDH10	0.0006903681783211531
RP11-453N18.1	0.000690193421578326
CPLX3	0.0006901351817863782
KB-173C10.1	0.0006899017323594907
ST3GAL4-AS1	0.0006897756945820923
RPL19P13	0.0006895044032235596
LL22NC03-75H12.2	0.0006893989282099944
KIR2DL3	0.0006893643391124055
ARF1P2	0.0006892166208887927
DEAR	0.000689189350325407
RP11-677M14.6	0.0006888992829681537
IGFBP2	0.0006886125417574809
RP11-552O4.2	0.0006885934576106891
SNRNP27	0.0006885527249652716
CTD-2537I9.15	0.0006883908628869057
RP11-342I1.2	0.0006882277780629053
ZNF728	0.0006881783573054486
LL0XNC01-39B3.1	0.0006881303504019149
RP11-274J7.2	0.0006880789925568247
CTD-2008P7.10	0.0006880757659292115
RN7SL155P	0.0006879696460781158
MIR7974	0.0006879315781544339
CDH12P2	0.0006876621784590712
WNT9A	0.0006874944980664817
RP11-356B19.11	0.0006874129644886304
RP4-738P15.4	0.0006871704688639751
RP11-127O4.2	0.0006871646226037413
TRMT112P6	0.000686826201413092
SCARNA12	0.000686752435464956
SCARNA18	0.0006865166463275988
RP11-211A18.2	0.0006865010678884136
EBAG9P1	0.0006862601185762536
PCDHB2	0.0006861191600853614
CTB-131B5.2	0.0006860705980815235
RP11-128A17.2	0.0006860017870952298
RP11-196I18.3	0.000685768728682787
RP11-680E19.2	0.0006857074023265532
RN7SKP38	0.0006850875527284207
CAP2P1	0.000684966479502325
RP11-37L2.1	0.0006846171128065539
RP11-215P8.2	0.0006844007985888121
RP11-477J21.2	0.0006843261075011864
RP11-793H13.12	0.0006842930842856466
CTD-2008L17.1	0.000684141454549763
SNRPD2	0.000683673009053823
CHEK2P2	0.0006830606489758687
RPL12P11	0.0006829558495440288
RP11-2H8.4	0.0006827717085912163
RP11-394I13.2	0.0006823223515016004
RP11-94A24.1	0.0006822640814924062
SNORA70	0.0006821877175523123
RP4-533D7.6	0.0006820443083994771
PCGF2	0.0006816061579718461
RP11-713M15.1	0.000681478641969737
PLS1-AS1	0.00068117233355074
RP11-452J6.2	0.0006811125960475051
RP11-94B19.7	0.0006809950333273133
RP11-398E10.1	0.0006808080768683885
KRT84	0.0006807997180356527
RNU2-72P	0.0006807451268310352
IGKV1OR22-1	0.0006804940247421661
RP1-134E15.3	0.0006802099882445366
MLIP-IT1	0.0006800232927518233
WNT10A	0.000679996951343593
RP13-580F15.2	0.0006799662725266347
MIR1208	0.0006798650869445986
CTD-2006C1.10	0.0006797754052413427
RP11-257P3.3	0.0006797569408573318
RP11-15F12.3	0.0006796919964225834
RP11-571F15.2	0.0006796165942335112
RP5-828K20.1	0.0006795197611907231
RP1-251M9.2	0.0006792913242206858
CHRM5	0.0006791994599484714
HNRNPA1P24	0.0006791320684051126
RP11-424N24.2	0.0006788064417148396
TFCP2	0.0006787164500656434
MIR181A1HG	0.0006782452864610909
DYNLL1P7	0.0006780051922470199
HSPE1P21	0.0006779618661045197
RP11-351I24.3	0.0006778961087098488
RPL7P10	0.0006778515865963313
TSPAN2	0.0006773459676648426
RP11-430E17.1	0.0006773119077768348
CTC-559E9.2	0.0006772837213984233
RP11-462L8.1	0.000677278413056619
RN7SL614P	0.0006768190747135205
DAB1-AS1	0.0006766458703549753
LINC00486	0.0006763915450618861
WDR61	0.0006763185616248457
POU4F3	0.000676282250129631
RNU6-1098P	0.0006761157091302214
TMEM56-RWDD3	0.0006760958879525654
RP11-958N24.2	0.0006760295707203217
MRPS21P3	0.0006759484487275979
PRIMPOL	0.000675814916740707
RP11-20B7.1	0.0006757991109434264
AC078842.4	0.0006756561693267109
MTND2P21	0.0006756466015233745
RPS26P2	0.0006753291246210954
SEPT2P1	0.0006752942239843655
NLRP9	0.000675074566723211
GAPDHP23	0.0006749576155339637
GPRIN3	0.0006740516632860567
Y_RNA	0.0006736930317766431
PPIAL4G	0.0006727021559992943
RP11-432B6.1	0.0006724856042275779
OR51Q1	0.0006722765224755561
CALM1	0.0006722400815979103
RP11-1105G2.3	0.0006722080730569957
DDX11L8	0.0006720268049156618
C8orf86	0.0006719217061971101
RPL5P34	0.0006716889349823523
RP4-694B14.8	0.0006713843310585916
RP11-219A15.4	0.0006709724756991235
RP11-1021N1.1	0.000670866368599467
AC007560.1	0.0006705278870242238
ZNF441	0.0006703978088210131
snoU13	0.0006699573171424606
DPPA3P3	0.0006696815562336135
RN7SL145P	0.0006695216619591291
AC068282.3	0.0006693995588948849
HSPE1P11	0.0006693343919999155
RP11-378A12.1	0.0006692678946051226
RP11-258O13.1	0.0006691697973523942
RP11-256I23.3	0.0006691086854258767
PAPPA	0.0006688984430176894
OR8B10P	0.0006683427470701196
LINC00620	0.0006682918600568148
CTD-2287N17.1	0.0006682494842497081
LHX5-AS1	0.0006681848305674798
ZNF705A	0.0006681842094238684
RP11-762L8.6	0.000666965710130639
PCSK1	0.0006667435464182118
RPL21P44	0.0006659621770879032
RP11-115C21.2	0.0006657501650437344
CTC-429P9.2	0.0006656715138948282
RP11-396F22.1	0.0006656410968517265
RP3-322G13.7	0.0006655371398588029
RP11-452H21.1	0.000665264460490146
TTPAL	0.0006649721436120319
AC092295.4	0.0006649182631244769
Y_RNA	0.0006648426017820442
SKINT1L	0.0006644051468632238
RP11-714M23.2	0.0006643471987162937
MAGEA8	0.0006642684696667459
RN7SL585P	0.0006642568176625354
SNORA3	0.0006641033864411753
CYCSP34	0.0006639564977333856
MKRN3	0.0006637300122076966
SALL4P5	0.0006635780249944629
SLC9A3R1	0.0006635413695958198
RP11-576E20.1	0.0006635181645285001
AC073316.1	0.000663328730952595
RP11-679B17.2	0.0006633202655096673
RP11-436D10.3	0.0006628917912843671
PFDN2	0.0006626827232647339
HSPA8P11	0.0006626605161956015
Y_RNA	0.0006625347188384355
ACTBP8	0.000662014222260603
FBLL1	0.000661765762608533
INHBE	0.0006617144863696277
SPATA45	0.0006615828573202318
RP11-471B22.3	0.0006614980026980742
AC004854.4	0.000661475751971751
Y_RNA	0.0006611141413345273
SNORD38	0.0006609393337395376
MIR4666A	0.0006606753076705186
MTCYBP16	0.0006606526267737133
RP5-836J3.1	0.0006606490669061711
ENPP6	0.0006605675578212797
PCDHGB8P	0.0006604584911392132
HORMAD2-AS1	0.0006603155054528577
RN7SKP234	0.0006601589562708899
TSPEAR-AS2	0.0006601034068561664
RN7SL69P	0.000659947359080554
AF127577.12	0.0006596444840741124
IGHV1-24	0.0006593901090296407
AF131216.5	0.0006592284746668933
RP11-561O23.5	0.0006589765573816397
MIR3154	0.0006586604417234452
DNM1P47	0.0006584672064477696
RP11-156L14.1	0.0006584175060681217
MIR4999	0.0006581711892919891
RP11-73E17.2	0.0006580096358977073
SNORD45	0.000657970204187241
MIR6799	0.0006576640796398511
ZNF549	0.0006575590904775065
RP11-111K18.2	0.0006571561024929445
RPS15AP29	0.0006566368751984772
PCDH9-AS2	0.0006563275085474023
AP000925.2	0.0006561757174684276
RNA5SP298	0.0006561740873837078
IGKV2D-23	0.0006560385263626275
AC010642.1	0.0006559890661628372
RP11-1023L17.1	0.0006559311717493032
TMLHE	0.0006554452866050158
RP11-410N8.3	0.0006553523409431562
RP11-344N17.2	0.0006546869249494832
TSPAN5	0.0006540571907218648
RP11-423F24.3	0.0006540296484547711
RP11-745I13.1	0.0006537167525659852
AMMECR1-IT1	0.0006535849130631967
MTND4P23	0.0006535613050294653
HOXA10-AS	0.0006533388523240685
MIR4757	0.0006532647253439184
RAB41	0.0006531904431138858
Y_RNA	0.0006529355966208509
CTA-992D9.6	0.0006528210608367
RN7SL736P	0.0006528104618000608
CTD-2135D7.2	0.0006527313558582999
THUMPD3P1	0.0006526176526250539
Y_RNA	0.0006525190558895696
DBX1	0.0006522404163915769
RP11-584P21.2	0.0006516392294890715
RN7SL393P	0.0006515364390741135
B3GAT2	0.0006514559310943118
RPL32P9	0.0006506503188516451
HEXA	0.0006506099989255053
RP11-995C19.2	0.0006502345614017628
NHS-AS1	0.0006501636723266313
PDE3A	0.0006501455886363414
YIPF2	0.0006498024890448517
MTCO1P30	0.0006494743215531842
CPEB1-AS1	0.0006492084818898278
RP11-1M18.1	0.0006486893629948062
RP11-416N2.3	0.0006484919512397534
Y_RNA	0.0006484894899681287
SNORD116	0.0006484530094222012
RP4-564F22.7	0.0006484253551877623
RP11-360N9.3	0.0006481160970630221
PPIAP14	0.0006480003628590354
TUBB8P8	0.0006479297087084057
RP11-391L3.5	0.0006477750862401917
RP11-2J18.1	0.0006475911222252724
AC010907.5	0.0006475623276453122
SNORA73	0.0006475271556164974
RNU6-534P	0.0006471724614834932
RPSAP55	0.000646867774845546
RN7SL239P	0.0006467132893267133
SNORD114-23	0.0006466138864820949
ZBTB12	0.0006465097968796537
MTCO2P27	0.0006463772072207786
RP11-421M1.8	0.0006460208413902724
ZNF529-AS1	0.0006459088280521888
AC004448.2	0.0006458854282850087
FTH1P5	0.0006456060299714386
GRXCR1	0.0006456046282222172
ARL4AP5	0.0006454880294310391
MIR325HG	0.0006449997000673668
HOXB-AS3	0.0006449844684838799
AC004076.7	0.0006449406362522728
PSMB3P2	0.0006449128903926795
ZDHHC20P1	0.0006443195290352846
ZFP28	0.0006442176952700905
NDUFA6	0.0006440817775497303
RP11-981G7.1	0.0006439639301923212
RP3-399L15.3	0.0006439423817989771
RP1-72E17.2	0.0006437683044807361
SNRK-AS1	0.0006434604754217968
RP5-973N23.4	0.0006434330131418063
GNG13	0.0006425262440065487
GCSH	0.0006425150956379369
AC007036.6	0.000642218831858212
AC092881.1	0.0006422002288799205
MIR4755	0.0006418984565947229
RP11-493L12.5	0.0006417893263226817
Metazoa_SRP	0.0006414990638032733
DUSP8P4	0.0006412834089160182
RP11-564A8.4	0.000640683557215356
RP5-1068E13.7	0.0006401436396608599
RP11-90L20.2	0.0006394873539446569
VN1R1	0.0006393466880298528
MIR3151	0.0006391532546084963
RP11-171I2.2	0.0006390900614934308
RP11-85G20.1	0.000638916630970587
RP11-7M10.2	0.0006386551351613513
SOX21	0.0006383979962138117
CTD-2649C14.1	0.0006380399589038008
RP11-219A15.1	0.0006379862946837964
C12orf71	0.0006379756697946391
PRKAR2A-AS1	0.0006378560391182247
ST3GAL5-AS1	0.000637607967286972
AL590762.10	0.0006375520902529143
GNAI2P1	0.0006369660602241113
LILRP2	0.0006367894259067164
RP11-12D24.6	0.0006367626463687975
RP11-15E1.5	0.0006364825713406313
GAPDHP55	0.0006363468636742324
RP11-673F18.1	0.0006359876563842195
AC007193.6	0.0006359794196917929
NOX5	0.0006358421654850421
UNC93B6	0.0006358418214240263
SPATA24	0.0006358110267990852
CTA-243E7.3	0.0006355881758052145
MTND4LP13	0.0006354395487915294
RP11-21B23.2	0.0006354301812561599
AC092071.1	0.0006353521372403016
AC156455.1	0.0006351099404256706
RP11-897M7.2	0.0006347586776987765
ACTG1P24	0.0006346120948360624
RP11-775L16.1	0.0006343924134921253
RP11-483K5.3	0.0006342617971262976
PPIAP10	0.0006340892484264716
RP11-220I1.5	0.0006339239494368453
HNRNPUP1	0.0006333910340910943
AC018735.1	0.0006333847138137193
ARPC3P2	0.0006332757360915342
RP11-693M3.1	0.0006332312249494736
CTD-2350C19.2	0.0006330289173585712
AC083822.2	0.0006329226562015431
RP11-20I20.1	0.0006324978821270746
RPS20P24	0.0006324513120533235
AC106873.4	0.0006323080210981492
Y_RNA	0.0006321492929079888
CYFIP1	0.0006317288593914959
EIF6	0.0006315349289786092
RPL12P32	0.0006314239916436184
GLRX2	0.0006312643672294627
RP5-1007H16.1	0.0006311741888968414
SNORD113	0.0006311308111932166
RP11-314P15.1	0.0006310961060959371
HSD3BP4	0.0006310476338808863
C3orf79	0.000630695338777533
Y_RNA	0.000630675619072214
RP11-70K10.2	0.0006306339081904769
RP4-730K3.3	0.0006303180537189538
AC007395.3	0.0006302381414538029
LINC01227	0.0006298162500939533
AP001432.14	0.0006296123460829093
ASH1L-AS1	0.0006295136207545448
RP11-463D19.1	0.0006293838656525316
OR5B19P	0.0006291018138167725
LINC00880	0.0006290063299762875
HTR1F	0.0006289515240064682
RP5-1017F8.2	0.0006282628645386443
Metazoa_SRP	0.0006281228500005356
RNU7-19P	0.000628094901397046
SMIM22	0.0006279364621774998
RP11-51M24.1	0.0006275082407322845
CBX1P2	0.0006273675213750469
IQCA1-AS1	0.0006272484339618699
AC008069.1	0.00062706632983996
GPR15	0.0006268581126524057
GOLGA6B	0.0006267569513902768
CCDC85A	0.0006267435642126932
JCHAIN	0.0006267035145658126
LYPD8	0.0006266158761401717
RP11-530C5.4	0.0006264813836579519
RP11-247A12.2	0.0006261451040233344
FOXO1B	0.0006258005200735992
RP11-95M15.1	0.000625214431116266
TATDN3	0.0006247364692949066
NOD1	0.0006245031407442154
RP11-92K15.3	0.0006244267751158025
GTF2IP5	0.0006244103533905821
HS3ST5	0.0006244068736204038
RP11-370K11.1	0.0006241660150716465
MROH4P	0.0006239506270947811
C1QTNF8	0.0006231499592986672
BMPR1B	0.0006230776393188199
CTC-303L1.2	0.000622979321074304
RP11-423H2.3	0.0006229702047741948
RP11-411G7.2	0.0006228999201053094
RP11-20I23.13	0.000622639344064759
RNU6-453P	0.0006225892826689342
LCE1E	0.0006225483115700355
RP11-248B24.1	0.0006225247427018449
RP11-769N22.1	0.0006223574935001587
KRTDAP	0.0006222995712739001
AC108925.1	0.0006222269269620922
RNY4	0.000621903809151395
CTB-119C2.1	0.0006217976866480469
CTC-467M3.3	0.0006217051619660644
NPIPB14P	0.0006216468692956809
AC023115.2	0.0006211796757003788
XXyac-YM21GA2.4	0.0006210801244349248
Y_RNA	0.0006210288080407919
RP11-437B10.1	0.0006208683641748723
RNU6-125P	0.000620436939415143
AC108868.5	0.0006203936522848586
RNA5SP395	0.0006203850664896632
FAM9A	0.0006203633362150998
CTD-2010I16.1	0.0006203144167070538
RP11-107N15.1	0.0006202688569020385
KRTAP5-6	0.0006202545773203132
SNORA70	0.0006201020815405044
RP11-672F9.1	0.0006198179713057067
RP1-149A16.17	0.0006197971064602637
ZNF777	0.0006194215570706783
SHMT1P1	0.0006192675533363947
ENTPD3-AS1	0.0006190510630303658
GXYLT1P4	0.0006189999383766629
AC097523.1	0.0006188862152000783
RP11-467C18.1	0.0006188567574232035
RP11-202D18.2	0.0006188273710152274
Y_RNA	0.0006186849432856347
RNU6-321P	0.0006184812833562837
RNA5SP364	0.0006184625035236877
RP11-236J17.7	0.0006181776946483093
EIF1P3	0.000618029397475426
NCOA7-AS1	0.0006179478033172831
Y_RNA	0.0006178284246009729
RPL13AP19	0.0006175832695537001
RP3-514A23.2	0.0006172546846248444
ZSWIM7	0.0006171654448509491
LCE2A	0.0006169997633547168
RBPMS2P1	0.0006168066728510052
KRT8P50	0.0006164764168520615
RNU6-19P	0.0006164752797589923
BMP7-AS1	0.0006164459203319158
RP11-358B23.6	0.0006162303556031195
ADRA1D	0.000616025231301256
RPS20P31	0.0006159717025085898
CTD-2371O3.2	0.0006159391634761424
RP11-74D7.3	0.0006157852192565936
HCRT	0.0006155218662196947
BIVM-ERCC5	0.0006155106302916936
RSU1P3	0.0006154561126518043
AKR1C6P	0.0006149759591302916
Y_RNA	0.0006149177525706152
CECR6	0.0006148856014253584
LVCAT5	0.0006139166333774598
RP11-255P5.3	0.0006138857202480377
SCARNA11	0.0006136245817634483
ABCA9-AS1	0.0006135636934544243
SULT2A1	0.0006133919185755967
RPL12P39	0.0006132182195374372
ZNF844	0.0006131089158796951
RP11-744I24.2	0.0006130899385283197
CSPG5	0.0006130586659245975
TMEM101	0.0006129639737778989
RP3-522J7.6	0.000612645834110636
AF131215.4	0.0006123426516238717
NEUROD4	0.0006122728895174309
MIR1269B	0.0006119824351660867
RPL35AP26	0.0006119160316320413
RP11-91A18.1	0.0006114308720292555
RNFT1P3	0.00061140764585487
RP3-399L15.1	0.000611397047684345
SHISA3	0.0006110685584635634
HTR1DP1	0.0006106608503184679
RP11-372K14.2	0.0006106522506549001
RP11-357G3.1	0.0006103884993360426
TAF9	0.000610370886020676
CTD-2541M15.3	0.0006102869651888079
RP11-223J6.1	0.0006101513374008389
RP11-542C10.1	0.0006099537050041014
SEPT14	0.000609597008402093
BCAP31P2	0.0006095934125339703
CPOX	0.0006088839577787264
PRAC2	0.0006082512362119537
TKTL2	0.0006082204731558611
SAR1P1	0.0006081685435929635
NOC2LP2	0.0006080256353855902
GRTP1-AS1	0.0006075756393736224
KCTD2	0.0006075107988350603
EIF2S2P5	0.000607375373689409
RP11-617I14.1	0.0006073353546794347
MIR133A1HG	0.0006070768922952164
CTBP1-AS2	0.0006068829943558724
RP11-382A20.3	0.0006068744480529208
RP11-64D22.5	0.0006068361242657548
CAB39	0.000606691747201168
AC005822.1	0.000606492322039656
RP11-763B22.4	0.0006064198484936748
ST13P12	0.0006063424167018324
RP11-966I7.2	0.0006063211203991577
RPL12P20	0.0006060572709243948
AP001255.2	0.0006057831729968978
Y_RNA	0.0006057631325998317
ETF1P2	0.0006057336306569916
RP11-401F2.2	0.0006054585145916949
RP11-697E2.10	0.0006054149236800266
RP11-152N13.16	0.0006053987605124792
CKS1BP1	0.0006053209654986229
CTA-212A2.3	0.0006052944466020688
AF165138.7	0.0006052038386635638
MIR1270	0.0006050118176505178
Y_RNA	0.0006047452798608582
RPL30P16	0.0006046703049860864
RP11-626G11.4	0.0006044323652598678
DAPK1-IT1	0.0006043636577737279
C19orf81	0.0006042478885378459
RP4-724E16.2	0.0006042466946548039
AC020550.7	0.0006041957969039142
HMGB1P13	0.0006041337543309651
RPA4	0.0006040717256872
LRRN1	0.0006039407975134566
RCN1	0.0006036713247116209
RP11-629G13.1	0.0006033737145772999
AC005082.12	0.0006032424914851595
RP11-407B7.1	0.0006032338152516099
HNRNPA1P3	0.0006032335734623331
KB-1517D11.3	0.0006031941088214217
RP11-452D2.1	0.0006028515285022387
RNA5SP474	0.0006023888748130772
NAP1L4P2	0.000602286454873516
RP11-386I14.2	0.0006021722412916335
HNRNPA1P52	0.0006021261059191061
RP11-392O17.1	0.0006020887086476817
RNU7-28P	0.000601930866833247
TMEM161B-AS1	0.0006018790519072524
RP11-506H20.2	0.0006018762963030051
CNTF	0.000601810867734794
RP11-216L13.18	0.0006016518909786054
CROCCP5	0.0006014767581462438
C9orf135-AS1	0.0006007867776671058
H3F3BP2	0.0006007759820824072
NDUFB1	0.0006007581661479689
H1FNT	0.0006005140929304022
ANGEL1	0.0006003970810943063
AC004744.3	0.0006000727342911001
RNU6-818P	0.0005992159762541416
ZNF471	0.0005990601378036667
AC073987.1	0.000598695571658995
AC006978.6	0.0005986803574655571
CICP17	0.0005986745764053982
IMP4	0.0005983346413629985
AC019185.2	0.0005982086052742327
AC007919.19	0.0005979645292812236
RP11-178C3.6	0.000597846043713609
SRRM1P3	0.0005975538335561105
RP11-374M1.9	0.0005973218598383791
KB-1592A4.15	0.0005972595704280353
RP5-1051H14.2	0.0005972579324567483
RP11-343H5.4	0.0005971171763144426
RP11-753N8.1	0.0005969609539096787
SCARNA9	0.0005963549091470365
ZHX1-C8orf76	0.000595908547861579
CHST1	0.0005954370262316086
RP11-383G10.3	0.0005951982531871473
RP11-15A1.8	0.0005951457434710456
CTC-510F12.7	0.0005950553438801546
RNU4-34P	0.0005950033562315526
RP11-317J9.1	0.0005947836207885353
SYAP1	0.0005941399923421899
MIR1302-2	0.0005939151095573911
RP11-574O16.1	0.0005936559948032007
RP11-143E21.2	0.0005935194769067255
AC010982.2	0.0005934750232345103
RP11-17M16.2	0.0005931882733850012
MINOS1P3	0.0005931825318351183
RP11-6C14.1	0.0005928055666396719
ST7-AS2	0.0005925582874312049
MIR302C	0.0005924889958147579
AC010504.2	0.0005918304923257132
CCDC167	0.0005914508488739647
RP11-697E2.6	0.0005912294326993475
AC069257.6	0.0005911985982950029
CCT6A	0.0005911824866772038
MIR4500	0.0005911407564849924
HIGD1AP15	0.0005911250274554092
RP11-507B12.2	0.0005910052109121621
RP11-578B16.1	0.000590778195305255
TCF24	0.0005906572193658673
RP4-740C4.7	0.0005906453781501672
RP11-344N10.4	0.000590452322906622
GAPDHP38	0.0005903989224736575
RNU6-40P	0.0005903723020541406
RP11-379K22.2	0.000589998211236802
MGST2	0.0005899620026537741
CTD-2015H3.2	0.0005890038023567619
RP11-390F4.6	0.0005889321766642822
RP4-743O11.1	0.0005887348241671239
RP11-407A16.3	0.0005885100475003547
NCOR1P3	0.000588397723502937
TRAJ47	0.0005883934799952411
MIR374B	0.0005883643957202382
RSAD1	0.0005881004665562515
RP11-758H9.2	0.0005878145219098522
MGAT3-AS1	0.0005876181781974892
CTD-3074O7.11	0.0005875057982070042
MIR4697HG	0.000587384129092074
RP11-352D3.2	0.0005871429575321181
RP11-271K11.6	0.0005869996522378171
TMEM179	0.0005868886634416771
LAPTM4A	0.0005867893724385383
RP3-466I7.1	0.0005866848980148684
AC006538.1	0.0005866208040310948
RPSAP75	0.000586283145995881
GLDC	0.0005857404661599974
RP11-123K3.9	0.0005856908143267746
PSG3	0.0005856702744698139
GSTM2P1	0.0005853939454889017
HMGN2P27	0.000585313807783267
RP11-231C14.5	0.0005850632703176112
MIR378H	0.0005849905900043064
CTD-2555K7.2	0.0005848580604006853
RP3-405J10.4	0.0005846259796719117
RP11-252E2.2	0.000584129552276629
RP11-218F4.1	0.0005839631374539446
RP11-528A10.1	0.0005837805179903726
MTND4LP30	0.0005837261893336741
RP11-50C13.1	0.0005835305472089989
LANCL2	0.0005835163016682743
RP11-510C10.2	0.0005833773671073888
RNF114	0.0005832891216641429
RP11-247I13.11	0.000583227420160776
MYO5BP3	0.0005831780728817812
EMC8	0.0005831677257734309
TBX2-AS1	0.0005825444436323894
RNU6-878P	0.0005824697488019101
LINC00698	0.0005822134392098871
RP11-977G19.12	0.0005821592026819109
LRRC69	0.0005820396207907844
RP11-767N15.1	0.0005816990609741457
RRH	0.000581447780337621
ZNF271P	0.0005809126315702154
RP5-1065J22.2	0.0005804591921770667
RP11-800A3.2	0.0005804428136835916
AC019109.1	0.0005800928705738151
CTD-2047H16.3	0.0005799222140093736
OR9G1	0.0005798227301631246
GAPDHP69	0.0005798116156832979
RP11-72M17.1	0.0005789036169210121
CTC-436P18.4	0.0005782597303847398
LHX1	0.0005779953538779135
RP11-144H23.2	0.0005779554635548038
SNORD114-14	0.0005776917664037167
LINC00500	0.0005776042698459476
MIR3135B	0.0005773027963561677
VPS51	0.0005772073364557396
SNORA26	0.0005770015094519838
RNU1-33P	0.0005769484163665361
CTD-2555I5.1	0.0005768286394805384
Y_RNA	0.0005766798541177112
MIR600HG	0.0005766328260467556
MAFA	0.0005765777469331891
CTC-472C24.1	0.0005761353516860032
MTATP6P27	0.0005758849644452944
PTP4A2P2	0.0005752693209060368
RP11-47G4.1	0.0005746958160173656
RP11-325K19.2	0.0005746084576560059
SNORD113-3	0.0005744290957225827
IGKV5-2	0.000574383681006013
LINC01351	0.0005742802831218167
RP11-794M8.2	0.0005738555787421024
TACO1	0.0005737452740878629
RNU6-36P	0.0005735430369270555
RP11-365O16.3	0.0005730928280989642
AC002127.4	0.0005727391777420687
NANOGP3	0.0005725216756488902
RP11-357H14.17	0.0005724506704831066
TRAJ31	0.0005721148163516037
RP11-496N12.6	0.0005717714255955988
AC090952.5	0.0005717155325996279
RP3-472M2.2	0.0005716401357549247
CASP12	0.0005710879081104984
RP11-377H23.1	0.0005710713685721484
NDUFB4P2	0.0005707948090009612
PLBD1	0.000570617606850743
RP11-399O19.9	0.0005705083445478793
SNORA62	0.0005704731911739137
PSMD6-AS2	0.0005702757467361242
RP11-218F4.2	0.0005702300338508929
PSENEN	0.0005700627509224611
TUFM	0.0005699050403790406
RP11-503E24.2	0.0005698350542093114
AC111200.7	0.0005698226682841824
COL11A2	0.0005696247811447859
RP11-713D19.1	0.0005694128468460301
FAM200B	0.0005691794427908806
NAALADL2-AS2	0.0005690551334153176
RN7SKP143	0.0005689987095744038
FABP5P1	0.0005689693670023571
HPS3	0.0005685511551401369
MRM3	0.0005683360701813702
RP11-794A8.1	0.0005682824765786596
AC104655.3	0.0005682457985873228
DYNLL1P4	0.0005680882782331172
CTB-14A14.2	0.0005680207169964479
CMC2	0.0005679478766287013
RN7SL418P	0.0005677814989022885
RP3-525L6.2	0.0005675029243484959
NLGN1-AS1	0.0005664068704379108
NDUFA1	0.0005663394430546946
TCEB1P21	0.0005657989955342984
DUTP4	0.000565754234378442
AC092168.3	0.0005657142963042362
C16orf90	0.0005653023147102968
MIR6765	0.0005651799093611327
ARF6	0.0005649537899566793
RPL26P37	0.0005648704706186705
FUNDC2P1	0.0005644633644111104
RP11-249M12.2	0.0005643982503621471
AC006960.5	0.0005643538319928636
CCDC144NL	0.0005643458267812375
RP11-784B15.1	0.000564317491648917
MIR4732	0.0005641113914089469
LHX2	0.0005640608743403613
LY6L	0.0005640412851794951
RP11-463C8.4	0.0005639393048952516
RN7SL566P	0.0005638479859330102
RP11-435I10.4	0.0005637245282541895
GAPDHP45	0.0005635869320474763
RP1-140K8.5	0.0005634597334890928
POP7	0.0005634069979798144
RP11-1085N6.3	0.0005631322382043103
RN7SL558P	0.0005631266010666348
IGLV1-36	0.0005629348670354964
ZIC2	0.0005629158936356701
RP6-204F4.2	0.0005628806503518483
RP11-31I22.3	0.000562582446577729
RP11-218C23.1	0.0005623803212462096
MURC	0.0005622604203112856
RP5-944M2.1	0.0005622526520445799
RP11-424M24.3	0.0005620700241336031
C10orf113	0.0005618817857619842
RP11-297K8.2	0.0005617349851994102
RP11-589F5.4	0.0005614772917995971
RN7SL809P	0.0005614173851325112
RP4-569M23.4	0.0005613111367255949
LRRTM3	0.000561247009688271
NFIA-AS1	0.0005610133617643168
RP11-377K22.2	0.0005607113065295826
OR4A40P	0.0005602796459381714
RP11-286H14.8	0.0005598990413330262
ACTR5	0.0005597487736221398
AC113607.2	0.0005597094075910479
SNORD126	0.0005593456012974866
SNORA31	0.000558856345625984
CTB-120L21.1	0.000558412599058663
RP11-17J14.2	0.0005581271878783183
MTRF1LP1	0.0005580824143251421
RNA5SP393	0.0005579132519405932
RP11-449L23.2	0.0005577787593032684
RP11-430L3.1	0.0005576107166367897
RP11-159F24.6	0.0005573571999534035
CTD-2571L23.9	0.0005571508228990358
FEM1AP1	0.0005570812222167438
BMPR1B-AS1	0.0005570694489514246
RP11-582J16.3	0.0005569162848317285
RP11-388K12.1	0.0005568989505790996
RP11-177J6.1	0.0005568827278522418
GHRH	0.0005568029446729371
RPL31P54	0.000556513072846779
RNU6-574P	0.0005562543040834309
RAD1P1	0.0005561576183424157
RP1-125I3.2	0.0005561134318548264
RP11-567P19.1	0.000555966226701963
NPPA	0.0005558144726966315
NCBP2-AS2	0.0005552010335448048
RP11-203P2.2	0.0005547465091345615
ANKRD22	0.0005544784018653404
5S_rRNA	0.0005544575569039935
CTD-2373N4.3	0.0005544022941726155
RP11-219D15.3	0.000554339383153247
CCNB1IP1P1	0.0005541899090594518
CRIP1P4	0.0005538410196118145
SAR1P3	0.000553769850225053
SOCS4	0.000553592583379765
RP11-179A7.2	0.0005534392909497272
RP11-959F10.4	0.0005533285892552174
SNHG3	0.0005529495349516459
RP4-672N11.1	0.0005528269941116077
RP11-569G13.2	0.0005524754866539772
RNF212B	0.000552334523907652
RP11-174C7.1	0.0005523031239716839
RP11-332E19.2	0.000552200262901173
RP11-275I4.1	0.0005518132848608723
GPHB5	0.0005516445949526905
RP11-63K6.1	0.0005514403998840162
F8A3	0.0005514092961622813
RP11-435O5.4	0.000551382307940781
RP11-486G15.1	0.0005513643872219663
CTAGE3P	0.0005511331193473757
RP11-334A14.8	0.000550302899614742
RP11-404H14.1	0.000550118389418326
Y_RNA	0.0005496406927026908
RP11-561N12.2	0.0005496343027703271
RP11-83B20.2	0.0005495524377161578
RP11-174O3.1	0.0005495194098632696
LINC00349	0.0005494708271797254
LRRC66	0.0005493007514839313
RP11-583F2.7	0.0005491029298271978
RNU6-577P	0.0005489772643334847
MIR3663HG	0.0005489572131988897
CLEC2A	0.0005489254780533826
AC102953.6	0.0005488541538070267
RP4-769N13.7	0.00054881716775312
SCARNA20	0.0005487868728542202
IL37	0.0005487720670907383
MIR5008	0.0005486237062753944
NCK1-AS1	0.0005484339488713883
TERF1P2	0.0005481986068771851
PEBP1	0.0005481661561987671
CTD-2525I3.3	0.000547856961444977
SERTAD2	0.0005476697157037872
NAMA	0.0005473640300807026
PCDHGC4	0.000547087520265729
IL18R1	0.0005469478557092858
RP11-226M10.3	0.0005468858804872382
RP3-425P12.4	0.000546790291337045
CYCSP38	0.0005467093555176121
GOLGA6C	0.0005465067064521777
SMPD4P2	0.0005463577600822145
RP5-1092A11.2	0.0005462801367170805
KRTAP8-2P	0.0005462050463707375
RN7SL442P	0.0005454540919847604
ERICD	0.0005452524792713069
SARNP	0.0005452111474768484
RNU7-4P	0.0005449423479497096
CH507-152C13.3	0.0005448858959052487
RP11-1129I3.1	0.0005448665710945553
MRPL40P1	0.0005442819541342177
MIR485	0.0005442131099653669
RP11-327L9.1	0.0005442063930966557
WFIKKN2	0.0005438510296481186
MIR1296	0.0005435387184413212
RP11-167P11.2	0.0005434194499752395
RP11-535N6.2	0.0005433178349387617
TUBB8P10	0.0005428876844070331
ZNF70	0.0005428142203820885
RP1-37M3.8	0.0005427937501608945
ACTG1P15	0.0005427537394851747
RP11-350N15.5	0.0005425937882669242
FAUP1	0.0005423714879598955
OVOL3	0.000542329657830517
CTD-2195M15.1	0.0005421930378842839
AP000251.3	0.0005419493779658304
RP11-83B20.5	0.0005419057445531005
TTC39A-AS1	0.0005418093922011315
BMS1P4	0.0005417509503020817
DLG2-AS1_2	0.0005415780983474216
RP11-229P13.27	0.0005412806377123365
APLF	0.0005409881326826328
RARRES2P10	0.0005408673760509813
RP11-25I15.3	0.0005406645385822875
RP11-19J5.2	0.0005406385261496646
Y_RNA	0.0005406361702838948
RPS26P4	0.0005405870647240125
BAZ1B	0.0005405482093759188
RP11-249L21.4	0.000540406177209193
RNA5SP43	0.0005402333800499134
AP001442.2	0.0005401387141949871
RNU1-11P	0.0005401031381562706
RN7SL105P	0.0005396943590392824
RP11-497D6.3	0.0005394812241553993
IGHV3-73	0.0005393436617038679
Metazoa_SRP	0.0005389470826711271
RP11-677N16.1	0.0005388201111795664
LINC01322	0.0005387819653535795
CTC-430J12.2	0.0005387248707292188
SEPSECS-AS1	0.0005385194871355207
TERF2IP	0.0005383808458764345
HIST2H2BF	0.000538211023797973
MIR6722	0.0005378843658162046
Y_RNA	0.0005376350573691068
INAFM2	0.0005376263743076558
ZC3H4	0.0005375321052617626
IRS2	0.0005374485528219254
RNU6-343P	0.0005372223033588773
MIR607	0.0005369750980559247
RP11-640I15.2	0.0005368859789644122
AC012594.1	0.0005367148296465918
IGKV1D-33	0.000536638807480515
C8orf59P2	0.0005365888046998954
TUBB8P9	0.000536502329811016
RP11-234B24.5	0.0005361221686964368
AC010733.5	0.0005359775210549072
RPS20	0.0005359773795328615
RP11-12A20.6	0.0005356788932891285
Y_RNA	0.0005355847185244819
PCDHA3	0.0005353479143202482
CCNG2P1	0.0005350490891702649
CFL1P4	0.0005350350363428155
MIR2116	0.0005348863118787131
RP11-274M17.3	0.0005347241013909021
ACTN4P2	0.0005346804615665213
RPL38P4	0.0005344017178285702
RP11-1012A1.10	0.0005338534571652774
KRR1P1	0.0005336137835292826
TMEM132B	0.0005334528458395895
RP11-399K21.5	0.0005331328357625636
AC007682.1	0.0005330134868595413
RP11-332M2.1	0.0005328943472900524
RPL10P7	0.000532777891927188
HOOK3	0.0005324922628685971
Y_RNA	0.0005324113224041261
RNASEH1-AS1	0.0005323517530315056
MIR6500	0.0005320015895968517
AP000479.1	0.0005318241184974144
RP11-138A9.1	0.000531559750471478
HCG25	0.000531249731903046
RP11-656D10.7	0.0005309862369075979
VAC14-AS1	0.0005309677644871152
RNY4P37	0.0005309527193259126
ZFP2	0.0005309426704297488
MIR4305	0.0005301166224462694
FSHB	0.0005301059978996277
RN7SL444P	0.0005296405611790571
CTD-3233P19.8	0.0005295343310956381
FAM86B3P	0.0005295304050615463
BTF3P8	0.0005295038133913349
RNU4-16P	0.0005291569101928029
RP11-209M4.1	0.0005287025039969477
RP11-822E23.3	0.000528504385449151
MT-TT	0.0005284248775589175
TMEM31	0.0005283847914172857
RP11-82L7.4	0.0005274886702937322
CTC-512J14.7	0.0005273928782896405
RP11-445F12.2	0.0005271178256167485
ZNF33BP1	0.0005265993899130382
RNU6-171P	0.000526500358310511
NPM1P47	0.0005264944818249843
CLRN2	0.0005262423913277134
RNA5SP233	0.0005260707486479615
NPM1P29	0.0005260509413985922
KRT8P46	0.0005258869052911087
CH507-9B2.5	0.0005256247264536853
CELA2A	0.0005255530720603917
RNA5SP385	0.0005253064735511406
RP11-231N3.1	0.0005251597503857661
RP11-638L3.1	0.0005249718196785223
RPL7L1P1	0.0005248953619627186
RP11-432J22.2	0.0005247615600496903
Y_RNA	0.000524191820259683
RNU6-158P	0.0005234481197403189
LRRC38	0.0005234472694554147
PITHD1	0.0005232216984924245
Y_RNA	0.0005232132796951664
RP11-24J19.1	0.0005231978324147126
TRMT112	0.0005231856702792693
ZMAT3	0.0005231255810158948
LINC00184	0.0005230458167365488
RP5-827A12.2	0.0005229993571580171
AC010975.1	0.0005228729641663444
RP11-291L22.4	0.000522761926572515
CTA-373H7.7	0.0005227545014176606
AC007563.1	0.0005226139035647414
RP11-867G2.4	0.0005225097056718992
CTD-2331D11.3	0.0005222125042860922
TUBG1P	0.0005216250047250874
RP5-1177M21.1	0.0005215524119955907
RP11-478K15.7	0.0005215197871742904
KRTAP5-8	0.000520938086049716
AC012499.1	0.0005203822325923893
KRTAP5-2	0.0005202647823811387
RP11-167H9.5	0.0005201936102945269
TMEM261	0.0005199947166205615
CTC-340I23.2	0.000519670110291994
RP11-264M12.2	0.0005195622650977787
TRPC7-AS1	0.0005195586152544878
ARL10	0.0005194232370535435
ERVFRD-3	0.0005194189859467227
RP11-554J4.1	0.0005193374861727278
MIR1539	0.0005192194162709177
RP11-907D1.1	0.0005191213100110434
PTPRH	0.0005191057762184923
RP11-578F21.10	0.0005183914697953177
MIR412	0.0005183681488917566
RPS15AP24	0.0005180495884544554
SAMSN1-AS1	0.0005180263788489835
SNX18P14	0.000517989622978917
ARF4-AS1	0.0005176915710984247
LINC00444	0.000517628759402263
CTD-2286N8.1	0.0005170592682028263
RPLP1P13	0.0005170576971114213
KRT6A	0.0005169127764444246
RP11-404P21.8	0.0005168375367330002
RNU6-251P	0.0005167146458173641
PSMG3-AS1	0.0005167049339442689
KRT17P6	0.000516691393863604
RP11-21I4.2	0.0005166483556869408
CD81-AS1	0.0005162669892053145
FAR1-IT1	0.0005158672832491328
RP11-478C1.8	0.0005157704749929118
Y_RNA	0.0005157648050041854
LINC01097	0.0005157326240953277
KANK1P1	0.0005156438043661818
LY6E	0.0005153870848532068
RP11-242G20.1	0.000515386036821161
LINC00557	0.0005153153813008674
RNU6-1035P	0.0005152240888958861
IGHV3-22	0.0005149143849731246
ZBTB40-IT1	0.0005146641365101731
AC027612.4	0.0005144848741481514
NACAP3	0.0005144445122097007
PFN1P3	0.0005143469099650887
RN7SKP225	0.0005137046970063328
CHST10	0.0005135799859898214
RP11-278A23.1	0.0005135243071847488
AC015688.3	0.0005134013959470549
RP11-136K7.2	0.0005131223511482177
MTND4P5	0.0005128273297370723
RP11-455O6.5	0.0005126645090239914
RP11-500G22.5	0.0005124037708829458
ACSM4	0.0005123249256148261
RP11-12K22.1	0.0005122707080096659
AC007919.18	0.0005120201935685785
RP11-19E18.2	0.0005118086252612685
RP11-384J4.2	0.0005114691890708353
MIR328	0.0005113182754813999
RP11-218E20.2	0.000510627852576375
CH17-353B19.1	0.0005104105701953803
SMARCA5-AS1	0.0005103990704058575
XXbac-BPG154L12.5	0.0005102777634601061
SUSD5	0.0005102547495851096
RP11-106D4.2	0.0005100166100213466
RP11-428L9.2	0.0005095538061916756
LHX4	0.0005092100966489475
RP11-475D12.2	0.0005091693684565188
Z84721.4	0.0005088549268475988
GCNT1P3	0.0005083036444977096
FOXP1-AS1	0.0005081784290239279
UBL5P2	0.0005080120345619141
CTD-2527I21.7	0.0005078729543751333
PRICKLE2-AS1	0.0005078516063798502
CTD-2336H13.1	0.0005072949153028304
CTD-2003C8.2	0.0005072499035116145
RP11-97C18.1	0.0005069311875994944
HSPA8P15	0.0005066855177791378
Y_RNA	0.0005066367554805516
COX17P1	0.0005063339839718685
RP1-12G14.9	0.0005062395264870888
SCOCP1	0.0005060075343427554
RP11-356J5.4	0.0005059568123464569
RP11-439C15.5	0.0005058357938632315
CTD-2562G15.2	0.0005058285984397026
RP11-164J13.1	0.0005056809141387896
CCNB1IP1P2	0.0005055836563847845
CTD-2233C11.2	0.0005053755288526919
JPX	0.0005051092565799827
RP11-36B6.1	0.0005047360581326144
RP11-38M8.1	0.0005044663645622408
AC010740.1	0.0005043824806685864
RP13-228J13.6	0.0005042491723885057
FRG2DP	0.0005038461378961302
RP11-735G4.1	0.0005036205809827536
CNTNAP3P1	0.0005034333077984244
RP11-690I21.2	0.000503224038118556
AC019118.3	0.0005030387887612214
Y_RNA	0.000502982861130833
RP4-620E11.4	0.0005026629468366977
RP11-151E14.1	0.0005024791249292972
CTD-2576N18.1	0.0005024722503034036
RP11-742D12.2	0.000502160348159435
RP11-379B18.1	0.0005015737330373487
RNF223	0.0005011376906963802
RN7SKP34	0.0005009720213336619
ACSM5P1	0.0005008599591036712
FTH1P2	0.0005005860087313893
RPL17P19	0.0005005221421554184
RP11-718O11.1	0.0005004693849165436
RP11-445F12.1	0.0005000732299264307
GSTM3P2	0.0004998169955052745
RP11-549A6.1	0.000499757356461761
RP5-850O15.3	0.0004994680229313028
DENND1C	0.0004994334277538389
RP11-479F13.1	0.0004992460482175364
TAS2R63P	0.0004989920075154972
RYKP1	0.0004987635366014564
RP5-1057B20.3	0.0004987510403106568
CTD-2316B1.1	0.0004986919297479973
RP4-797C5.2	0.0004984340287397657
NDUFA9	0.0004981597227200226
RP11-428P16.2	0.0004979500836899854
Y_RNA	0.0004977755252115046
MIR4744	0.0004972697200503242
HMGB1P29	0.0004970601068753566
RP11-826N14.1	0.000496974125196541
RNF149	0.0004969369264102249
RP11-621L6.3	0.0004967938075284152
OR7E11P	0.0004967378545532139
RAB28P2	0.000496700373003991
RNU7-181P	0.0004966728402160009
EPHA5-AS1	0.0004963937996502496
RP11-63N3.1	0.0004961260569828779
RP3-391O22.3	0.000495862964481558
RP11-134K1.3	0.0004953362516093011
RP11-277P12.6	0.0004952680838375258
LINC01339	0.0004951450774688365
MTND4P20	0.0004950180152271102
CTC-296K1.3	0.0004949777838176038
AC006461.2	0.0004943383817787564
RP11-300M24.1	0.0004942312251289054
FAXDC2	0.0004942051764549953
LINC01444	0.0004940555235926125
TULP3P1	0.000493964672621767
ZNF251	0.0004937972054948936
MIR146B	0.0004937312061776992
RN7SL382P	0.000493492782571124
CTD-2542C24.5	0.0004933375573872714
snoU13	0.000493130490546052
VSTM2A	0.0004930265846212617
RNU6-21P	0.0004930142790717736
RFESDP1	0.0004929075380209453
Y_RNA	0.0004928663995312606
SPATA31C2	0.0004928631080835007
RNU6-1322P	0.0004925531819017678
SFPQ	0.0004922046056022552
RP11-219G17.6	0.0004921504798295869
IGLV9-49	0.0004919694535531214
CTA-38K21.2	0.0004917546255986698
RP11-30L3.2	0.0004917420206342868
UBE2E1-AS1	0.0004917009306777402
RP11-156F23.2	0.0004916934873506915
CTB-152G17.5	0.0004914757742269072
MIR8055	0.0004911891744901494
PCDHB5	0.0004910055389129757
CTD-2154B17.4	0.0004907067810532229
RNF141	0.0004900703480235387
AZGP1P2	0.0004899477278384327
RP11-447L10.1	0.0004898773773512387
AC131263.1	0.0004894496525103074
MIR205HG	0.0004892487828565006
SLC52A2	0.0004890629447681694
RP11-26J3.1	0.0004890533600793482
AC005618.6	0.0004887207777887698
PCDH10	0.0004884476613197797
CTD-2083E4.4	0.0004883414696661906
TPI1P4	0.00048821468702988323
OSBPL10-AS1	0.00048805631415492696
H3F3AP3	0.00048730791048040816
RP11-567M16.6	0.00048675608216843473
AC000032.2	0.00048666108063101423
RP11-136F16.2	0.0004861988801946473
NOX3	0.0004860239539630528
RP11-459K23.2	0.0004857850811133419
RP11-252A24.5	0.00048550476676538214
MTHFD2P6	0.0004853210834630968
RPS2P24	0.00048515244220721044
CYP2C19	0.0004849191921960139
RP11-100M12.2	0.0004845498168877968
SLC27A5	0.0004845286740220266
CLEC4E	0.0004844993947699283
RP11-77P16.4	0.0004844246410090893
RP11-457M11.7	0.0004840784323876961
RP5-894D12.4	0.00048361598573482657
RP11-131K5.2	0.00048356676010035966
LIPN	0.00048341073929208917
OCLM	0.00048331307980346394
OSER1-AS1	0.0004832871526492347
OR7E157P	0.00048292203216129326
RP11-789F5.1	0.0004828359758502661
RP11-552M11.4	0.0004828235516185948
RP11-308D16.2	0.0004825730470407685
IGLV3-9	0.0004824559982627243
RSF1-IT2	0.0004822351524498007
CTD-3105H18.18	0.000481994406300982
RP13-516M14.4	0.0004819754057236926
CHAD	0.0004815297543849187
NPTX2	0.00048144029488877
RP11-575F12.3	0.000481259008751967
MCIDAS	0.0004808046345706395
RP11-126H7.4	0.0004805868273169712
MIR199B	0.0004803382576330781
AC078883.4	0.00048023274606726963
RP11-138P22.1	0.0004799638856480617
MIR548AK	0.00047976250986384917
ZNF630-AS1	0.00047946157396603007
KRT18P7	0.0004793062156622194
RP11-775B15.3	0.0004792774781403208
MIR4796	0.0004792769943307988
PKMP1	0.00047915931302198854
RP11-119H12.5	0.00047913419093529257
RGAG1	0.00047900221531025294
AC009303.2	0.0004789043318472224
FAU	0.0004787737820955222
OR1L1	0.00047876218440550295
CTD-2583A14.9	0.0004787072477507425
RP11-744O11.2	0.0004785521849910204
RNY1	0.0004784698001769082
RP11-864N7.4	0.0004784660633574265
RP11-354P11.3	0.00047846217029599044
RP11-45I20.1	0.0004784392331645054
RP11-788A4.1	0.0004776816871198297
RP11-463I20.3	0.0004775096008038201
RP11-463D19.2	0.000477124175162252
MTCO1P47	0.00047696535376302
RP11-1000B6.3	0.000476925463625038
RP11-1079K10.1	0.00047664536114016203
HIST1H2APS4	0.0004765998381876943
RPL21P131	0.00047649585186928194
CTB-52I2.4	0.0004764872563475468
RP11-261C10.7	0.00047648707329707684
ENTPD8	0.00047640892554018437
MYB-AS1	0.00047620806371798634
TTLL13P	0.0004761103186411708
AC003986.5	0.0004758345938897637
PAXBP1-AS1	0.0004758278579714547
MTCP1	0.00047549811691731733
NECTIN3	0.00047540789125650416
SH3PXD2A-AS1	0.0004750700525935327
PSG2	0.00047484089515351774
CTD-2384B9.1	0.00047479836923450925
RP11-627D16.1	0.0004746037325196056
RP11-691H4.4	0.0004745944096106592
RPL41P1	0.00047434950708539017
PSG11	0.00047423223888771104
VAMP5	0.00047414192254105903
RP11-268G12.3	0.00047394580311451107
THRA1/BTR	0.00047384224376782833
SBK1	0.00047344067580656766
DERL2	0.00047342174802254356
MRPL51	0.00047340263291663256
CTD-2196E14.5	0.00047337159927018604
RP11-45M22.2	0.0004733394458623908
AC008060.8	0.0004731910842734991
RP11-806J6.1	0.00047308026429208433
RP11-478C6.6	0.0004730564620285596
SBDSP1	0.00047299678392697373
SCARNA3	0.00047287604695255844
SNORA63	0.00047283967190236243
CENPBD1P1	0.0004724291959260819
PSG1	0.0004722759205186807
CYP4F32P	0.00047211923520083007
RP11-81A22.4	0.0004720473747275617
RP5-1009E24.9	0.00047204085410599384
ABCA11P	0.00047193936350132496
RP1-47A17.1	0.0004717725267407074
PCDHA7	0.00047165747317510896
ZNF72P	0.0004715858677946136
RP11-68I3.10	0.0004715432246975139
RNY4P36	0.0004715318975416123
RP11-395N6.4	0.00047126715105064404
RP11-31I22.2	0.0004712612548265215
FTH1P10	0.00047097952748699593
RP11-663N22.1	0.00047043701487139435
IGKV1OR2-3	0.00047025245679386114
RP11-63E9.1	0.0004701271074938075
SUGT1P1	0.00046982244708673715
CTC-454I21.3	0.0004694381238674716
PIWIL1	0.0004694062368573507
RP11-454K7.3	0.0004692328244268399
GLYATL2	0.0004691309142658252
RP3-476K8.4	0.00046901305449345505
AP001172.2	0.00046892603980285024
OTOS	0.0004686494579342826
POLG2	0.0004684911438583992
TGFBR3L	0.000467987177591095
TBK1	0.00046790499780154093
VIS1	0.00046774202594588546
CYP4F24P	0.0004677364767956727
RP4-639F20.1	0.00046769587689199447
CA15P1	0.0004671610298770555
RP11-20B24.7	0.0004667875362691063
DNAJB8	0.00046677340658100034
TXN2	0.00046670969193997775
AC144450.1	0.00046667933728457246
PURA	0.0004666058847557429
CTD-2530H12.1	0.0004665362616829768
RP11-381K20.2	0.00046652747490795877
ZIM2-AS1	0.0004662097866493358
RP11-28A22.2	0.000466025169593998
RN7SL78P	0.00046576687713322353
RP11-137N23.1	0.0004656746356849327
RP11-434C1.5	0.0004653549897154521
RP11-227H15.4	0.00046515337721927675
CTD-2540B15.10	0.0004648184332810904
BX470102.3	0.00046474242137363263
RP11-236P24.3	0.0004647120593012841
LSAMP-AS1	0.0004646548303305795
RP11-462P6.1	0.00046464309399951953
LINC01596	0.0004637009982325492
RAET1K	0.000463549992995172
RP11-335G20.7	0.0004627475558004366
RP11-959I15.4	0.0004625918729477091
TIGD7	0.0004625461513556927
MIR6728	0.00046213785902102423
PINX1	0.0004619056716463584
RP11-757F18.5	0.0004618605651051501
HSPE1P26	0.0004618029685262846
RP11-481J2.3	0.00046152420386445434
RP11-151A6.4	0.0004613937908517058
RP11-381E24.1	0.00046075230503187734
RP11-181K12.1	0.00046005872344233924
TCEAL4P1	0.00046001735831390736
ANP32B	0.00045996134716914044
RP11-390P24.1	0.00045984217557304684
CTD-2503O16.3	0.00045980423267869973
AC012065.4	0.0004595816265287454
FLJ40288	0.00045945770594162875
GAPDHP36	0.0004590036171938289
RP11-725D20.1	0.00045885186767849066
RP11-481J2.2	0.00045857510778683075
RP3-437C15.1	0.00045853702333151924
MTND5P19	0.00045842034922128765
CRNN	0.0004582440197202673
Y_RNA	0.0004582054085949557
CTB-50L17.5	0.0004581479117788391
FABP5P3	0.0004573514545262728
BBOX1	0.0004570649434622361
GPR151	0.0004570333261807082
RP11-431M7.3	0.000457015051773814
SCARNA13	0.0004568895071708605
RP11-755F10.1	0.00045683710065865565
RP5-916O11.3	0.0004568160171046291
CEACAMP3	0.00045663169592810186
MIR4804	0.00045661736050427713
GALP	0.00045658124640706376
ZNF439	0.00045655728673630924
RP11-541G9.1	0.0004565409771914519
LL22NC03-80A10.11	0.0004562210694040075
RP11-35G9.3	0.00045620685811501385
RP11-860B13.1	0.0004561088886205752
AIG1P1	0.00045598219104849057
AC114814.4	0.0004559296529384152
SLC25A5P3	0.00045561314485449646
RP11-93K22.6	0.00045531787719883045
RP3-439F8.1	0.0004551887339440577
RNU6-942P	0.0004551597974274514
RP5-906A24.1	0.0004551337277325469
RP11-342M1.6	0.0004549440956980669
RPL35AP32	0.0004548845631837257
KIR2DS4	0.0004548488950305758
RP11-691H4.3	0.00045479334769202404
POU3F4	0.0004547245900306989
RP11-310P5.2	0.00045471126377972143
TUBG1	0.0004546646147491902
FABP7P1	0.0004542902225110905
AP000704.5	0.000454212396653879
RP11-109N23.5	0.00045360705732820856
FLJ40194	0.0004535996620333777
HIST1H2BH	0.00045351753609918974
RP11-421P23.2	0.00045348840893176615
DNASE2B	0.00045343929702309734
RP11-445J14.1	0.0004532831708869408
CTB-178M22.1	0.00045326795631115324
MIR4257	0.0004531902425404058
RP11-573G6.6	0.0004531559711101685
NDUFS5P3	0.0004530934616948733
NLRP3P1	0.00045279747720133184
CTD-2542C24.3	0.0004527457465763417
SNORA64	0.0004525821626491796
PLCE1-AS1	0.0004525030310945751
AC005336.5	0.00045246256052524443
NXT1P1	0.00045218510589696293
AC092159.3	0.0004520273363957883
RP11-118M9.3	0.0004518815774838667
AP000462.1	0.00045174103419279966
GBP1P1	0.0004516352396554096
MIR644A	0.0004515077452469987
APOM	0.00045128133071526484
IGHV1-69-2	0.0004511298023079544
MTCYBP24	0.00045112882187281657
RP11-379F4.8	0.00045075810842086766
TMEM35A	0.0004505011238931693
CTB-63M22.1	0.0004504537401123653
FUNDC2P2	0.00045038151134419135
RP11-15A1.7	0.0004502675516181089
LINC01563	0.00044991688014286264
RP11-550C4.4	0.00044978214895114533
RP11-162D16.2	0.00044976160279057057
CTB-75G16.1	0.0004496306037324092
SNORA58	0.0004492562343258025
RP11-62G11.2	0.00044905816019883945
RP11-467I20.6	0.00044879966318930474
KDELR1	0.00044878219692007356
RP11-573M3.2	0.0004487466286547809
RP11-647P12.2	0.0004487403348618046
RP11-353N4.5	0.0004485154572941824
RP5-1157M23.2	0.00044843025396014224
RP4-781K5.4	0.0004484121053221093
GS1-184P14.2	0.00044789041718893433
RP11-192M23.1	0.00044782902139384954
SNORD91A	0.00044754087941901825
FCF1P5	0.0004475188861567691
RP11-568G11.4	0.0004470139498088607
RP5-878I13.1	0.00044698047538825587
SRGAP3-AS3	0.0004464820715798937
RP11-159L20.2	0.0004464052764959423
RP11-662B19.1	0.0004463434349088861
AC026248.1	0.00044610969857357516
CTD-2560K21.6	0.0004459965573461303
FLJ30679	0.0004459577489835934
AC008937.2	0.00044577053195762087
SDCBPP3	0.00044563140949980786
AC016745.3	0.00044523464712768106
LILRA2	0.0004449192951638971
RP5-1093G23.1	0.0004448734076491778
IFNWP4	0.00044454370252591905
RP11-634H22.1	0.00044453659693616574
CTD-2043I16.1	0.0004444272996371235
CACNA1C-IT3	0.00044438197570520704
RP11-313F23.4	0.00044422208168853785
Y_RNA	0.0004441654296163429
RP11-758N13.3	0.00044350225920605497
AC108479.2	0.0004434377477961709
MTCO1P23	0.0004433819641354791
RP11-263C24.1	0.00044324722635305026
NENFP1	0.0004431418348257954
VPS35P1	0.00044305622627965847
SEPT7-AS1	0.00044286630890303194
RP11-613H2.3	0.0004427856801269231
PDYN	0.0004424756152448902
HBM	0.0004424223452056244
RP11-461F11.2	0.0004422069132065717
AF131216.1	0.00044205369449955485
RCOR2	0.00044186501198055083
HM13-AS1	0.0004417964022263139
BCRP7	0.00044171970761401315
RP11-973H7.1	0.00044153515994409373
CNPY2	0.00044149389563777087
SPDYC	0.00044131063275409314
CTC-479C5.6	0.00044114170968136715
AC006130.3	0.00044095345283087854
TVP23CP1	0.0004407403315390359
LARGE-AS1	0.0004393599443511985
RP11-92K15.1	0.00043913150751507597
RNU6-1280P	0.00043911549505341196
ARL4AP1	0.00043902853663182773
LGALS16	0.0004383295549975801
RNU4-21P	0.0004382655254351601
RANBP6	0.0004381153280112685
CTD-2311M21.2	0.0004374559843635363
POM121B	0.00043713320154560657
RP11-401N18.1	0.00043695870568766194
MTCO3P12	0.0004367584694138651
RP11-98D18.1	0.0004366853069206585
NUAK2	0.00043667982906583496
RP5-837J1.6	0.0004366603326350215
NEU3	0.0004366588420238676
GJB1	0.0004365832170239581
RN7SL189P	0.0004363901522721747
U1	0.0004362981211149279
MIR3198-1	0.0004361733950130535
MKRN4P	0.00043584404593005377
AC026167.1	0.0004358297851489038
RP11-14P20.1	0.0004357947008301375
CTC-507E12.1	0.00043560960483553614
RP11-145A3.4	0.00043554460602440026
SNORA1	0.00043514350809974563
MIR548V	0.0004347826646026695
AC004449.6	0.00043472283497890065
AC098872.3	0.0004346879819555604
EFCAB14	0.0004346487892251387
RP11-91P24.1	0.00043450610011420445
MIR548J	0.00043440102603741355
RP4-718N17.2	0.00043439416662132015
AC003989.4	0.0004343773024683967
NUP107	0.00043432435868914505
RP11-794P6.1	0.0004340741277904782
RP11-184B22.2	0.0004339103696221788
RP11-704J17.5	0.0004338724074793102
LINC01611	0.00043354075042615557
RP11-180M15.3	0.00043347909701771766
IFNB1	0.00043342197734853535
RP11-973N13.2	0.0004334174200167532
AP000355.2	0.00043297983307112413
AC006003.3	0.0004328170480917905
HNRNPA3P11	0.0004327082690688884
ITPKC	0.00043265533096120836
OSGEPL1-AS1	0.00043248918990464527
PCDHA8	0.00043240011502230743
FAHD2A	0.0004323899326296229
RP11-78C3.1	0.0004321818373304687
RP11-289A15.1	0.0004321344387308902
KRT10	0.0004320105567567627
TANGO6	0.0004320066482163176
RP11-15K3.1	0.00043118424777647174
RP11-20I23.3	0.000431172677039278
RP11-138E16.1	0.0004311499336261664
CTD-2060C23.1	0.00043114745429241526
TCEAL3-AS1	0.00043114231298311395
SNORA23	0.00043077203919804173
ADCY8	0.0004307310978002825
LINC01291	0.00043022482714901296
SMLR1	0.0004302000204171936
IL4	0.0004297292799571473
RP11-150C16.1	0.0004295151972158928
CGGBP1	0.0004294324117703375
MC4R	0.0004293788486153482
GDF11	0.0004293045914525983
RP11-445P19.3	0.0004292743255449035
ATG14	0.00042909778350163215
RNU1-70P	0.00042909256783388007
RP1-40G4P.1	0.0004289643214243833
AC005754.7	0.00042884115073040245
AC004129.7	0.0004283121643507986
RP11-996F15.2	0.00042825581182628507
RP11-386I8.4	0.000428174035296168
PSMB3	0.00042779954904160545
AP001625.5	0.00042778540779120654
Y_RNA	0.00042772978608298534
ZNF521	0.0004277117673328782
TMLHE-AS1	0.00042747893996716147
RNU6-988P	0.0004271025813952316
RP11-439L18.1	0.0004270322094522907
RP11-798K23.3	0.0004269731616586777
LIPK	0.00042669691185769066
RNU6-628P	0.0004264833978089206
OTULIN	0.00042638529339374093
RP13-685P2.7	0.00042596173366324624
RP1-215K18.4	0.00042593541799104196
RP11-862P13.1	0.00042590924708199503
RP11-382M14.1	0.0004258695904438921
LHFPL4	0.00042579934610943666
SDR9C7	0.0004254225709506748
SMR3A	0.0004251412340412559
RNA5SP338	0.0004249275348542522
RP11-324P9.1	0.0004248905244573158
SNORA25	0.000424677275671803
ACTR3P3	0.00042461432401142134
CACYBPP1	0.0004244403532683395
bP-21201H5.1	0.0004244272335095805
CACNA1C-IT2	0.00042379249245301395
MTND6P2	0.00042371091173958714
RP11-424E7.3	0.0004236299103065651
RP11-844P9.4	0.00042362013095092555
RNA5SP123	0.00042350620691155
CTA-331F8.1	0.00042343335735593073
TRIM51JP	0.00042340423323656586
CTD-2028E8.1	0.00042329919739897057
HMGB3P9	0.00042323162431855864
AC108676.1	0.00042301590308219074
REG1A	0.00042296346384104256
KCNA10	0.0004226754761754876
AC005777.3	0.00042229078634736615
RNU7-70P	0.00042209910682783607
KB-1460A1.1	0.0004219635717526978
XXbac-B33L19.15	0.00042189587651449357
NDUFB9P1	0.0004218776917829306
RP11-697H9.3	0.00042185355788858155
ACY1	0.0004215711654215383
PGBD4P3	0.00042106348434145686
HDC	0.00042094236855072466
CTC-523E23.15	0.0004207899890052804
Y_RNA	0.0004207520311364088
AC008992.1	0.00042055242686970325
Y_RNA	0.00042023423498574014
CITF22-62D4.1	0.00042008235033805214
ABCA17P	0.0004200440376613294
MIR194-2HG	0.00042002918106328637
RP11-677O4.2	0.0004200000704283973
RP11-196B3.3	0.00041972849921599283
RP4-758J18.7	0.0004194785193549742
SNORD12C	0.0004194457702569037
BRWD1-AS1	0.0004193728738729795
FNDC10	0.00041934268196262755
TTTY10	0.0004190491532819896
AP000962.2	0.000418938407035162
RP11-5O17.1	0.00041887328016171197
MTND2P28	0.0004187140458118717
RN7SL698P	0.0004185322531320007
RP11-1348G14.6	0.00041843290909746457
RP1-179N16.6	0.00041804633576493743
CTD-2501B8.5	0.0004177930664940463
LINC00642	0.0004174962794758402
AP000797.2	0.00041739970720280374
RP11-359H18.2	0.0004173141008682876
snoZ6	0.00041662760539618255
RPL21P136	0.0004163437852152346
ATP5G1P7	0.000416248954404392
CFAP99	0.00041617987284168914
FUNDC1	0.0004152125810526045
RNU5E-8P	0.0004151854799546804
Y_RNA	0.0004150224202549163
DUSP8P3	0.000414972959262594
AC010729.1	0.0004145914159404968
MTCO1P15	0.0004142927505306223
RP11-227H4.5	0.00041408529143669955
CDC42EP3P1	0.0004139736772849184
LINC01560	0.00041393729362864404
AP003068.18	0.0004137612974156816
RAC1P2	0.00041375530344519586
CA5A	0.00041365867813801657
LSP1P3	0.00041329862720790967
RNA5SP137	0.0004132809322583583
RP11-474B12.1	0.0004132327153173561
CTD-2122P11.1	0.0004130676412382562
GLDCP1	0.00041304535107097596
RP11-48B14.1	0.0004129419367487156
OR8D4	0.00041291801403662724
RP11-510M2.2	0.0004128122962449867
AC106874.1	0.0004127502309939006
AC073636.1	0.0004127045967453617
AF186192.1	0.0004127034514903329
GNRHR2P1	0.00041230490740535084
MIR3907	0.00041172617010315287
RP11-418J17.1	0.0004117009866299844
RP11-64B16.5	0.0004116742341517537
ARPC1A	0.00041138511488491317
DCK	0.00041093805808165105
RP11-180O5.2	0.00040999851856900627
TRIM58	0.0004099846946529532
AC012065.5	0.00040978238176529925
RP11-759A9.2	0.00040968623074166404
RP11-1J7.1	0.00040960519653064615
RP4-566D2.1	0.00040959783493357143
CTD-2302E22.5	0.00040938327778817385
RP11-510C10.4	0.0004092884308780506
MTND4P13	0.0004092318159273423
RP11-467I20.2	0.00040917893370013197
GRAMD4P7	0.0004091180479927711
RP11-813I20.2	0.00040902511165500586
RP11-410L14.1	0.0004089338689494889
RP11-252M18.3	0.0004086607758827478
AMHR2	0.0004084465957645478
OR8G5	0.000408231519242481
SCARNA22	0.0004081492245655607
ZNF561-AS1	0.0004081047004539152
RP11-196H14.2	0.00040801584303372856
VHLL	0.0004077157973157529
RP11-454L9.2	0.00040763503936708755
RP11-314N13.10	0.0004075756691144983
CSMD2-AS1	0.0004074537241530482
RP11-1007O24.3	0.00040744197588651236
LINC01579	0.00040735337376458596
CYP3A52P	0.00040722954313534996
RP11-67P15.1	0.000407227111479674
KCNJ3	0.00040713962432269076
ATP5G3	0.0004061887064437122
CTD-2503I6.1	0.00040594451157327884
RP11-641C17.4	0.0004057697053391175
RP11-596C23.2	0.0004057389878773014
DPYD-AS1	0.00040469388845489464
RP11-727A23.5	0.00040464825851941396
AC152010.1	0.00040448795816978714
HMX3	0.000404355984080095
RP11-472F14.4	0.0004040892498195641
MTOR-AS1	0.0004040156864258669
C15orf54	0.00040360639937923025
COX6CP8	0.00040360481728068037
RP4-734G22.3	0.0004035861967565266
AC004057.1	0.0004034062481174982
RP11-403P14.1	0.00040325537397619776
ZBTB2	0.0004032395426675268
RP11-132G19.3	0.00040304998318619006
MIR3609	0.0004027811997200869
LRIT2	0.000402710171600848
OSBPL9P4	0.00040264452683037394
MIR212	0.0004025746585174036
Y_RNA	0.0004022059545384206
RP11-169L17.5	0.00040211174015196725
KRT85	0.0004018977955192812
KBTBD11-OT1	0.0004018667894430415
RP11-34C15.2	0.0004018398487998689
MIR1268B	0.00040171774837601155
RP11-1028N23.4	0.0004016387858082783
CTC-563A5.4	0.0004016371142942242
RP11-862G15.2	0.00040147923765409106
RN7SL648P	0.0004013808425779236
BTF3L4P1	0.00040098255167412585
RP11-274B21.13	0.0004007683653360846
MLF2	0.0004007603037503168
RP1-4G17.2	0.00040038818650849756
RP11-83M16.3	0.0004003724902485669
ADH1C	0.0004003049550397869
RP11-149B9.2	0.0004002064128215856
TMEM57	0.0004001868772980781
RP11-353K11.1	0.00040017694454941354
RP11-672L10.2	0.00039968354941165464
AC068535.3	0.0003995782244181884
LURAP1	0.00039918403874981257
BTBD9-AS1	0.00039908935029695007
MIR8089	0.00039905960873638525
CTD-2228K2.2	0.00039904249101561836
RP11-849N15.5	0.00039886143116869924
LGALS13	0.0003988503430929332
RP11-785H5.2	0.00039881986306110855
RIDA	0.0003985860187052397
RP11-573N10.1	0.00039858218199637655
STARD4-AS1	0.00039850792567484937
VPS25P1	0.00039835503586773953
RNU7-61P	0.0003981786643339997
RP5-844F9.1	0.0003969722660037677
USP18	0.00039693791164255185
RP11-955H22.3	0.00039677553042814106
MTCO1P6	0.00039667855426886033
RP11-321C24.4	0.0003965652275129713
MIR101-1	0.0003964091662689909
RP3-323K23.3	0.0003962543450328558
LPP-AS2	0.00039623406287082576
RP11-8P13.5	0.00039612922102900115
Metazoa_SRP	0.00039611378011138794
RP11-329J18.3	0.00039606304729980664
OR2T4	0.00039589682498441614
MYF5	0.00039570939015414115
RP11-125A15.3	0.00039566252235531327
DLX5	0.00039528773563554236
RP11-394O2.3	0.00039526274313859446
RP11-218C14.8	0.0003951461981993011
RP11-545M17.2	0.0003951205614609787
AC005597.1	0.00039511882215905657
MIR3150B	0.0003950760437755385
RP5-857K21.4	0.00039507482355999297
RAPSN	0.00039487963957043036
MIR4797	0.00039475595923236986
PRSS38	0.0003942987906833797
CTC-498M16.2	0.00039415092763335914
RP11-80B9.4	0.000394079758310513
SLCO1C1	0.0003940595201288604
RP11-1134I14.6	0.00039404754415541584
RP4-813D12.3	0.0003939791321351618
KRT28	0.0003938618826928288
RP11-18M17.1	0.0003938557484625353
RP5-837J1.1	0.0003937745893399418
RP4-714D9.2	0.0003937349774803027
ACYP1	0.00039340253231850774
TREML3P	0.00039296002751446524
RP11-208G20.2	0.00039252678171012944
LINC01375	0.00039243418711664563
RP11-425D17.2	0.0003922489004397411
ZNF285B	0.00039199067847443385
LINC00930	0.00039197451074146557
C7orf61	0.00039181079413340734
LUZP4	0.00039165427778114
RP11-11C20.3	0.000391470584356122
LINC01221	0.00039135524253018736
RP11-674I16.1	0.0003913253125056627
TEKT5	0.00039112779546126073
AC008074.4	0.00039112749911688537
CTD-2284J15.1	0.0003908590177634413
AC037445.1	0.00039035084366455144
CWC25	0.00039031982265654323
RP5-1028K7.1	0.0003902455996142352
RP11-517P14.7	0.00039003316537679296
RP11-770E5.1	0.0003900294142016921
C2orf72	0.00038996925020693237
SRRM5	0.00038992322234745753
AC079781.7	0.0003898225318569138
NXPH4	0.00038968395416867483
Y_RNA	0.0003895043813606966
KHNYN	0.00038943419668908746
CTC-529I10.1	0.00038938726284922247
AC007255.8	0.00038930173615601786
RP11-483P21.2	0.0003891330385275944
CTD-2530H12.8	0.00038912045946451175
RP11-266I3.1	0.0003891190605175213
NIFKP1	0.0003889352278831692
RNU6-33P	0.000388817852847927
RP11-133N21.10	0.00038874715850303627
RN7SL404P	0.00038873503136857416
RP11-69E9.1	0.00038841041271737693
RP11-182N22.7	0.0003882810330316077
RP1-40E16.9	0.000388280001667304
AP001625.4	0.0003880537666619924
LINC00520	0.00038787831749388386
TMSB4XP4	0.00038765272165775715
RP11-178L8.5	0.00038763436965669104
CTD-3075F15.1	0.00038714580508261546
RP11-248M19.1	0.000386845689727212
FIG4	0.00038684545247622573
RNU6-288P	0.0003868245109062204
RP11-20B24.6	0.00038633488099661074
RP11-140I16.3	0.0003860156105047321
Y_RNA	0.00038584621610599727
BLOC1S2P1	0.0003857825530340102
RP3-430A16.1	0.00038542175791961985
RP11-420N3.2	0.0003853766937276161
RP11-498J9.2	0.0003853567434048366
RP13-539F13.3	0.00038528638302320824
KRT77	0.00038528019266600505
RP11-188C12.3	0.00038527936657894296
AC073091.2	0.0003852271740478232
RP11-346C16.2	0.00038517896374562027
RP11-121G22.3	0.0003846304211345264
RP11-25E2.1	0.00038460922202756013
RP11-210K20.5	0.00038457466686984526
RNU4ATAC16P	0.00038447659888671493
RNU1-47P	0.0003844046039679139
SOX11	0.00038436020177965753
RASAL2-AS1	0.0003842906480112115
AC010492.2	0.0003842115268840383
VDAC2P1	0.0003841271049125153
RNU6-307P	0.0003839674695669682
STON2	0.0003839624944471942
NDUFA5P6	0.0003837340886280674
AC055866.1	0.0003835929936809718
LINC01583	0.00038313152740805477
RP3-432I18.1	0.00038258211883962793
RP4-738P11.3	0.0003823962975978532
RP11-573G6.9	0.00038218217911531027
LA16c-60H5.7	0.0003819193412443594
RP11-361F15.5	0.00038187575470718
MIR125B1	0.00038186912534216857
CCDC18-AS1	0.00038181490550701747
RP11-346C4.3	0.0003817926882405754
LINC00851	0.0003817258705342309
AC096921.2	0.00038158191675753054
RP11-404I7.2	0.0003813722785105325
RP11-402L5.1	0.0003811898784983284
MT-TG	0.0003811814548091436
PYGO2	0.00038117838777811184
ADAM30	0.000381088958909942
RPL29P12	0.0003810774344368076
AL133243.3	0.0003808093137909402
RP4-758J24.4	0.0003804344815489263
SOCS5P2	0.0003802567355945044
ADAM21	0.0003802043002220948
PHF2	0.0003797301132909356
SCGB2A1	0.00037971110823188995
SPDYE19P	0.0003793190698502757
RP11-88I18.2	0.00037911679700327656
RP11-145H9.3	0.00037910603805084783
DPP3P2	0.00037902454706040234
RP11-572C15.3	0.0003789891907912157
KRT75	0.0003789364955060876
MIR643	0.00037852055658137764
RP11-345J4.6	0.0003784539595608946
RNU6-1201P	0.00037840529861776697
RP11-436M15.3	0.00037829689639856234
GS1-39E22.2	0.0003779095754110986
HMGB1P25	0.0003779083056487295
AC011551.3	0.0003777584711310992
RP1-104O17.3	0.00037757510652374913
RP11-690G19.4	0.0003774895106916565
LINC00575	0.0003772523300890317
SPPL2A	0.00037723208650063963
CH507-513H4.6	0.000377148300702304
RP11-956J14.1	0.00037699957377242257
H2AFZP5	0.00037692493887771364
MIR7156	0.00037671678869429594
RP11-295I5.3	0.0003766484376764699
COMMD3-BMI1	0.00037643206787261985
RP4-704D21.2	0.0003763678512394201
CTD-2290C23.2	0.00037590306680599956
RP11-474P2.7	0.0003758352341346608
RP11-259K5.2	0.00037576760040057295
AC104777.2	0.0003756229554857189
LINC01532	0.0003754234976907218
PF4	0.00037541684994265255
SNORA2C	0.00037533175898312165
OTOR	0.00037524589711204054
LINC01441	0.0003748998924583227
RP11-210K20.2	0.00037482344801304803
MYCNOS	0.0003748077739213753
VN1R80P	0.0003745894951941201
BCRP6	0.0003745579432462619
WSCD2	0.00037450993597594435
RNU6-813P	0.0003744147988200368
RP11-697E14.2	0.0003742564106768193
CTC-344H19.6	0.0003741833847124371
RP5-855F14.2	0.0003738425600585936
RP11-285A1.1	0.0003737133909883169
RPL32P3	0.0003736698153145406
RP11-141B14.1	0.0003735620325390199
AF230666.2	0.00037349894962814245
BANF1	0.0003734881074452554
KB-1183D5.13	0.00037345643582077393
RNU4-23P	0.0003733668366051246
CCDC70	0.0003730494494298
MTND4P12	0.00037246861271862544
PSMD6	0.00037246728375502075
AC004453.8	0.00037210769729014055
RP13-379L11.1	0.0003720792363024955
RP4-607J2.1	0.00037197838479190886
SNORD88A	0.00037183514906758005
Y_RNA	0.00037155051142020995
RP11-753A21.1	0.0003713970942554755
RN7SL413P	0.00037129673311868183
SLC25A3P1	0.0003712766612327419
NEK4P2	0.00037105987267419416
AC024560.3	0.0003709426560657655
RP11-421L21.3	0.00037090434781573305
RP11-230F18.5	0.0003707902824140868
MIR5093	0.0003707474080856374
AC091729.7	0.00037052140201167114
STK38	0.0003703803719097112
RP11-144I2.1	0.00037030529212788007
SNORD3B-1	0.0003700180425071138
AC010240.3	0.00036989624928774034
MIR4733	0.00036979924421518836
CTD-2135D7.5	0.0003697053584579084
CH17-408M7.1	0.00036925470907122227
CTD-2651C21.3	0.0003691162574609422
SMIM18	0.00036906535358143807
HCG20	0.0003690236299939604
RP11-54A4.2	0.0003689204014461273
RP4-576H24.2	0.0003684513032370295
ZNF75BP	0.00036839553880977857
RP11-368M16.8	0.0003683247284098392
MAP3K1	0.00036793062934611253
RN7SL498P	0.0003678580690741097
DEFA4	0.0003678310307939804
ZNF234	0.0003678101027714637
PPIAP7	0.000367781354320592
ZNF804B	0.0003670960578918031
OR1F2P	0.00036681380620936594
HIST2H2BD	0.0003666516579372419
LINC00315	0.00036648312562562516
RP11-794C22.2	0.000366440013268961
RNA5SP441	0.0003663793757682097
RP11-345J18.2	0.0003661830506744785
RP11-12M9.4	0.0003660178357934517
CTB-134F13.1	0.00036579912981934916
FRG2HP	0.00036558476477044913
SCN10A	0.000365548506768983
RP11-174G6.5	0.0003655455605417875
PNPT1P1	0.0003655238867392694
RP11-191H23.1	0.0003654779603923997
ANKRD18DP	0.00036541503586245223
Y_RNA	0.00036538544353351745
RP11-274M17.2	0.0003652733365593188
MIR6772	0.0003652502550342416
GATAD1	0.00036471668213239626
LINC00428	0.00036448778623054024
RP11-90E5.1	0.0003641676597340169
NOC2L	0.00036414186890918257
Y_RNA	0.0003640809441696755
ZBED6CL	0.00036406765100090746
AC087350.1	0.00036361871744238774
AC073464.11	0.000363253348637669
SNHG15	0.0003631966404840879
RP11-5P22.3	0.00036309536232447795
RP11-429P3.5	0.00036300433097392437
RNU6-514P	0.00036298942075718775
RPL23AP81	0.00036290635306619924
RP11-746P2.5	0.00036264601129703156
ZNF354C	0.0003624506939092955
AC114730.3	0.0003624452293643458
MEP1AP4	0.00036241196282558937
RP11-587H10.1	0.00036228521752590615
TRAM1L1	0.0003621682754199493
RP11-395N3.2	0.00036210247005854173
RP13-766D20.4	0.0003620428565850749
RP11-568J23.4	0.00036201451358799133
WBSCR28	0.00036178721170260366
RP11-277K23.1	0.0003615569185798116
RP11-666A20.4	0.0003615342000781973
RP11-810P12.1	0.00036133690604806397
GS1-25M2.1	0.00036095211675329187
AC073283.7	0.00036094935853463064
RPL7P14	0.00036059303428310856
U51561.1	0.000360296353198388
RN7SL416P	0.0003602084383656037
RP11-229P13.22	0.0003601994757629873
RP11-578C11.2	0.0003601437901640638
RP5-1107A17.3	0.00036004243181975826
RP11-582J16.4	0.00036000795008697423
MIR5096	0.0003599979278291374
RP11-389C8.1	0.00035990768552565834
RP11-669N7.2	0.0003596796865889947
RP11-386G11.8	0.0003594227493690307
OR1G1	0.00035923800911918084
CXCL2	0.0003592291924014805
RP11-123C21.3	0.00035919869295198786
RP11-321F8.4	0.0003591274241839998
CTC-320C6.1	0.0003590083508011334
CTD-2026K11.2	0.0003588276033091599
ARPIN	0.0003587298811519375
AC064850.4	0.00035836396369177904
RP11-139K4.2	0.00035813176205617416
RP11-582E3.4	0.00035810115199458396
RNU6-390P	0.00035788319936806115
MTND4P16	0.0003576272178947193
RP11-415J8.5	0.0003574783048150528
RP11-455F5.3	0.0003571416744929458
IGHV3-37	0.0003567412570721525
GCNT7	0.0003564343628046869
RP11-203M5.2	0.00035628794997406144
RP11-540O11.7	0.0003561149499382923
RP4-745E8.2	0.00035608426522296615
RP5-894A10.6	0.0003558003372411583
RPL21P9	0.00035564186294561527
MIR6807	0.00035544145961697964
AGAP13P	0.0003549904032942381
RP11-498M15.1	0.0003549079008268028
LIPC-AS1	0.0003544008825907284
RP11-564P9.1	0.00035433989773206426
RP11-421E17.4	0.0003539120091169857
HAUS3	0.00035377930636303637
KCCAT211	0.0003531853991351628
RPL7P41	0.0003524629542368173
LINC00477	0.00035244819762392086
GABPA	0.0003522410928376017
RP1-319M7.2	0.0003521504680634298
URAHP	0.00035175431193491997
VN1R2	0.0003512614667441161
ZCCHC2	0.00035097292512423624
IGHV6-1	0.0003504163798511272
AC087392.1	0.0003501133698302718
CTD-2345H1.1	0.0003497260382126605
MRPL50P1	0.00034953339359229923
RN7SKP95	0.00034892020495811224
RP11-156K13.3	0.00034843515371535763
RP11-479O9.3	0.0003484032416485793
CTC-539A10.7	0.00034789593506888986
RP11-116O11.2	0.0003478015332974351
RP11-400F19.18	0.00034774353940315275
DEFA3	0.00034747318381958157
MIR4742	0.0003474656288890037
PIGCP1	0.00034732680861569736
RNA5SP159	0.000347300808865045
RPL35P9	0.00034724070353231527
RNU6-724P	0.0003471514933369965
RP11-887P2.3	0.00034714639933329706
DDX23	0.00034704784586948444
SNORA38B	0.0003470023818859995
RP11-572M11.4	0.0003466024225092873
DEFB4A	0.00034658885689756494
RP11-395G23.3	0.00034649960453520657
RP11-400F19.8	0.0003464982740717498
RP11-710E1.2	0.0003463281277472169
FOXC2	0.0003459109609956392
RP11-8P11.4	0.00034544544102216773
RP11-315I14.2	0.000344960702045807
TUBAP	0.0003449102622883783
RP11-611O2.2	0.0003448756937121647
ADSSL1	0.0003447618931336692
RP11-875O11.3	0.0003443221350100011
SNORD37	0.00034404989344128837
RP11-147G7.3	0.00034396727527699774
Metazoa_SRP	0.0003436620982943408
PRKCQ-AS1	0.0003436036715916099
RP11-658F2.8	0.0003435916989690875
ALKBH1	0.0003433839319698689
IMPDH1P11	0.00034332212560396654
ZNF665	0.0003432490466921562
GSTTP1	0.00034295838078538465
RP11-471L13.3	0.00034291355810207435
LINC01546	0.00034278900542626553
E2F6P4	0.00034267731646944635
RP11-395L14.18	0.00034263823042256176
PRDX2P1	0.00034261518610716
XXbac-BPGBPG55C20.3	0.0003423040437105686
RP11-12A16.3	0.00034207139338950044
LINC00864	0.00034203196971341717
EMC7	0.00034200518361836323
RP11-386G21.2	0.0003418546134158192
CTD-2130F23.2	0.000341668191458721
RP11-96L7.2	0.0003415226992776473
VN1R67P	0.00034144962176181973
RP11-481A20.4	0.0003414217799898626
HBEGF	0.00034127285681438674
RP5-855D21.2	0.0003410875691737676
CLCP2	0.00034081990265762043
RP3-468K18.7	0.00034050809550719634
EEF1A1P40	0.0003404113658063768
C17orf107	0.0003404054467416336
RP11-366H4.1	0.0003401700297694118
Y_RNA	0.0003400661863436363
RP11-503C24.6	0.00034002111940351234
ZBTB8OSP1	0.0003399983327697289
AC073342.12	0.0003398426012022712
RNU6-733P	0.00033976617820933653
RP11-429A20.3	0.0003397342773191793
TBC1D3B	0.00033967488133199636
DNAJC18	0.00033923945650133627
DCLRE1B	0.0003391365721695297
NRBF2P2	0.00033897167723883937
AC004870.3	0.00033877905247563364
MUC22	0.00033871350643506314
HEY2	0.00033867623028784494
HMGB1P31	0.00033858132103787024
RP5-859D4.3	0.0003384549885070407
WDFY3-AS2	0.0003383906587915646
CTA-246H3.12	0.000338176367908757
LRRC37A15P	0.00033809531188804556
MIR5692C2	0.0003377967841806022
CTC-360G5.9	0.000337441055314293
RP11-54I5.1	0.00033731484502817034
MIR3189	0.00033721535772072303
RP11-28G8.1	0.0003370935409235442
PAGE2B	0.00033687629886417115
RNU6-519P	0.0003366455953503556
ME1	0.000335890714343748
CTD-2503O16.4	0.0003356167709133296
LINC00508	0.00033549348057770537
PRPF6	0.00033542110364706025
FAM86HP	0.00033532570531484297
RP4-676L2.1	0.0003352463003269038
INHBC	0.000334854669989121
LINC00488	0.0003346211415285444
CD1A	0.00033441467480149273
RP11-195F19.9	0.0003343866682604859
KRT2	0.00033426064729224353
SLC25A24P1	0.0003342384310899756
CTD-3229J4.1	0.00033372385911869303
RP11-923I11.5	0.0003335877648049493
RNU7-115P	0.0003335396202930156
CTD-2517M22.9	0.00033351616984609493
RNU1-133P	0.0003334572667710465
SYNGR4	0.00033341231296386847
AC104135.2	0.00033339918444239865
RP11-276H1.2	0.00033324782850148297
MKX-AS1	0.00033311078706945834
RN7SKP23	0.0003330605166917339
RP11-115M14.1	0.00033278396844800155
RP11-466A19.5	0.0003326976323405242
RP4-697K14.3	0.0003326319446553377
MRE11P1	0.00033239634712262307
Y_RNA	0.00033221558120209775
RP11-324J3.1	0.00033197932042936705
HLA-K	0.0003319200535022006
RP11-360I2.1	0.0003318389101110018
CST2	0.00033171028423230347
ARL2BP	0.0003316665752627486
RP11-324O2.3	0.00033160428958717167
RP11-286O18.1	0.00033157564670262154
MIR548L	0.00033126541573645803
CTD-2089N3.2	0.000331153808761469
CTD-2527I21.5	0.0003310618546208271
PGAM1P9	0.0003308540012725023
GMPSP1	0.000330760416395716
RP11-497H16.9	0.00033016381632327934
CLEC3A	0.0003297559271504485
SNORA63	0.0003293372290945318
TMEM257	0.0003288186812994619
AL132709.1	0.00032873320653061065
CTC-137K3.1	0.0003286050504025366
COX4I1	0.00032853484240646377
CTC-459F4.5	0.0003284201287241728
SPDYE21P	0.0003280312304109643
RP11-310E22.6	0.00032792905340590917
AP000577.2	0.0003279103444363214
RP1-127B20.4	0.00032781996588835034
RNU6-904P	0.00032780086188430123
RP11-467J12.2	0.00032772507012539666
ENHO	0.0003276328354392358
USP32P2	0.00032761331169916863
PTH2	0.0003276064479250259
ACTG1P16	0.0003269924532248134
EID1	0.0003269879845757004
AP000477.2	0.0003263677666893844
RP13-16H11.5	0.00032612360712772515
Y_RNA	0.0003251740284421942
CTD-2213F21.4	0.00032515501961973594
FXNP2	0.00032510877902632327
RP11-158M2.6	0.0003249183267658898
RP11-420A6.2	0.00032484791487528817
RPS3AP38	0.0003244534714135099
AC013463.2	0.00032442193268978915
JMJD7	0.0003242974261470614
RP11-401P9.1	0.0003238435503928752
BCKDHA	0.0003237149375183128
RP11-285G1.2	0.00032342742386512024
AC093609.1	0.00032332812046668183
HTR3D	0.00032324661165355004
MST1P2	0.000322995562037675
RP11-25I9.3	0.00032294430601470525
DNAJB11	0.0003226467168796858
RP5-1061H20.3	0.00032243446410623215
RBM33	0.00032237395537086135
RPL13P12	0.00032231425227254517
PGAM1P4	0.00032216798710669125
CTC-459F4.7	0.00032205254725523795
AC104809.4	0.0003218256585881127
LCE5A	0.0003216704337838919
RNU6-678P	0.0003214837052015856
MIR421	0.000321011750630589
TFAP2E	0.0003209192624430914
SCRG1	0.00032086568642625875
IGSF10	0.000320678976892377
RP11-260G13.1	0.0003206167987002198
MED28P6	0.0003201817501003366
ZNF709	0.0003199153439561974
AP001619.2	0.0003195562224456281
IGHV1-14	0.0003189926636894298
LINGO1-AS1	0.00031895775507448116
AC104534.2	0.0003189321626324187
RP11-726G1.1	0.00031879875136226827
RP11-544A12.8	0.0003186479986306939
ATF4P4	0.0003184016514592836
ENDOU	0.00031834983803240253
PSMA6P2	0.00031817522416820816
RNU6-57P	0.0003180056320570182
AC003104.1	0.0003179641845225229
RP5-1050E16.2	0.00031795232759330777
CTD-2049O17.1	0.00031789525377947183
RP11-130F10.1	0.00031768549595564705
LINC00658	0.0003176358084068005
AC093381.2	0.000317423276949095
RN7SL292P	0.0003173141910100457
SLC9A3P2	0.0003171681360399534
RP11-145E17.2	0.0003171480789173067
MNX1-AS2	0.00031701611362314197
RP11-342M3.2	0.00031681427588423316
RP1-102G20.4	0.0003165535923389905
PNMT	0.00031650622981048524
MIR1224	0.00031643693374872766
SYNDIG1L	0.00031636864798435083
STEAP3-AS1	0.000315725806097137
RP11-452L6.6	0.00031526832102560156
U51244.2	0.00031526101754765447
SNORA19	0.0003150792446636246
CTD-2410N18.5	0.00031502981692883164
Y_RNA	0.0003146548492598834
AC062021.1	0.00031429141534173124
RP11-267M23.6	0.00031426494550241315
CTD-2299I21.1	0.00031412229464600704
RP11-253I19.4	0.0003139454338580695
RNA5SP268	0.0003139083787600788
RP11-15B24.3	0.0003138751301001123
ADAM21P1	0.0003134716005636658
RP11-373E16.1	0.0003134165125429522
DPRXP2	0.00031314521587351044
C8orf82	0.0003130769651022133
RNU6-485P	0.00031306521864369935
UBA52P5	0.00031305105995411574
RP11-30L15.6	0.00031298528185547884
RP1-179N16.3	0.000312797284376332
Y_RNA	0.00031249586241401524
CTD-2302E22.6	0.000312109425723703
FTH1P3	0.00031205783986989187
RP11-471J7.1	0.0003117637553187469
CTD-2171N6.1	0.0003116937212006424
SERPINA10	0.00031169030162863303
BSX	0.00031154093845917497
LCE1C	0.0003115248152131068
LA16c-380H5.5	0.0003114341076041745
HCCAT5	0.00031082952458721307
MIR4764	0.00031079965761113493
CTD-2020K17.4	0.0003104702554474132
CSN1S2AP	0.000310134576682296
RP11-927P21.2	0.0003098806201310281
LINC00235	0.0003098201005841462
RP11-287D1.2	0.00030966513785402505
RN7SL502P	0.000309475389777622
AC008759.1	0.0003091380991255155
RP11-314P15.2	0.0003090305836432108
RP11-112L6.2	0.00030892466361861137
RP11-1029J19.2	0.0003088667273854169
CTA-440B3.1	0.0003087815207326227
LINC00570	0.00030872809496316
RP11-399K21.14	0.00030862885908580827
NEUROD1	0.0003086073440242315
MIR3159	0.0003084386070804058
SLFNL1-AS1	0.00030825039028484257
RP11-154H12.2	0.00030808529460846256
RP11-147L13.11	0.0003079988377089009
RP11-521C22.2	0.0003076576724140064
AC114814.3	0.00030756105558433686
RP11-386I8.5	0.00030747554097327896
RP11-720L2.2	0.00030743282743035823
RP13-631K18.2	0.0003074008931363245
CTD-2540L5.9	0.0003067732992120487
RP11-556G22.3	0.00030675756674929946
CTD-2192J16.11	0.000306738451612661
CELSR3-AS1	0.00030642943929434405
AC016907.3	0.00030627036593614915
CTD-2206G10.2	0.00030613780756820816
GHSR	0.00030582143483478115
RP11-348M3.2	0.00030581718922115643
EEF1E1-BLOC1S5	0.00030579892570294987
MOB3B	0.00030567728059617517
RP11-15F12.6	0.0003056047803618038
CD177	0.0003055276193003044
KRT8P48	0.00030540305934146733
RP4-562J12.1	0.0003053227998489589
MIR3649	0.000305192320934988
CGB5	0.00030501025391916286
NLGN4Y-AS1	0.00030482694730692194
GAPDHP67	0.00030481961584002883
HARBI1	0.0003045579216546478
SNX18P1Y	0.00030449296747211534
MIR5191	0.0003044350321390794
LINC01191	0.0003038289917216678
RNU6-3P	0.00030371101874033027
CD177P1	0.0003032009932506824
RP1-34B20.4	0.0003027593949592679
CTD-3236F5.1	0.0003026899737781279
HMGN1P11	0.00030219555931357533
TOMM7	0.0003019027808632157
RP11-113I24.1	0.00030188876721299533
RP11-56B16.1	0.00030178569128031115
RP11-256L6.2	0.00030177506359041885
RP11-162D9.3	0.00030173699029639966
AC017074.2	0.00030168840903309715
CECR3	0.00030163633138538933
MIR5195	0.00030119747021420087
ZNF587B	0.00030115740724450253
RP1-76B20.11	0.000300699414051773
RP11-730K11.1	0.0003006450816190184
LURAP1L-AS1	0.0003004009238648272
LNX1-AS1	0.0003001124705566763
SNORD72	0.00030000863056259047
NACAP1	0.00029995188948869886
ZNF100	0.000299829900316143
CRYBB2	0.0002996208821089024
CTD-2015C24.1	0.00029953056834530707
ADGRG7	0.00029938604826628546
LINC00237	0.0002991671802537119
RP13-39P12.3	0.0002990665521069238
FAM25G	0.0002989038659472487
FAM157C	0.000298872250364438
DPY19L1P2	0.0002986051605991245
RP11-269C4.2	0.0002983868648849749
RP11-1006G14.5	0.00029787552496932443
GPR1-AS	0.0002975863044322528
AC114803.3	0.0002974988811493183
RP11-250H24.7	0.0002973023507987358
TBX10	0.0002970442683384046
MIR151A	0.000296597117912048
SNORA53	0.0002963180983771359
RP11-335L23.4	0.00029627273731406406
AC017035.2	0.0002961194555027488
GAPDHP21	0.0002959810798577235
RP11-17M24.2	0.0002958466885161809
RP11-479J7.2	0.00029540688207477597
ZNF354B	0.00029530736683855137
ZHX2	0.0002951347015018014
PCBP2P3	0.00029512612097781516
RPS2P44	0.00029503609723288525
RP11-759A24.1	0.00029487915683701213
UPF3AP2	0.00029463958288692153
MIR30E	0.00029451749546087247
RP11-44I10.3	0.0002944176417471586
IMP3	0.00029423131868448526
AC069499.1	0.00029398688320290744
KB-1410C5.1	0.0002939192531196359
VN2R17P	0.00029384850483839004
RP13-49I15.6	0.0002937454735085313
MRPS6P2	0.0002936258869193981
NDUFA6-AS1	0.0002935328255502057
RN7SL211P	0.00029311523140013645
REXO2	0.0002929549532551034
ZNF622	0.00029264651651949604
ADAM20P3	0.00029252353074461323
IFNL1	0.0002924313847955423
CTD-2014B16.3	0.00029238509033045187
MEA1	0.000292338862545418
RP11-930O11.3	0.00029195386873704315
RP11-90P5.1	0.00029187072521983797
LINC01468	0.0002916873009782599
MIAT_exon1	0.00029167322322650233
RP11-47A8.5	0.000291412283198654
RP11-357K6.3	0.0002913612981285419
SNORA40	0.0002912518499191769
CITF22-49E9.3	0.0002903039430161391
THAP12	0.00029029609558545394
FAM3C	0.0002902808330643818
RP11-82H13.2	0.00029025517778455645
IGFBP7-AS1	0.000289971911368503
LINC01233	0.00028963590983186
RP11-110G21.2	0.00028962310800734106
RP11-255M2.3	0.0002895750609702903
RP4-752I6.1	0.00028941043751601304
RP11-333A23.4	0.00028929662769949387
CLIC1P1	0.00028913135858463955
OR9N1P	0.00028909937984457037
SPATA16	0.00028892715252147334
RP11-358D17.2	0.00028877980791363743
RNU6-1272P	0.0002885023145469698
Y_RNA	0.0002879539365635314
Y_RNA	0.00028730295680929875
RN7SL277P	0.0002872494826302584
RP11-15I11.3	0.0002871339433333687
RN7SL708P	0.00028691816507624547
PIEZO1P2	0.00028665840083613877
RP11-382N13.3	0.00028638710738700796
RP11-448P19.1	0.0002863243116668851
KB-1208A12.3	0.00028618716973254505
RP11-495P10.6	0.00028618361546568663
RP11-263C24.3	0.00028612617983578666
Y_RNA	0.00028606956548164595
COX7BP2	0.0002856838521676852
RP11-572B2.1	0.0002854740052731442
ORAI1	0.0002854099664417533
LA16c-321D4.2	0.0002853519845247591
TNRC18P3	0.0002851507027804843
TUBAP2	0.00028453322669225075
RP11-844P9.5	0.0002844945015441329
HSD3B2	0.0002844102527256124
CTD-2218G20.1	0.0002843664604589915
RP11-609L3.1	0.0002839680873396184
POLR2J4	0.0002835408419276964
MIR7155	0.00028352825927780383
RPL7P49	0.0002835140886000674
AC097721.2	0.00028348870643539996
CH507-9B2.4	0.00028339681603744817
RP11-39H3.1	0.00028334462454895985
FLG2	0.00028316638851663207
AC006116.21	0.0002829775096778143
MT-TW	0.00028265061946165825
RFXAP	0.00028258626124210253
PCDHGA4	0.0002823685166867167
RP11-44D5.2	0.00028229540950696426
RBM48P1	0.000282294437446266
OR52L1	0.00028225551250576615
AC074367.1	0.0002821465721832392
MIR634	0.0002820502019724
RP11-272L13.2	0.00028196514537840047
RP11-528G1.2	0.0002819304501175034
RP11-151F5.2	0.0002819152524968247
HMGB1P9	0.00028168952603480405
RP11-153M7.5	0.0002816543041779526
FAM138E	0.0002815823130011582
RP11-96B5.4	0.0002815223726201324
RNA5SP456	0.0002814055654273437
SNRPGP17	0.0002810115446320517
RP11-114F3.5	0.00028097206231607775
RP11-83B20.6	0.0002809412883581491
RP11-372B4.3	0.0002809028195099272
RPL7P28	0.0002808431467707718
KHSRPP1	0.00028073586236759845
DDX55P1	0.00028059977150900797
RP11-399E6.1	0.0002805044345297674
AC073842.19	0.0002803978111756004
AC006539.3	0.0002803898906841011
THAP12P1	0.0002798642623204175
EPHB4	0.0002794865485260706
RP5-994D16.11	0.0002793418722592947
RN7SKP197	0.00027907143755339866
AL135745.1	0.0002790068349496318
LRRTM2	0.0002789799557835274
RP11-414C23.1	0.00027883770715080676
FDX1P1	0.00027875727527397996
NDUFB6	0.0002787216764644115
MIR548P	0.000278363901077685
LINC00485	0.00027834098819518857
OR52A5	0.00027831758412417317
RP11-643G16.3	0.0002779641783539974
NLRP2B	0.00027790551750852936
CTD-2034I21.1	0.0002771818127568063
RP11-103C16.2	0.00027716173942912464
ZNF680P1	0.00027711023273323
LINC01522	0.0002771006521655972
DDX39BP1	0.0002768703837146578
RP11-996F15.5	0.00027667035046398614
RP11-549J18.1	0.0002762636651082727
AC018712.2	0.0002762612945454405
HNRNPAB	0.00027615418975662873
RP11-541F9.1	0.00027609274177011687
SMG5	0.0002759947448769876
MIR379	0.0002759267486348921
RP11-745C15.2	0.0002759228187964461
MIR3617	0.0002756616793640621
SNAP23	0.0002756450454351958
RP11-382D8.3	0.00027545064868766435
KB-1572G7.4	0.000274917784713615
GS1-21A4.2	0.00027488968176027974
AC026188.1	0.0002748141423152862
KRT18P4	0.00027472341850956115
AP006285.2	0.0002746511103120478
STIM1	0.00027425881637205176
RP11-293G6__B.8	0.0002742383620485819
RP11-338E21.2	0.00027422444561903776
GTF2H2B	0.0002738786217665859
Y_RNA	0.0002735437919400222
C1orf234	0.000273334081035336
RNU4-87P	0.00027319625187261534
POU5F1P5	0.00027314908100340416
AC079807.2	0.00027289572692567227
BCAM	0.00027271289800289816
RP11-495P10.3	0.0002726727689971739
SDAD1P3	0.0002721431884794184
IGHV1-58	0.00027203102195537073
RN7SL711P	0.00027186334139224353
AP000281.2	0.0002717786224750727
LSM1	0.0002715028368762489
LINC00567	0.00027142968382544755
IFIT6P	0.0002713598003298843
RP11-486B10.3	0.00027129830528660687
CTC-575N7.1	0.00027128524062251016
RNU6-188P	0.0002710145474686996
USP9YP3	0.0002708159941287075
Y_RNA	0.0002703264548732498
LINC01034	0.0002701264984459849
RN7SKP257	0.00026940573026421516
RP11-244N9.4	0.00026904578252187264
RNU6-1340P	0.0002688563675267979
uc_338	0.0002687208018841164
TAS2R19	0.00026848615253639196
FGF12-AS2	0.0002684144838732196
S100A10	0.00026815205097423966
RP11-30P6.1	0.00026808862746941013
LINC00533	0.0002679867174356905
RAD51AP1P1	0.0002677466572409896
CTC-756D1.1	0.0002676959534388897
RP11-236L14.2	0.00026733965152467455
RP11-331G2.6	0.0002672654354410825
AC005077.8	0.0002672533657702495
RP1-102G20.5	0.000267187984755502
TRPC5OS	0.00026717894184523323
AP000320.7	0.0002670943370309526
RP11-400F19.12	0.0002668238165045992
PFN1P11	0.00026682218230897337
RP11-5N11.6	0.00026662822461985444
RP11-399J13.2	0.0002666217624696915
CTD-2199O4.4	0.00026661979419591346
HCG17	0.00026619200897558807
AP005135.2	0.0002661183311950212
RP5-1142A6.10	0.000265993845416458
RP11-182J1.12	0.0002657161275112202
RP11-894J14.2	0.0002656615566749694
RP11-243J16.8	0.00026553882977511944
BOP1	0.00026539576240471377
HNRNPRP1	0.0002650767341552178
TAS2R15P	0.0002645971837663518
TBPL2	0.0002644398843241789
LURAP1L	0.0002643730424317389
RP11-797H7.1	0.000264037847631595
RP11-111D3.2	0.0002636310606695399
RP11-247I13.6	0.00026346001407590323
RP4-668J24.2	0.00026243047836852564
NR2F2-AS1	0.000262369067699964
RP11-767L7.1	0.0002617068536969528
SPTLC2	0.0002616939286536214
IGBP1P4	0.0002616917855926524
RP11-272P10.2	0.00026160892224803275
RNU4ATAC18P	0.0002615024740119809
MTCO2P22	0.0002614901109682986
HIPK1-AS1	0.0002612199144840544
TUBBP6	0.0002609030055849334
RP11-185E8.2	0.0002606971631760118
RNU6-610P	0.0002602314254676898
ANKRD20A19P	0.0002600261375942565
HTT	0.00025987286610500853
UBE2SP2	0.0002594629165831639
RNU6-212P	0.00025877495368748063
RP11-473E2.2	0.0002585471334760423
RP11-895M11.3	0.0002584633968042124
SNX6P1	0.0002577399518073494
RN7SKP9	0.0002573527967776815
RNU1-1	0.00025701384661517244
RP11-355F16.1	0.0002568918805041627
IL10RB-AS1	0.000256852543116272
RN7SL414P	0.00025660608329795235
COX5AP2	0.00025659769085621345
LXN	0.0002564801730342005
RPS15AP1	0.0002560977305854638
RPSAP20	0.0002560307693737598
RP11-65D24.1	0.0002559181687141425
GBX2	0.00025581685972270103
SP5	0.00025571481747043383
RP11-354E23.3	0.00025562742213945753
LYPD3	0.00025541983852940813
HRAT92	0.000255397434804501
RP11-454F8.2	0.0002550879587606609
NOP10	0.0002550765863555528
LINC00710	0.0002547947149768335
OST4	0.0002547608662352575
CTD-2373J6.1	0.0002546685633000073
RP4-657D16.6	0.00025428963258656613
RP5-849H19.2	0.0002540696473742536
RP1-59D14.8	0.0002535337093202173
RP11-263K4.5	0.0002531730029738389
RP11-572N21.1	0.0002530562326216176
KRT71	0.0002527329731042054
RP11-767L7.2	0.00025266857581554976
RP11-735A19.3	0.000252583455721816
ZNF708	0.0002520442174090829
RP11-996F15.6	0.0002517913184437703
AC142293.3	0.00025155270751730786
RIPPLY2	0.00025149791458408587
RP11-686G8.5	0.0002514828197386997
OR1A2	0.00025133001461300305
RP11-43P5.1	0.00025128664367664213
CTD-2123J17.2	0.00025109491350233025
CTC-360G5.8	0.0002508289131887952
NHP2	0.0002507153492241446
TBC1D3J	0.0002506199751925803
RP11-702L15.4	0.00025038015781792114
MRPS21	0.0002499951236398446
RP11-504P24.3	0.0002499454822546908
RP11-654E17.2	0.00024978099848348265
RP11-824M15.3	0.0002495424986887526
RN7SL163P	0.0002494689434844291
CTC-526N19.1	0.0002494037201878122
NBPF11	0.00024922537074532225
FGF10	0.00024911108074570596
AC111155.1	0.00024908144667065257
MRPL20P1	0.0002490238606114311
RP11-466P24.6	0.0002488472062968703
CDSN	0.0002487145434760611
RP11-190A12.9	0.0002483329801776769
RP11-506O24.1	0.00024811824605643247
MIR378G	0.00024800919063245713
RP5-1049G16.4	0.00024797303267982414
C20orf78	0.0002475564691045344
C2orf48	0.0002473259191874599
BCRP9	0.00024725456498782955
RP11-571E6.1	0.0002471769211524052
GGNBP1	0.0002469899255559682
TRMT112P5	0.0002469728241586238
RP5-998N21.10	0.00024691626024467804
RP4-735C1.6	0.0002466198525960278
LSM3	0.0002466135852198833
RP13-650J16.1	0.00024621724121659945
TUBBP8	0.00024612472426826436
SNORA2A	0.0002461123141504129
KB-1027C11.4	0.00024594438862670384
SERPIND1	0.0002459208128148964
AC068057.1	0.00024556334450267196
RNU6-1095P	0.0002455560296136781
ZBED5	0.0002453928965784469
RNU6-1331P	0.0002453564444917483
RN7SKP179	0.0002451757210891552
RP11-230B22.1	0.00024508127454843305
RNU6-1333P	0.0002449271630639192
RNU6-1025P	0.00024458575849680987
CHORDC2P	0.0002445436492121398
RP11-90O23.1	0.00024416162296401545
RNU1-16P	0.00024409105169034704
AC118758.1	0.00024404986271413142
RP11-282K24.3	0.00024361095533326717
CTC-268N12.2	0.0002434756464332197
TSGA10IP	0.00024342142248049112
Y_RNA	0.00024335808367811074
ACTBP9	0.0002433291503481805
NOG	0.00024274606831720376
LCE1D	0.00024205012918042154
RN7SL733P	0.00024203889430202667
RP11-256L6.3	0.000241813955359196
HIST1H2AD	0.0002418106971781067
AP001171.1	0.00024167897710837915
RP11-216M21.1	0.00024160335729476955
UTP15	0.00024154163625166101
MTND3P25	0.00024147554207480204
CHCHD2P2	0.00024141707548683776
RP5-1053E7.3	0.00024138472558989118
RP13-122B23.9	0.00024070884834056507
FCF1P7	0.00024058077625999474
POPDC3	0.0002405778093645632
AKR1B1P3	0.00023994430741831606
AC007000.10	0.00023991542324174452
RP11-725G5.3	0.0002393714583694639
RP11-15E18.1	0.00023933252666721446
TADA2A	0.00023931810414115563
PTTG4P	0.00023931606065812828
U3	0.00023929192799985563
DDX56	0.00023906365641289303
RP11-394O4.3	0.00023888805539180077
GRIK1-AS1	0.000238802416871348
RP11-180M15.6	0.00023879482765090069
RP11-863P13.4	0.00023867415730791805
ZNF603P	0.0002385111713027008
MIR147A	0.0002385107393195206
CTD-2619J13.27	0.00023824313661722322
CTB-161M19.4	0.0002379493808500997
RP3-522P13.2	0.00023771494824917675
NAT8	0.00023743546033567868
RP11-131J3.1	0.00023723646362124653
AC104667.3	0.00023690260707687728
RP11-384F7.1	0.00023689771698150088
RP11-165H4.2	0.00023678349732338008
RP11-31E13.2	0.0002365979545088269
LINC00544	0.0002365611216667234
RP1-149A16.12	0.000236376479860548
RP11-444J21.2	0.00023585128024979305
AC012507.3	0.00023549129338956392
RP11-98O2.1	0.0002354217278172216
HCRTR2	0.00023449169329186302
RP11-346L1.2	0.00023444951939529816
RP11-206P5.1	0.00023434353579663672
HAND1	0.00023417759954155463
FER1L5	0.00023399772217944217
RP11-253A20.1	0.00023356060563696254
CTC-512J12.7	0.00023337477921120858
RPL21P122	0.00023320023634637946
snoU13	0.00023304114671009911
RHOF	0.00023276718954977091
RP11-474G23.1	0.00023276170858594088
RP11-1223D19.1	0.00023245745416636976
RP11-500M8.6	0.00023244109330901056
LINC01505	0.00023241954212970814
RPL23AP88	0.0002321829202454303
RP11-325O24.1	0.00023149053386439225
AC010150.1	0.00023110899697359886
SCARNA1	0.00023108736875970755
RPL13P4	0.00023101285241483214
RNU6-1174P	0.00023060417918634337
HES6	0.00023043925178059684
CTD-2216M2.1	0.00023025596736125494
SNHG21	0.0002302409762441933
RPL23AP67	0.00023012519429366104
RNU6-122P	0.00022984407419602903
LAP3P2	0.00022981139670253946
BCL9	0.00022977424358701143
TMEM81	0.000229600965973911
AC010761.13	0.00022954139998898176
CTD-3193O13.12	0.00022943104073290502
DUPD1	0.00022906774605462697
RP4-761I2.5	0.0002289821886439762
RP11-819M15.2	0.000228897976800716
RNU6ATAC	0.00022832270540571882
CTD-2545H1.2	0.0002275893117572681
IRS3P	0.0002274219985928793
RNU6-456P	0.00022740807101786833
ZIC1	0.00022689532574452984
CTD-2206N4.4	0.00022683240040363267
GAPDHP46	0.00022677931278041773
RP11-449J10.1	0.00022658928887257213
GPR50	0.00022644331960259377
RP11-363J17.1	0.0002263529983591624
RNU6-562P	0.00022623695193811557
SLITRK1	0.00022596611635165932
RP11-696L21.2	0.00022581515482346235
RP11-197M22.2	0.00022580362673997533
RNU6-86P	0.00022567571535450087
MTHFD2P1	0.0002256286638491656
AC003005.4	0.00022531869833056426
IL1RAP	0.00022520170972455708
AC015849.13	0.00022516517528338976
MTCO3P9	0.00022483797484280677
RNU6-190P	0.00022481510034322446
AC008067.2	0.00022476745635867818
OR7C1	0.00022464446821533524
RP11-598F7.3	0.00022451125145007356
CTB-22K14.1	0.0002243556010397877
S100A11	0.0002240256199832863
IGLV3-10	0.00022390963773601726
GLYATL1P2	0.0002238827697387047
RP11-21C4.4	0.00022377159893196362
RN7SL815P	0.00022370162389606757
RP11-432J24.2	0.00022347589126700095
RNU1-65P	0.00022325331164807302
RP11-109N23.1	0.00022323338339169175
ZDHHC1	0.00022294953665627992
RP11-334E6.3	0.0002229274089847981
TMEM8A	0.00022288950172428664
RP11-399K21.11	0.00022266673892896305
AC116614.1	0.00022266333789145763
CTD-2515C13.1	0.00022257164048007568
AC073072.1	0.00022234926451735124
AP000350.6	0.0002222591203495994
LRRC37A13P	0.00022208102840999986
PGAM1P12	0.00022170673666151988
AP001136.2	0.00022130232204188807
RP11-618N24.1	0.00022109634439023814
RP11-302F12.3	0.0002208913191652055
SNORD113	0.0002208141119697921
CTB-1I21.2	0.00022069207606670646
RP11-439K3.3	0.0002205206374274706
RP11-280H21.1	0.00022044394899733635
RP11-15I11.2	0.0002203038257669205
DDX18P5	0.0002202666601918079
MIR6870	0.00022010909387856756
SNRPGP5	0.00021991820412591755
DLEU7	0.00021982866598321463
LA16c-381G6.1	0.00021957667572082115
RP11-358N4.6	0.00021928018793886353
CTD-2315E11.1	0.00021902233832814765
FOXA1	0.0002189861111997689
VN1R10P	0.000218500451654492
TNFSF10	0.00021839849869450192
RP11-647F2.2	0.000217986376645014
RP11-504A18.1	0.00021785853775407014
VPS13A-AS1	0.0002177025911161014
RNU6-686P	0.00021749863190991775
RPL36P20	0.00021748269245232333
RP11-34P13.14	0.00021747571429540382
ZDHHC22	0.00021730040062675488
RP11-715L17.1	0.00021725659949634263
RP11-332H17.1	0.00021715863879875023
RP11-563D10.1	0.000216817844038895
GUCY2GP	0.00021677487066734473
RPS10P16	0.00021665749657327055
RNY1P2	0.00021662914843486515
TMEM167A	0.00021660197316977474
RP11-822E23.6	0.00021636775088469266
Metazoa_SRP	0.00021624205791547605
LINC01516	0.00021541637824958935
KRT16P6	0.00021539097236057794
MTND4LP9	0.0002153111335802446
AC000041.8	0.00021527468219827132
GSC2	0.00021523724347107854
GSPT2	0.00021521179611689749
CTA-243E7.1	0.0002151311695801175
IGHV3-75	0.00021510262607850377
RP11-113K21.3	0.00021482079127320436
Y_RNA	0.00021465668581228785
CTD-2119L1.1	0.00021429562678347352
SMPD4P1	0.000214106318455611
RP11-1B20.1	0.00021401983321094246
ERV3-1	0.0002134903276132059
KB-67B5.17	0.0002130418606885568
DYNLT3	0.00021299083756805322
CTD-2330K9.3	0.00021283031086108344
CTD-2542L18.1	0.00021275424062382789
IGHV1-45	0.0002125602710790099
CTC-523E23.6	0.00021230468035684833
CTD-3074O7.7	0.00021227176783739763
RNU6-969P	0.0002122009715173297
RP11-486M23.1	0.0002119816232752593
SCG3	0.00021187338936909023
RNU6-1248P	0.00021177509888695454
CTA-217C2.2	0.00021176285690248365
AC013480.2	0.00021173268246538226
RNU7-96P	0.00021162412201382335
HIST1H2BD	0.0002115720157330268
LINC00987	0.00021139622313297537
ABCF2	0.00021127968472346449
JPH2	0.00021110968214148288
RP3-477M7.6	0.0002110674911313203
RP11-161D15.3	0.00021071858216583145
RP11-650J17.1	0.00021064290347267174
PFN1P1	0.00021013806090212643
RP11-139H15.6	0.0002101108180095183
RP11-57B24.1	0.0002098856505274195
RP11-15J22.8	0.00020961519945581088
RP11-105C19.2	0.00020957260032902045
AC068491.2	0.00020943633354226688
ATP6V1G1P2	0.00020940785200167504
NOM1	0.00020907548411504062
PCCA-AS1	0.00020903648820490742
RPL29P11	0.00020884667583422279
RP11-679B19.2	0.00020878965829326164
ST3GAL1P1	0.00020862963419257194
OR2H5P	0.0002085409990496762
LINC01068	0.00020806956770570592
ASS1P1	0.00020784309954166683
RP11-131L12.3	0.00020778962888124737
RP11-364C11.3	0.00020771205768048979
KB-1269D1.8	0.0002075360562139551
PCDHB4	0.00020750496147296872
HMGN1P24	0.0002074986948112757
LINC00094	0.00020737421290638856
RP11-409K20.7	0.00020726137731280349
RP11-807E13.2	0.0002070004381810496
RP11-357F12.1	0.00020671984612093933
DKKL1	0.00020659672268272302
XXbac-BPG248L24.12	0.00020654527212484185
RP11-462D18.4	0.0002065406147677146
RP11-138M12.1	0.00020651117497550616
ALG1L9P	0.00020637499532776216
AC008592.3	0.00020631342630419934
AVPI1	0.0002061802422593162
RNY1P10	0.00020613421504242656
RP11-504P24.9	0.00020589350743207725
HMGB1P5	0.0002055940499001253
MIR6069	0.00020550286561892093
RP11-331H2.3	0.00020515597222133176
CTD-2158P22.1	0.00020511180810885618
OPRD1	0.0002050688057383236
RP11-154D3.1	0.0002050643471992726
RNA5SP163	0.00020491123996172524
FAM35CP	0.00020443548564703587
RP5-898J17.1	0.00020440185590788487
RNA5SP255	0.00020421156658833735
Metazoa_SRP	0.00020333787297809904
RP11-598D12.4	0.00020324216497233212
LRIT1	0.0002028884321805664
SEPHS1P7	0.00020285340722889608
ZMAT2	0.0002027128849903301
RP11-15B17.1	0.0002026426378026409
MIR1302-3	0.00020245972743386216
APOOP5	0.00020244787193919017
MTND1P8	0.00020220739214513926
RP11-426D19.1	0.000201928324506628
KRT18P29	0.00020189650074805635
RP1-144F13.4	0.0002016266606634172
RUVBL1-AS1	0.00020134780985772393
RPS24P17	0.00020119890449167633
IGLV4-3	0.00020086051998456197
LCE1B	0.0002002649987903106
RP4-788P17.1	0.00019968599235927219
RP11-348J24.1	0.00019963874128725467
CDKN2A-AS1	0.00019957205206462268
LINC01053	0.00019934782151078906
SYF2	0.0001992649256138676
MYL6P5	0.00019925785736120164
CTD-2532D12.5	0.00019902139024264713
LINC00538	0.00019885286952394922
CTD-2104P17.1	0.0001987339602642429
VDAC1P5	0.00019872823258565276
LINC00633	0.0001987158567766665
C9orf170	0.0001986473048902319
RBM15B	0.00019850572959765106
U82695.5	0.00019808539826549372
RP11-411B10.8	0.00019781586877820712
LINC01562	0.0001977679716833727
RNU6-495P	0.00019773824729870344
Y_RNA	0.00019728001304605337
RP11-562A8.5	0.0001972511526097142
AP000708.1	0.0001972442377327026
CXADRP3	0.00019722105165221685
RP11-378J18.6	0.00019721690248831791
RP11-723G8.2	0.00019704637780997505
RP11-401L13.7	0.0001965457792476379
LDHAP4	0.00019632948707207446
AC073409.1	0.00019615051602527462
RNASE13	0.00019611142543603152
RP11-342M3.1	0.00019599291707459083
AC005037.3	0.0001959352300026245
CTD-2619J13.19	0.00019582607587060536
RP11-848P1.4	0.0001953978507620268
RP11-449H3.1	0.00019522796076070138
TUBBP10	0.00019508691366249407
LINC00266-1	0.0001950497839348293
RN7SL34P	0.000194997648208733
LSM3P4	0.00019497829854488605
RN7SL297P	0.00019479087444673296
RPL21P89	0.00019472167559431763
SNORA40	0.000194600627604437
FBXL3	0.00019456785768519599
ESRG	0.0001945321842195899
RP11-3P22.1	0.00019449439222908048
RP11-16P20.3	0.00019415393901571512
GK-AS1	0.00019349785886908755
RP11-324E6.8	0.00019315535984655964
STXBP5-AS1	0.0001931217899664232
MIR6891	0.00019283248628491727
RP11-407G23.7	0.00019279460745320559
KRT8P34	0.00019269703215700368
Y_RNA	0.00019263497969834948
WWC3-AS1	0.00019259623769193038
AC017104.4	0.0001923515318448423
RP11-253E3.1	0.0001918331626088209
TMEM242	0.00019179691661589304
CTD-2616J11.16	0.00019119254330517566
RP4-784A16.4	0.0001909934322368459
RP11-795J1.2	0.00019061519232927508
RP5-940J5.3	0.00019060063016591776
RP11-688I9.5	0.00019040409156024826
CTD-2047H16.2	0.00019035318295896735
RPS26	0.00019003484889283857
RP11-272D12.1	0.00018999869653641674
OR2V1	0.00018992260503649449
RP11-729L2.2	0.0001894584765259625
ANKRD30BP2	0.00018930534156184556
SPRR1B	0.0001891335503981826
PIM3	0.0001887289836409091
AC002066.1	0.00018854799509539555
E2F2	0.00018842775696559886
CTB-54I1.1	0.00018801031522491958
SSU72P8	0.00018796800073613687
RP3-453P22.2	0.00018788186615354254
AC144652.1	0.0001876608240286015
RP11-91J19.3	0.00018754236801315217
RP1-91J24.3	0.0001873371316122716
RP11-328P23.3	0.0001871713148978964
RP11-270M14.4	0.00018689597928943166
RP11-434D11.4	0.0001867631300307409
ASAP2	0.00018672439282099953
RP11-321F6.2	0.00018642608586572017
RND2	0.00018603229110488264
PRR35	0.0001857740653114717
TIGD6	0.0001852082498496003
MT-TC	0.00018478310572766176
RBM28	0.00018436255460624088
DCUN1D2-AS	0.00018424813110700622
LL0XNC01-177E8.2	0.0001841936269741595
MT4	0.00018396406151575064
RFX6	0.00018386938933187834
HNRNPA1P23	0.0001836589633317321
EI24P1	0.0001836192230431056
RP11-307L3.4	0.00018324682075323908
RP11-727A23.7	0.00018302328631792164
LGALS7B	0.00018284448395011762
RP11-413B19.2	0.00018279145314842364
CTC-241F20.4	0.00018275190612267376
RP11-333J10.2	0.00018252811155510592
MIR4802	0.0001822492424642203
RP4-791M13.3	0.00018214919894489937
ZNF530	0.00018213711226344813
RP11-397C18.2	0.00018210455401532902
RP11-362F19.1	0.00018185274845287352
MTATP6P14	0.0001817978462860478
SNORD116-26	0.00018177898174965058
RP11-736P16.1	0.0001817008162633726
SNORD41	0.00018168925742237653
RP11-1197K16.2	0.00018157459116343948
AC011286.1	0.0001815093184362223
SRPK3	0.0001814360423361919
PCDHGB6	0.0001813545912805642
CH17-264L24.1	0.00018131767244797492
RP11-214K3.24	0.0001812253672847169
NKAP	0.00018095218580042727
RP11-466A19.8	0.00018075692457231605
RP11-4O1.2	0.00018069560579638924
LEPROT	0.00018055554902435204
HMGB1P30	0.00018037022963170505
RP11-423H2.4	0.00018020590753475323
RP11-77I22.2	0.00017999882863911713
RAD51-AS1	0.0001798953326508488
PDPK2P	0.00017985053561803737
CTB-66B24.1	0.00017980269155467947
RP11-401G5.1	0.00017971758712519045
FTH1P23	0.00017963374487744884
AC016831.5	0.00017947566210797572
LINC01481	0.00017936402455184116
MID1IP1-AS1	0.00017910057456458823
RP11-567M16.1	0.00017889773473389283
RP11-4L24.4	0.00017869543112236156
AC079586.1	0.00017849419535675995
PRR13P2	0.00017827608946740923
FAM19A5	0.00017819418135754328
RP11-89N17.4	0.0001780974535207499
POM121L6P	0.0001778185792482607
SLC24A5	0.00017774700845743843
RNU6-742P	0.0001775851660227385
RP11-723O4.3	0.00017687618131424922
RP11-759L5.2	0.00017673361377794648
AHCYP7	0.0001764915105818798
RPL39P26	0.00017596238369387663
DCTN6	0.00017594130149089983
MYL6P4	0.000175916033074481
SPANXC	0.0001754756771080607
EQTN	0.00017533951358615453
AC073321.4	0.0001750282862832997
RNU6-1251P	0.00017499488710560562
LINC01556	0.00017494132813774976
RP11-434H6.6	0.00017475518523889485
PIGB	0.0001746663316797687
RP11-386I14.3	0.00017427090574121236
CLEC4F	0.00017400445238498883
Y_RNA	0.00017377974955198235
AC007392.3	0.00017372361846402463
RP11-651L5.2	0.00017360187108328637
RP11-850A17.1	0.00017343984333902587
CCDC172	0.0001733673219557973
RP11-152H18.4	0.00017318313352366073
AC063976.7	0.0001728033196798508
RNA5SP507	0.0001724281677033954
RP3-406A7.7	0.00017209410085176132
RP11-398J16.1	0.00017206971864510486
KRT1	0.00017203491397762657
MRPL37P1	0.00017201489783955334
AMMECR1LP1	0.00017181316986284988
NTSR1	0.0001717725533968698
H3F3AP4	0.00017158130392492616
SNORD5	0.00017155849959628599
POM121C	0.00017145641458721496
AC010729.2	0.00017082725916473963
RP11-709P2.1	0.00017081293882129791
AC144835.1	0.0001707106223673221
CROCCP1	0.0001706413436535896
RP1-128O3.6	0.00017036501044804143
CTB-175E5.7	0.00017028931150453073
RP11-430C7.2	0.00017021568619962382
RP11-70L8.5	0.00016969215692388717
MT1F	0.00016968738005053175
RP13-346H10.2	0.00016949932806132475
RP11-349A8.3	0.00016942184751882154
NF1P6	0.00016924673822930636
RP11-736E3.1	0.00016900147759063195
Metazoa_SRP	0.00016873244030218056
RP11-775J23.2	0.00016818866619858032
RP11-688I9.2	0.00016816298281990746
PAXIP1-AS2	0.00016807487748402478
TCTA	0.00016805476507608154
SLITRK3	0.000167976502552779
RP11-498C9.12	0.00016791429133600184
AC007966.1	0.00016790740116291028
HDGFL1	0.0001678878304118103
LINC00652	0.00016786246597984096
RNA5SP152	0.00016783275123778265
MMP12	0.0001678044392578181
AC009784.4	0.0001676368342437618
RP11-460I13.6	0.0001669811092804784
RP11-219I21.1	0.00016670818691829262
RP11-286M16.1	0.0001665297654166775
OR1P1	0.0001663556559105803
RP11-526N18.1	0.00016634788099093804
MIR2276	0.00016622076426073753
RPL41	0.00016601886405237607
CTC-327F10.4	0.00016592906853855422
RP11-1060J15.3	0.00016589339166464876
RP5-1070A16.1	0.00016580238498999954
TMEM26-AS1	0.00016557857417677329
ARHGAP42P1	0.00016516945603368873
MIR6796	0.00016502069481321523
RP11-318G21.4	0.0001649305639670936
RP13-614K11.2	0.0001646791099649304
AQP1	0.00016464627747854866
RP11-611O2.1	0.00016463023636363475
AC078882.1	0.00016459126440058404
RP11-769O8.3	0.00016457411338139172
FAM204CP	0.00016451942909131789
CENPUP2	0.00016449523184633718
Y_RNA	0.00016432866470787925
GEMIN7	0.00016415460771046687
RP1-7G5.5	0.0001637530324579615
SEPT7P8	0.00016364457228009441
RP11-520P18.1	0.00016324476448420768
TBCC	0.0001627758586801312
RP11-268P4.5	0.00016242023374871044
RPL23AP84	0.00016238549985496075
TCF7L1	0.00016181510195532168
HES3	0.0001616309050609976
AC016700.4	0.00016162445580631418
HNRNPA1P16	0.0001615176974388048
RP1-224A6.8	0.00016124335330758858
THUMPD3-AS1	0.00016109741314514236
RP11-470C13.4	0.0001608973367006807
CACNA2D3-AS1	0.00016046453741240082
IGKV1-12	0.0001602785164536673
LRTM1	0.00015981827745243575
GAPDHP28	0.00015957483819859604
DLX2-AS1	0.00015945653839796782
RNU6-107P	0.00015945644913674685
CTC-543D15.1	0.00015941804768543694
RP11-13A1.3	0.00015926411525460593
RP11-449P15.2	0.0001590306409221946
RP11-314C16.1	0.00015892149918794762
RP11-88E10.5	0.00015881970809444835
OPRPN	0.00015870097868056845
RP1-232N11.2	0.0001583185760018539
RP11-328P23.2	0.00015806226026214698
IFNA22P	0.00015801475872291896
Y_RNA	0.00015794401087223178
RP11-644F5.15	0.00015792324850156739
AC068535.2	0.00015789975173587076
CNTD2	0.00015782496825695786
NMNAT2	0.00015768228218845763
AC018442.1	0.00015731811129593475
CTD-2245F17.3	0.00015715863733148925
HEYL	0.00015698492761918363
SNORA20	0.00015672416555902158
RP11-288L9.1	0.0001566532064304639
LINC01021	0.0001566089583962389
PKIA-AS1	0.00015657671522253833
DPF2	0.00015653126447146497
CLVS1	0.00015629283253114118
GOLGA2P11	0.00015587113259528395
AC000078.5	0.0001558312520988579
RP11-385M4.1	0.00015562958814182952
Y_RNA	0.00015562776801711635
CCT8L1P	0.00015548911636734106
KRT18P55	0.00015503116631569461
HSD3BP3	0.00015481955984774753
U1	0.00015457151573011353
AC002551.1	0.00015443101364103973
AC104695.4	0.00015410365052645765
ERHP1	0.0001540623308907502
KRTAP10-4	0.00015392476499240815
RP11-481H12.1	0.00015349285826902296
CTD-2027I19.3	0.00015322684363520067
RN7SL236P	0.0001530727663283517
OR52B3P	0.00015302934762451354
MIR6832	0.00015288337470063305
WWTR1-AS1	0.0001528561745728607
PEBP1P2	0.00015285352840338783
RP11-133K1.9	0.00015280540054491304
XYLT2	0.00015278913375024655
HNRNPUL2	0.00015274641171985747
RP11-115D19.1	0.00015258709262150772
LINC01162	0.0001524920542546399
RP11-44F14.5	0.00015242712483724556
RP11-256I23.1	0.00015237628415978017
BCAR1P2	0.00015234233289348228
TRGV11	0.0001523075357565166
FAM223A	0.00015219897814473256
MCHR1	0.0001517980561161206
UFL1-AS1	0.00015159989042588215
RP11-65M17.3	0.00015125769099905118
CAMK4	0.00015089575817005897
RP11-284M14.1	0.0001506405767988126
C17orf74	0.00015012206862635474
MIR7856	0.00014962040434609127
RN7SL98P	0.00014925831201060283
Metazoa_SRP	0.00014915968189851283
LOR	0.00014876580704929567
RP11-182N22.9	0.00014817506589675947
MTND6P5	0.00014816448781335243
MIR3179-1	0.00014807806235066733
CTD-2561B21.5	0.00014791117723959277
MIR329-1	0.0001478438202751512
FMO8P	0.00014757241430158767
HIST1H1PS1	0.00014705585988963578
GAPDHP72	0.00014699250195152096
RNU6ATAC26P	0.00014690011843372595
SNORA19	0.00014689635640150438
IQCF3	0.00014665404774490525
TUBB3P1	0.00014637429463623938
SLC2A1-AS1	0.0001460527499815681
SLC25A5-AS1	0.00014557476392407448
RP11-373E16.3	0.00014553823299449174
RP11-94B19.6	0.00014545771876603106
NENFP2	0.00014533066996140639
RP11-503D12.1	0.00014516567715306365
MLEC	0.00014511598645267865
SHB	0.00014456307596931898
SNORA74B	0.0001445030504832658
HIST1H1C	0.0001444905617196544
FAM166AP5	0.0001444507878051798
RP11-395B7.2	0.0001444203824461814
LINC00911	0.0001443262944424436
RP1-137K24.1	0.0001438491254890385
MLANA	0.00014368015258942358
RP11-340F16.2	0.0001436064821290124
RP11-410N8.4	0.00014359221552216005
RP1-182O16.2	0.00014359128546529066
RP11-2C24.4	0.0001435863567199836
SPRY4-IT1	0.00014336938278711265
RP11-47J17.3	0.00014306255532268848
RN7SL560P	0.00014296083707828025
RP11-475E11.9	0.00014287068831667012
RNU6-1079P	0.00014263581914471024
RSPH6A	0.00014104415275867986
MTND5P31	0.00014095070846376013
uc_338	0.00014079613311433474
RP11-557J10.3	0.00014070333954201283
SOX2	0.0001406669318770881
RP11-515C16.1	0.0001406534666442842
AC005534.8	0.00014031634006643777
RNVU1-18	0.00014026144997050726
RP11-136I13.1	0.00014019408038615496
SNORD38A	0.0001401919768947338
AC005682.6	0.00014017616471232285
Y_RNA	0.00013993340120595866
RP11-525K10.3	0.00013989785354432421
MIR890	0.00013928136982412236
SMR3B	0.0001392342072773163
RP11-626P14.2	0.00013916777172247237
RP11-593F23.1	0.00013882503440672852
RP11-823P9.3	0.00013869246518407333
RP11-88E10.4	0.0001385182349395843
RP11-331F4.4	0.00013793960268211313
MIR4300HG	0.00013787038721914402
CTC-490E21.10	0.00013783718337847457
RP11-814H16.2	0.00013755646892459964
RP5-857K21.2	0.00013701949846136997
U3	0.0001370158137373913
RN7SKP287	0.0001368380945952541
RNASE8	0.00013662180510309933
IPPK	0.00013643476371612536
RP11-359J6.1	0.0001364023275009137
ZFP69	0.0001361245306728682
TVP23BP2	0.00013603928566412274
NDUFB1P1	0.0001359330004231378
SLC35B3	0.0001357838565165264
RP11-767C1.1	0.00013574572481261067
NRIP3	0.00013569661145694458
PHF5CP	0.000135586846850894
AC008914.1	0.00013548357674637209
KLRF2	0.00013516674354445773
GAL	0.00013512630290166586
MIRLET7A2	0.00013501194941976683
CTSLP4	0.00013483254950488418
RP11-556H2.1	0.00013482331325634722
RP11-215E13.1	0.00013456014366045583
RPS6P25	0.00013354892058699727
CTD-2278I10.4	0.00013332881988892536
RP11-357K6.1	0.00013308381542284197
MIR215	0.0001330164324396767
MYRFL	0.0001329804574494356
ALG1L13P	0.00013271450400701234
PHGR1	0.0001326134682526044
CH17-140K24.6	0.00013236543545791065
RP11-883A18.3	0.00013235896331772085
MIR3688-1	0.00013231981999785075
RP11-496H1.2	0.0001321814933190528
AC112721.2	0.00013206854410733086
RP11-395E19.2	0.0001320218369164892
AC009505.2	0.00013194878386420833
BOLA3P4	0.0001317935685433881
AC234582.1	0.00013179195696421517
VPS26B	0.00013168533001148305
RP3-509L4.3	0.0001316573158116461
RP11-385D13.1	0.00013108312311066987
MRPL17	0.00013103257055198446
POLR2KP1	0.00013074337758292674
RP11-326A19.4	0.000130344848365757
PPP1R26-AS1	0.00013012972214059695
SFR1P1	0.00012986221825007205
SLC9A3	0.00012954256545425854
RP11-557C18.3	0.00012953969113557414
RPS20P35	0.0001291805719671304
GRP	0.00012912400620033437
AC015933.2	0.00012910403849775926
AP005273.1	0.00012877014001265864
IGHV5-78	0.00012874147825518687
DSCR9	0.0001286213627083779
RP11-259G18.1	0.00012857676281838957
LINC01229	0.00012836506888567396
CREB3L1	0.00012830084051283734
OSTM1-AS1	0.00012802716603602048
NPIPB6	0.0001276999367377527
TIMM8BP1	0.00012759406597046441
AC139712.2	0.0001275019809905185
LINC00313	0.0001273069316758808
KRT25	0.00012722899449891186
LINC00628	0.0001270780201662106
MIR5003	0.0001269483852729314
FGF10-AS1	0.00012692364176036393
RP11-2L8.1	0.00012686245814868253
RP11-707A18.1	0.00012652056240325662
CTB-35F21.2	0.00012647245797376956
RP11-616K6.1	0.000126195928165098
AC016629.3	0.0001261140289464417
ANKRD20A2	0.00012593965461685688
RP11-713P17.3	0.00012588477835814
RP11-397C12.1	0.00012587316386366437
MIR6718	0.00012539633699418245
FBXO36-IT1	0.00012509292717566528
AC141586.5	0.00012505573811918283
RP11-442N1.2	0.00012497201941514597
SNRPEP10	0.0001248131398186089
CTD-2555C10.3	0.00012443297472126063
RP11-396O20.1	0.00012439564179706638
ZNF559-ZNF177	0.00012421524366690274
ZNF624	0.00012418170315895758
RPS20P22	0.00012395700807744725
DDX3P1	0.0001239554207802313
CTD-2116N17.1	0.00012392252847752002
OR2B4P	0.00012390177430578845
OR9I2P	0.00012389645662130483
CAMK2N1	0.00012370548329547045
RP1-288M22.1	0.00012349874892942877
RP13-444K19.1	0.00012338483228674737
MED26	0.00012335123852901737
RN7SL359P	0.00012319480682621914
RN7SL754P	0.00012296733927707313
AHCYP2	0.00012293472900783484
RP11-712L6.5	0.0001227362377214975
AC073635.5	0.0001226932783069687
RP5-1139I1.1	0.00012267095020317644
LINC00391	0.00012222932030749506
OR8X1P	0.00012214415747181475
PPAN-P2RY11	0.00012210733201562565
RP11-411B10.5	0.0001216634654193762
Y_RNA	0.00012141514265995597
TRPC6P	0.00012122538670788607
RP11-820K3.2	0.00012114091833446398
NDUFA8P1	0.00012105946312463145
Y_RNA	0.00012094567237407485
RP11-447H19.1	0.0001209446832064397
LINC01287	0.00012085047096308655
RP11-438D14.3	0.00012082354722445395
BAALC-AS2	0.00012077415321146697
OR10J3	0.0001207735643973786
NDUFB5P1	0.00012072045941842215
SYNRG	0.0001206949481711409
CTD-2542C24.8	0.00012050786127615833
YWHAQP5	0.00012005828770258583
AC103564.6	0.00011945264664437457
C17orf82	0.00011921137503778793
LINC00189	0.00011911379525743258
RP11-406A20.1	0.00011908839232257573
PAXIP1-AS1	0.00011894809360784065
RP11-329A14.1	0.00011885012177719304
RP11-1072A3.4	0.00011814730796399165
RN7SL67P	0.00011812620169952796
POLRMTP1	0.00011792537739183082
RP1-167G20.2	0.00011779780048990399
RN7SL459P	0.00011775318036203249
RP11-756P10.5	0.00011758008494629965
RP11-157E16.1	0.00011757318445031714
CMB9-22P13.2	0.0001174621943169813
NIPSNAP3A	0.00011694997606872775
FGF17	0.00011679519250490149
SHCBP1	0.00011672708203721758
FSBP	0.00011672402836814722
RP1-80N2.2	0.00011659243393252618
RP11-432J9.3	0.00011601934683914813
OR9S24P	0.00011563160470751019
RNU6-795P	0.00011537142762252442
RP11-798M19.3	0.00011535911370180813
RP13-314C10.5	0.00011511026683078304
CREG1	0.00011491611631466268
RP11-630C16.2	0.00011489918385190927
VN1R83P	0.00011471757676847735
RNU6-234P	0.00011469329646561076
AC087499.10	0.00011445271367882553
RP11-1017G21.3	0.00011418991548802088
BPIFC	0.00011394376198687697
SLC25A51P1	0.00011381434948330859
AC006262.11	0.00011333903296179136
AP001625.6	0.00011294947620557094
PLA2G4E-AS1	0.00011288654552556575
AC104777.4	0.00011284816108474793
OSTN	0.00011266888069459623
EZH2	0.00011208770268150776
SLC31A1P1	0.00011189645299614727
MIR5002	0.00011151524856415207
RNU6-116P	0.00011127663220417185
KRT17P3	0.00011117987455537849
KCNG4	0.00011113168657296293
UBA52P6	0.00011093126187575025
SERP2	0.000110925868746263
KRT89P	0.0001107247029696122
RP11-249C24.11	0.00011052733711313314
RP4-536B24.3	0.00011046597085859913
MIP	0.00011025705072323231
LMTK3	0.00010994283999617877
RP11-328C8.4	0.00010984654303950712
PRMT1P1	0.0001098360555505149
CAMTA1-IT1	0.00010955729427576013
RP11-310H4.6	0.0001095491855056797
PSMC2	0.00010935617805808394
BTG1	0.00010909949164945045
RP11-944L7.6	0.00010877974036514176
PSMC1P8	0.00010873929679996053
RP11-63A2.2	0.00010869488447036129
IGKV1-16	0.00010864149604310106
ABHD17AP8	0.00010845090611505841
LINC01387	0.00010826196612586538
PSMC4	0.00010817029273543389
RP11-298I3.3	0.00010796905832130365
RP11-117L5.3	0.00010795062622508403
RP11-483P21.6	0.00010775742947822408
AC019178.3	0.00010768822028986934
RP11-528N21.1	0.00010718571353992548
LMCD1-AS1	0.00010615851781589473
DKK1	0.00010610641408579505
CTB-152G17.6	0.00010570484218170948
CTC-232P5.1	0.00010532277761916957
RP4-655L22.4	0.00010521592079952865
RP11-223P11.3	0.00010506067423832099
RP11-399C16.3	0.000104764584489764
RP11-490H24.5	0.00010465936729024435
EFCC1	0.000104637582812249
RP11-20B24.5	0.00010445004066324465
RP11-113E21.2	0.00010442076633081729
RP11-142I2.1	0.00010422541180269512
RP4-725G10.3	0.00010408087292591342
RP11-39M21.1	0.00010399847488353202
RNU6-856P	0.00010385729864573671
NCBP2	0.00010356888781845198
RP3-400B16.4	0.00010349887860322277
RP11-45P22.2	0.00010326126679192814
CLIC4P3	0.00010315818294571677
RP11-536I6.2	0.00010310960471233402
RNU6-1187P	0.00010273588790556352
CTD-3037G24.3	0.00010263615574544814
RP11-168L7.1	0.00010250298800267472
HMGN1P12	0.00010239288934017044
ERVH48-1	0.00010229994913525047
RNU6-1153P	0.0001019093898734434
RP5-857K21.15	0.00010174262145998704
RP11-331K21.1	0.00010167355938323839
RP11-84A19.2	0.00010146237753152685
DPP4	0.00010146002051781539
RP11-415I12.3	0.00010145539938995734
UQCRFS1P3	0.00010145241938463065
RP1-86C11.7	0.00010130814213108027
CTD-2621I17.3	0.0001012640348154201
RP11-123O10.3	0.00010112466084972633
AF228730.8	0.00010104370702849267
RP11-412B14.2	0.00010093707202707946
RNU6-720P	0.00010043020341920603
RP4-737E23.2	0.00010023753758597004
RP5-940J5.6	9.95479309466626e-05
OR4A16	9.930956674999273e-05
RP11-512M8.11	9.922676454724019e-05
RP11-472F19.1	9.921389098160033e-05
RNU6-1046P	9.918531366592282e-05
KHDC3L	9.900933353939021e-05
AC007191.4	9.900540317791163e-05
AP000688.29	9.893665329655791e-05
RPL31P44	9.887641124474076e-05
RP11-750H9.7	9.870590493179779e-05
C2orf27B	9.861469197849474e-05
CH17-260O16.1	9.847161772177625e-05
RPL7P21	9.845788415614895e-05
RP3-414A15.11	9.840236622282703e-05
RPS3P2	9.818671244611954e-05
RP11-379F4.1	9.812351876750901e-05
KCNMA1-AS2	9.804335941933054e-05
RP4-529N6.1	9.753913792659902e-05
RXFP4	9.722612036862736e-05
RP11-156P1.3	9.638871421469447e-05
RP11-576D8.4	9.62163420794229e-05
RP11-480C16.1	9.576413430505328e-05
RP11-67H2.1	9.57336716239256e-05
RAD17P1	9.563653790485493e-05
RP11-573D15.2	9.526839351722629e-05
RP11-379C10.4	9.524319369307245e-05
GLRA1	9.447396073314925e-05
CTC-444N24.13	9.433220961503165e-05
GPR3	9.432934355596167e-05
HOXD12	9.415274972639336e-05
OSMR-AS1	9.366707099442518e-05
AC018816.1	9.35584953474374e-05
LINC01555	9.267906684183392e-05
HSD3B1	9.215903688637008e-05
RPS8P10	9.211256710846479e-05
RP11-342A1.1	9.20598168992135e-05
IL6STP1	9.197075057394635e-05
RP11-70F11.7	9.13443116107581e-05
RP11-236P24.1	9.085782716465372e-05
RP11-340I6.7	9.053359147701282e-05
SOX1	9.038613301806534e-05
RP11-80B9.1	9.02386893655671e-05
RP11-521B24.3	9.004548508072726e-05
RP11-644A7.2	8.998964754062035e-05
RP11-227H15.5	8.962389605314635e-05
NFE2L3	8.955413319640225e-05
BDNF-AS	8.935301053846421e-05
CTA-384D8.34	8.932198579316069e-05
CLPS	8.904327834764872e-05
FKBP11	8.867856002063958e-05
RP11-643A5.2	8.839203940668086e-05
RP11-42F12.1	8.832187441894445e-05
RP11-160C18.2	8.81965108000221e-05
CTD-2008P7.1	8.809058081000008e-05
HDAC1P2	8.789737467158868e-05
SALL4P2	8.759994018733738e-05
IL2	8.681842681457436e-05
RP11-158I13.2	8.67804608230887e-05
SNORD91B	8.675624474080836e-05
AC006538.4	8.641748302015143e-05
AREG	8.598465409255668e-05
HMGN2P23	8.593379753444524e-05
SNX18P26	8.582219318483298e-05
AC005264.2	8.57643451493525e-05
FSIP1	8.530558588492006e-05
GTF2H5	8.530033146786849e-05
TCEANC	8.502645848524251e-05
CCDC127	8.474911250521696e-05
TAAR6	8.465467565435502e-05
IGHV3-16	8.427877383307141e-05
ETFRF1	8.39962770182475e-05
RP11-153M7.3	8.393499499465469e-05
AC017028.1	8.364833397606071e-05
AC004593.3	8.363923307863154e-05
UQCRFS1	8.351851713961091e-05
RP1-60O19.2	8.332057370045354e-05
IL5	8.326757284519428e-05
AC090804.1	8.308214580897798e-05
RNF2P1	8.290627659452984e-05
MRPL35P3	8.28510501498685e-05
MME	8.26840712372155e-05
CTC-501O10.1	8.262297195621646e-05
AC007563.4	8.243238359979493e-05
RP11-474I11.7	8.235663091819191e-05
SUGT1P2	8.225571391172792e-05
ZNF29P	8.183522341753762e-05
DCAF4L2	8.172728347297265e-05
HMGB1P10	8.165623426134732e-05
RP11-264F23.1	8.164574207454639e-05
ADGRB1	8.128930980272597e-05
RNA5SP310	8.109037823738171e-05
POM121L14P	8.083713194638704e-05
RP11-662I13.3	8.070787204275775e-05
SATB1-AS1	8.057137876716112e-05
SLITRK6	8.054475939370556e-05
PGK1P2	8.036066687668508e-05
DLGAP1-AS2	8.029491049988248e-05
RP11-467L13.5	8.013174536895136e-05
RP11-930O11.1	8.012269453242832e-05
RNU6-1238P	7.983893691900065e-05
RP11-555K12.1	7.97510957300297e-05
MIR558	7.968768041405813e-05
MESDC2	7.953332962601523e-05
AP000350.10	7.948065598426579e-05
AL121578.7	7.941749033116551e-05
CHODL-AS1	7.897238469214949e-05
AK4P3	7.861337146426626e-05
PSMB4	7.847348729454347e-05
RAB28P5	7.803672610392476e-05
CBX3P5	7.800896478273339e-05
RP11-415K20.1	7.797335697184453e-05
CADM2-AS2	7.762238925141364e-05
RP11-252I14.2	7.760260752985952e-05
DNM3-IT1	7.747314740845137e-05
CTD-2319I12.5	7.740709991865428e-05
TIGD3	7.694736748127171e-05
AC073325.2	7.6924544205003e-05
ZNF212	7.687054754066518e-05
RNU6-794P	7.680243963238968e-05
LINC00934	7.663733051083581e-05
SNORA9	7.648871850383163e-05
RP11-259O2.2	7.608398466019448e-05
OSBPL11	7.607177817019519e-05
CELP	7.5832537495057e-05
RP11-2G1.2	7.531282955454733e-05
CTD-2587H19.2	7.524085460253695e-05
RP11-217B7.3	7.50245024509217e-05
KIR3DL3	7.487955137314468e-05
RP11-174F8.1	7.441126824976678e-05
SPA17P1	7.411654941683179e-05
AP000462.2	7.400701273295782e-05
HNRNPCP7	7.389434252397821e-05
RP11-680B3.2	7.387980693273374e-05
AC009961.3	7.3635512771375e-05
ZNF324B	7.338886102804758e-05
RP11-597D13.9	7.31481733258724e-05
SALL4P6	7.311981558413432e-05
RP11-807H22.6	7.304905486926095e-05
SELENOK	7.28270715970368e-05
RP11-177C12.4	7.272211986727325e-05
AC083899.1	7.233708024963052e-05
RP11-57G10.8	7.233506107935752e-05
RNU6-880P	7.184989053661675e-05
AC000111.4	7.180032429468034e-05
CTC-353G13.1	7.135601429275087e-05
RP11-742B18.1	7.134320153880858e-05
SYP-AS1	7.125155009914404e-05
RP11-327J17.9	7.107186567804886e-05
C3orf38	7.097183707413124e-05
RPL21P132	7.094484272125819e-05
AC068657.2	7.092727523821985e-05
MTCYBP42	7.085055918272126e-05
RP11-379F4.6	7.037241212291106e-05
REP15	6.998747475860882e-05
RNU5E-4P	6.964645431848632e-05
EIF4HP2	6.919572819240719e-05
CTA-384D8.33	6.877088894395758e-05
SUMO4	6.859004965690141e-05
CTC-313D10.1	6.840395414854116e-05
RP11-122L4.2	6.839722230793152e-05
CSTF3-AS1	6.834394375049333e-05
RPS4XP19	6.828788856798642e-05
RP11-434C1.6	6.823607899968753e-05
RSL24D1P8	6.800897189200449e-05
RP11-366H4.3	6.757173701283247e-05
RP11-157I4.4	6.749767271589382e-05
LINC00423	6.739545587352936e-05
TMEM47	6.7078586330745e-05
C1GALT1C1L	6.666146007172902e-05
BCL2L12P1	6.660799031037173e-05
LINC01181	6.63429460789981e-05
RP11-271K21.12	6.632572244123474e-05
SNORD62	6.632259414272484e-05
TAS2R43	6.585796442008688e-05
RP11-214K3.20	6.580270633637978e-05
TIMM9P2	6.53219109635403e-05
LYN	6.514969321531102e-05
CTD-2194D22.3	6.497437672926411e-05
CDCA4P2	6.494121737553776e-05
SUPT20HL2	6.487529169521755e-05
RNU6-1014P	6.469156033380714e-05
TPT1P11	6.44280632329274e-05
RP11-420M1.2	6.433916659216126e-05
LAIR2	6.360006817528681e-05
Y_RNA	6.351350622192195e-05
RFT1	6.307337835397968e-05
EIF3IP1	6.304997498141014e-05
PRELID3BP3	6.29534308850493e-05
TERB1	6.292224983045682e-05
RP1-101D8.1	6.272961473747885e-05
LINC01153	6.269622955886794e-05
SLC9A1	6.258166043762502e-05
MRPS31P2	6.247475826521125e-05
NBPF12	6.24546266390244e-05
KB-1639H6.2	6.245413491543903e-05
RP11-611O2.6	6.216627155104035e-05
RP11-133M8.3	6.199173399422527e-05
RP11-56H16.1	6.1937969459168e-05
MIR365A	6.185036437178598e-05
RP11-822E23.4	6.164204571055524e-05
RP11-449J1.1	6.163844911948181e-05
CACNG5	6.159019251061458e-05
RN7SL25P	6.129067860951746e-05
RNU6-583P	6.093574701984996e-05
C1orf146	6.082758805750991e-05
RP11-798G7.8	6.0774262631702286e-05
CTD-2643K12.1	6.051164078994547e-05
CTD-2349P21.9	5.967091667523358e-05
RP4-612C19.2	5.961462521356537e-05
RP11-264L1.4	5.9610240000017364e-05
RNU5A-3P	5.950329736504002e-05
RP11-263K4.3	5.934679511118042e-05
PSPHP1	5.9089165872027244e-05
FAM181A	5.8958323589225036e-05
CTD-2353N24.1	5.852903097933901e-05
CICP22	5.825700233234833e-05
RP5-1025A1.3	5.8191520088151594e-05
AC079613.1	5.794264480966795e-05
AC012370.3	5.777933922300802e-05
LINC01133	5.717304020160676e-05
RNU6-195P	5.710815653161106e-05
SNORD3B-2	5.691900721978917e-05
CTB-167G5.6	5.642914905754221e-05
RP11-248G5.8	5.636304370244839e-05
IFIT1P1	5.624272858568445e-05
CTB-88F18.4	5.613822982511023e-05
DHX29	5.608408345349597e-05
RP11-473L15.3	5.603269377276471e-05
RPS23P8	5.5986682688947334e-05
RP11-439L18.2	5.5607556079276286e-05
EXOC3-AS1	5.5306374848294035e-05
NBR2	5.529380207708097e-05
RP11-267C16.2	5.471516955000945e-05
RP11-698E18.1	5.471087902954668e-05
RP11-595O22.1	5.4458110500871446e-05
RP11-500M8.4	5.435595835453478e-05
TSSK3	5.429175420278302e-05
RP11-105C19.1	5.401581300341813e-05
FAM127B	5.38781751873317e-05
SLC5A3	5.332071872210436e-05
SAAL1	5.330456714165213e-05
RP11-551G24.2	5.3008466208406385e-05
RP11-388K12.2	5.294897280166193e-05
RP11-494I9.2	5.28103856266406e-05
LINC01080	5.24585497249443e-05
ZNF629	5.245451350321186e-05
RNU6-951P	5.238523264400592e-05
NDUFA3P2	5.237502942941558e-05
MGAT5	5.216744429920674e-05
RP11-190P13.2	5.21362403773192e-05
RP11-165M1.1	5.2102046186219505e-05
RP11-678G14.3	5.20531243528394e-05
RP11-350G24.1	5.150487397268303e-05
RP11-524L6.2	5.1380691690335846e-05
RN7SL314P	5.128621309523406e-05
RP11-513M16.7	5.1281193735567254e-05
TECTA	5.0976997667221116e-05
HNRNPKP3	5.063436511194787e-05
AC007899.3	5.063168891738123e-05
ZSWIM6	5.0546540474719186e-05
RP11-319G9.1	5.045882108389001e-05
RP5-963E22.4	5.00921235060581e-05
ATP5F1P6	5.007046660196121e-05
RNU6-547P	4.998759328687892e-05
FRG1HP	4.993181240310819e-05
CAMK2N2	4.9669294101211614e-05
TGFB2-AS1	4.96170998723417e-05
RN7SKP224	4.911564619416698e-05
RP11-80H5.9	4.9073074369925904e-05
RN7SKP271	4.9070208284872086e-05
KB-1572G7.3	4.8849613133903444e-05
RP11-1148O4.2	4.8763373267221366e-05
SLC25A5P4	4.857652976068356e-05
RP4-803A2.2	4.83339152389269e-05
SOX21-AS1	4.8240702744165234e-05
VN1R84P	4.8149141012692153e-05
AC090286.2	4.794443684947792e-05
MIR8064	4.7731180046615706e-05
RBM17P4	4.7563687140772916e-05
PKMP4	4.750797146303724e-05
RP1-136J15.1	4.722537226356018e-05
RP11-64P14.7	4.711428274238808e-05
RP11-140K17.3	4.685100389774685e-05
RP11-535M15.2	4.665237267438342e-05
AC024560.2	4.641465077165582e-05
HIST1H1PS2	4.639075214517217e-05
ANP32D	4.63164210077318e-05
PROSER2-AS1	4.6276810369845814e-05
RP11-323I15.5	4.6204691920196486e-05
RP11-435F17.3	4.616474400482457e-05
PTCD2P2	4.597884231951442e-05
RP11-142A5.1	4.577965246740351e-05
RP11-188P17.2	4.5244235568299075e-05
FRY-AS1	4.447653089875699e-05
RP11-7F17.3	4.4460693015377456e-05
TTN-AS1	4.441349588104331e-05
RP11-200A1.1	4.434561750842692e-05
RP11-346D14.1	4.4043178602981605e-05
MIR3147	4.392418574342663e-05
RP4-778K6.3	4.3638090837610164e-05
RNU6-318P	4.3578286627265185e-05
RNF103	4.3475479866432844e-05
RP11-424M22.1	4.346274977548216e-05
PPIAL4F	4.342314722762069e-05
ZNF299P	4.3379311154631804e-05
RP11-830F9.7	4.32707552744445e-05
RNU6-956P	4.3116393259770436e-05
AC005301.8	4.310934367140993e-05
RP11-324I22.4	4.280272980001619e-05
RP11-128N14.4	4.2500102573870475e-05
IFIT5	4.243573255186284e-05
HAPLN4	4.237660788939144e-05
LINC00645	4.2112355884353365e-05
AL022345.11	4.204068447334427e-05
RP11-415I12.2	4.1875243912820607e-05
RNA5SP382	4.1572952580030326e-05
VHL	4.141780077208639e-05
RP11-433A10.2	4.139379707943762e-05
RRP7A	4.138929912802891e-05
RP11-403A3.3	4.111223751083894e-05
MIR4635	4.098194843959978e-05
RP11-95P13.2	4.066897418259061e-05
RPA2	4.049896846780575e-05
IGLV3-29	4.0475947669017744e-05
MIR302B	4.0446921826381855e-05
CHCHD2P3	4.040751748511248e-05
TLX3	4.014920427059037e-05
OR13C1P	3.97445187096053e-05
ADRB2	3.967890466621937e-05
MIR410	3.9633915760701094e-05
RNU6-79P	3.960371536830629e-05
THAP12P8	3.891828419140567e-05
AC019084.7	3.885265934962411e-05
KIAA1024	3.877614296450635e-05
CTC-459F4.1	3.801414648544091e-05
RP11-165F24.3	3.788856556015086e-05
AP004290.1	3.7578093385489485e-05
RP4-673D20.5	3.7326456796758034e-05
RP11-286B14.2	3.716964940061779e-05
RP11-481J2.1	3.62786355386031e-05
BNIP3P26	3.562978009712652e-05
LINC01124	3.5586076420938684e-05
CTB-23I7.1	3.547242475241699e-05
RP11-313I2.7	3.5396142067762574e-05
RP1-228H13.2	3.509640608272878e-05
SF3B4	3.4745968516824574e-05
AC004221.2	3.4659568252149425e-05
RP11-598D12.2	3.453060371281478e-05
AC009120.11	3.4465946929061106e-05
JRK	3.4102159181821065e-05
BORCS7-ASMT	3.392672522356575e-05
RP11-697N18.3	3.390473677721957e-05
AC093698.4	3.374883173318673e-05
FOXP1-IT1	3.3644885499694476e-05
RP11-1H15.2	3.276935583090895e-05
CSRP3	3.2759988696493954e-05
RP11-1277A3.3	3.23966944279458e-05
RP11-303E16.2	3.220651750801582e-05
SNORD116-5	3.212356778782857e-05
RP11-150O12.5	3.2004994398803135e-05
HBE1	3.152761733509351e-05
FEN1	3.13882945720306e-05
KRTAP5-7	3.1171560161100444e-05
CH17-12M21.1	3.1148918611954516e-05
TAF13	3.0596813486988556e-05
ASS1P11	3.054478740045572e-05
RP11-461F11.3	3.053785464670654e-05
AP000457.2	3.051381958904249e-05
RP11-326J18.1	3.047738840300544e-05
HMX1	3.0457471597185297e-05
RP11-941H19.1	3.0169394936413974e-05
MIR4714	3.0112097624987825e-05
RP11-461M2.2	2.9734857535235042e-05
TFDP3	2.9567237401649906e-05
CTD-2200A16.1	2.9544222797348025e-05
PTPN1	2.9514144021695024e-05
ATXN2-AS	2.9508123484420374e-05
MED11	2.9488148856121646e-05
SPIC	2.91386732874398e-05
RP11-864N7.2	2.8947707432328543e-05
RP1-102K2.8	2.8861373691501754e-05
RP11-224O19.4	2.8551128672576352e-05
RP11-262D11.2	2.8448705742903556e-05
RP11-245J9.5	2.8340650127058165e-05
CLLU1OS	2.7996183073922708e-05
RP11-424C20.2	2.7661045792568795e-05
RP3-511B24.5	2.7158577266768207e-05
RP11-588L15.2	2.714704827822005e-05
RP11-542F9.1	2.698453569485837e-05
TECRL	2.677772381911744e-05
RP11-627G18.2	2.6742122650925924e-05
RP11-7O11.3	2.6574568174406324e-05
OR7E111P	2.6271441139664877e-05
MTCO1P27	2.610915014291067e-05
RP11-338I21.1	2.5972921245039748e-05
ZNF8	2.5834995580568205e-05
NDUFS5P1	2.5768837488310792e-05
FGFBP1	2.5766513524834977e-05
MRPL50P2	2.5690991188565787e-05
NPY	2.5490021284460578e-05
RP11-638L3.3	2.5445893539617342e-05
SIX2	2.5424443263573015e-05
SRP68P1	2.5301814148972476e-05
RP11-552F3.4	2.4858140151979403e-05
RP11-874G11.1	2.41263428377019e-05
RNU6-748P	2.409555931953676e-05
PEX5	2.3919708254216278e-05
AC016644.1	2.3916180310686706e-05
IMMP2L	2.3712456601738816e-05
PDZD11	2.3626837296458784e-05
RP11-557H15.3	2.3611789417581266e-05
SEPHS1P1	2.3588637169786258e-05
RP11-972P1.8	2.3300219176763887e-05
RP11-46A10.5	2.3247280518806497e-05
MPRIP-AS1	2.3203883136816516e-05
COPS8P3	2.320150810784602e-05
AMDHD1	2.263109222553064e-05
IGKV3D-7	2.255036939146569e-05
DYNLL1P2	2.2466250224402425e-05
HSFX2	2.2310511882227457e-05
RP11-437L7.1	2.2173614290344336e-05
AC053503.4	2.1362940786087637e-05
TMED11P	2.1268686634153663e-05
BTF3P9	2.1178750067405484e-05
ASPHD1	2.114000404967249e-05
AC007292.4	2.1110663975028455e-05
RP11-122K13.15	2.0778665561130433e-05
RP1-192P9.1	2.069508075535723e-05
COX17	2.059292725225164e-05
RBM46	2.048865248047164e-05
CTD-2309O5.3	2.0476800222672036e-05
SNORD116-18	2.031311725398304e-05
RP11-66N11.7	2.0147977074753993e-05
CTA-415G2.2	1.9942404583732147e-05
MDP1	1.9907014161921033e-05
MS4A5	1.9811926259356844e-05
RP11-632K5.3	1.9705378150278884e-05
RP11-234O6.2	1.965149001444816e-05
RP3-394A18.1	1.9155719734517857e-05
RP11-1080G15.2	1.9094821812786548e-05
MTCYBP18	1.9088027672334182e-05
RP4-764O22.1	1.896271859913983e-05
RP11-774O3.3	1.7871884727630213e-05
CTB-58E17.2	1.7667157749061635e-05
SIX1	1.720615829081525e-05
RP11-235E17.3	1.7195355400638888e-05
MLLT10P1	1.70902378354596e-05
RP5-1029K10.2	1.687118593774001e-05
C1orf229	1.684853509606391e-05
RP11-122C5.3	1.672038605745151e-05
LINC01460	1.6684600383613737e-05
AL590763.5	1.6405179057448098e-05
RP11-256L11.3	1.628750257785844e-05
DAD1	1.603578507801927e-05
CFL1P7	1.601952318799396e-05
RP11-798G7.5	1.5921433686271146e-05
RP11-109A6.3	1.54548132240144e-05
GJA1P1	1.522691234980103e-05
AC073464.7	1.512504496381794e-05
AKR7A3	1.5070976596192527e-05
RP11-22N19.2	1.5063762636917313e-05
WASF3-AS1	1.4831835145642558e-05
CDCA4P4	1.4724633195990771e-05
RPS2P48	1.4520527519500338e-05
ZNF37CP	1.4422368594686732e-05
RP11-284H19.1	1.4365084559228594e-05
AP000439.3	1.4349633275666426e-05
MIR877	1.4155388780316069e-05
RP3-368A4.5	1.4133543679646027e-05
uc_338	1.4020937298684566e-05
RP11-419I17.2	1.4004577678602436e-05
RNU6-1110P	1.3786434498131849e-05
ARRDC2	1.3487920211823822e-05
RP3-429G5.5	1.3391106888641629e-05
RP11-475I24.3	1.3357433770138695e-05
CTD-2135D7.4	1.3109577472393244e-05
MAGI1-AS1	1.279360219256655e-05
RPL29P33	1.2638868282175204e-05
RP11-616M22.2	1.2399940207915024e-05
RP11-9B6.1	1.2397589026945629e-05
PNPLA3	1.2138628162917662e-05
DPPA5	1.190533268685947e-05
ZNF175	1.1817073892698247e-05
RP5-1059H15.1	1.161893426118183e-05
RP3-331H24.5	1.1298330713108199e-05
XXyac-YX155B6.7	1.1133092003958414e-05
RP1-92C4.2	1.1017737793206605e-05
RP11-1086I4.2	1.0981418673921545e-05
RP11-403A3.1	1.086729069606756e-05
ACTG1P12	1.0842998341476846e-05
RP11-508O18.1	1.0685344349163669e-05
TMEM150C	1.0676666491654702e-05
CELF2-AS2	1.0660040482385046e-05
Z83001.1	1.0529978455102143e-05
HMGA1P2	1.0112841785996906e-05
CBX5P1	1.0102260821409359e-05
MIR548AM	9.940497730621082e-06
OR2B3	9.874993399649203e-06
AP000350.8	9.801255826024476e-06
EDDM3CP	9.80082512925238e-06
MTND5P10	9.671255850923616e-06
CYP2C58P	9.640426471894445e-06
RP11-317B3.2	9.511202959796258e-06
HSF1	9.153938289206933e-06
U1	9.092405348115808e-06
RPL7P52	9.077175760099886e-06
CTB-171A8.1	8.70690382276912e-06
DUX4	8.606111254565992e-06
ZNF90P1	8.443625679488702e-06
AC007078.4	8.344481725773241e-06
RP11-404O13.4	8.08686500046787e-06
SNORA58	7.98512363762085e-06
DMRTC1	7.888988050781859e-06
RP11-330A16.1	7.872869401683443e-06
CA4	7.628319775222128e-06
RP11-680C21.1	7.420565360287338e-06
RP11-115P21.1	7.0862501879477825e-06
XXbac-B444P24.8	7.058277825019485e-06
RP11-1E1.2	6.860386759152414e-06
SYS1-DBNDD2	6.598816532682671e-06
MYL6P1	6.169379741405114e-06
AC018696.4	6.057544991726665e-06
RP5-875H18.9	5.895242909711865e-06
RP11-284P20.3	5.8604228331185846e-06
LINC01098	5.652290818904942e-06
MIR6127	5.379825848569105e-06
ALG1L9P	5.260923044103429e-06
SNAI1P1	4.91773627377533e-06
MED28P7	4.80653965936231e-06
ARL17B	4.730177473196422e-06
UTP6	4.264474409102782e-06
CTD-2298J14.1	4.0465969710682425e-06
RP11-698N11.2	3.985764123527477e-06
RN7SL494P	3.688853492757064e-06
CTA-29F11.1	3.446643231959247e-06
GLUD1P3	3.156413528888462e-06
RP11-383J24.2	2.978029790137393e-06
GAPDHP64	2.250769189699589e-06
SHANK2-AS2	2.0053408122390466e-06
SAMD7	1.7457296514973796e-06
RP11-52L5.6	1.6047572710174868e-06
SLC26A7	1.603301986710647e-06
RP11-489D6.2	1.5319086017679074e-06
C5orf60	1.4546934325074887e-06
RP11-91A18.4	7.723768013697109e-07
U2	6.032076809037556e-07
RP1-144C9.2	5.83568718202958e-07
TNFAIP8L1	4.369562018740925e-07
RP11-43A14.1	3.949512305654307e-07
RP4-657D16.3	3.914138015402361e-07
