GIMAP7,0.028083837928485816
GVINP1,0.02700375368092875
GIMAP8,0.02672016346548339
ADAMTS5,0.026513190556002687
GIMAP5,0.026400736630047363
GAS1RR,0.026140109549339912
PALMD,0.02606172108321865
GPR174,0.02597790307528179
CCL14,0.025835870485624586
LINC01140,0.02575270137355064
RP11-175K6.1,0.025669283692858088
MSRB3,0.02517892507212139
GIMAP4,0.02509259621577611
PTGER4,0.02487889661156232
RP11-736K20.4,0.024538298026756097
ZNF831,0.02429273967529405
MPEG1,0.0242508525363429
GIMAP1,0.02422332071962886
IGSF10,0.024062140437240778
SLC22A31,0.023964991151502923
LYVE1,0.023869078393245334
RP11-175K6.2,0.023792856664949413
CRTAM,0.02372986319980008
MMRN1,0.023683327694491243
NKX2-1-AS1,0.023582478612465273
DPT,0.023310359055988224
PDCD1LG2,0.023204405923726443
RP11-138I17.1,0.02314856571619901
MYCT1,0.023095667255898893
TRAV25,0.0230560652388916
OLFML1,0.023055705528778017
LMNTD2,0.023029716758126657
AC116035.1,0.023024785304324297
GZMK,0.023014749132229787
TRAV23DV6,0.02301090791179505
BTLA,0.022989204361870255
TRAV29DV5,0.02295957603700554
FGF7,0.02289990212665343
TRAV8-2,0.022852845830033025
KCTD12,0.02285098377826279
TRAV8-3,0.022846350696763728
CD3G,0.022806618933527287
CTD-2536I1.2,0.022745292843841
RP11-496I9.1,0.02272247425283932
SEMA3G,0.022642433389285073
AOC3,0.02263579189869904
TRAV12-2,0.022627025969914352
SNAI2,0.02262075927039174
PTGIS,0.02255648982542008
THEMIS,0.022531745254472487
CTA-212A2.1,0.0225309206223867
TRAV12-3,0.022465396260375862
PECAM1,0.022447595080210096
TRAV14DV4,0.02242187856222901
PLEK,0.022420291978550142
ACKR1,0.022418202823419525
FSTL1,0.022387678648945634
CD40LG,0.022346093785623317
ANTXRLP1,0.02231887242212134
SPACA4,0.022317297232960446
TRGV3,0.022316358113010373
TWIST2,0.022284973293711742
TRAV13-2,0.022274368594538234
RP11-389C8.2,0.0222683203781235
CLEC1A,0.022247992748187197
AC026471.6,0.022220085335894244
PDK4,0.022204776964696527
TRBV2,0.022150130275290638
EMCN,0.022147857191832862
BET1P1,0.0220912462422053
TRBV20-1,0.022042619818190983
LRRC70,0.02203513460127366
RP5-965F6.2,0.022031928796122913
CD200R1,0.0220175677347887
TRAV9-2,0.02199107475658109
RP1-37N7.1,0.021979601958090695
TRBV19,0.021977527905329912
KRT18P8,0.02195310338185157
RP11-6O2.4,0.021938735405151878
RP11-542M13.3,0.02192909643537221
CADM3-AS1,0.021922579547655835
PTCSC3,0.021869997280624547
TRAV38-1,0.021865479129998252
TRAV16,0.02182335010915624
IRF8,0.021793550538612302
ISM1,0.021786565744596
TRAV17,0.021735038453249256
MAMDC2,0.021727325182943052
CD226,0.021721944494056327
TRAV8-4,0.021696763218255442
TRBV29-1,0.021664777893640713
CD93,0.021615408457316767
STPG3-AS1,0.02159862758067654
TRAV21,0.021595691789729272
TRBV7-9,0.021589929305392577
FLRT2,0.02158782910742989
RP11-736K20.5,0.02158612244785073
AC135178.7,0.021567675836103466
HMGB3P10,0.02156399018599575
CD247,0.02153359263085319
TOMM20P2,0.021510132478595463
ARHGEF15,0.021507458755616948
TRAV3,0.021503117247720496
CD3E,0.02145297458209131
TRBV6-5,0.021370122153889556
RP11-76C10.6,0.021320953213895877
AP000476.1,0.021303380967228225
TRBV3-1,0.02130214085323505
HSPA12B,0.0212965228226088
TRAV26-1,0.021253063868344527
RP11-117D22.2,0.02125012954946186
FABP4,0.021243630250780025
CCR2,0.021172824323037843
PIK3CG,0.021168303700420936
LINC01537,0.02114708365115979
SOX7,0.021094205460501086
RP11-672A2.4,0.02107731652051016
TRBV6-6,0.021051055647837713
VEGFD,0.02101515656468875
GIMAP3P,0.021006868878991825
TGFBR3,0.020994596656854658
TLL1,0.020975905591642505
CLDN19,0.020962401800124996
CLEC3B,0.02095570868680975
CTD-2078B5.2,0.020922306976466746
RP11-494M8.4,0.020907650563299764
TRBV4-2,0.020902534238806236
TRAV13-1,0.020902048334465382
AKAP2,0.020896507208760292
CAPN12,0.02084177742177098
RP11-66B24.4,0.020834249167378964
RP11-222K16.2,0.020829441056024196
EVPLL,0.020824199085831104
RP11-92C4.6,0.02081781418041923
TRG-AS1,0.020813139831108423
TRBV5-1,0.02079687363534204
TRGV7,0.020756327193992556
RP11-342D11.3,0.020753791909039386
TRAV5,0.02075257072665213
TRBV27,0.02073867325675793
STX11,0.020734837084828338
CMA1,0.020726194820366587
PCOLCE2,0.020710034588864692
RNU6-242P,0.02070902621505473
S1PR1,0.020701815670782345
LINC01197,0.02067737506694891
FAM110D,0.02066936649110132
TRAV6,0.02063270206238956
HNF1B,0.020616874739396718
CNTNAP3P2,0.02061021746595252
RP11-64C12.8,0.020597216842132792
SFTA3,0.0205870356886933
TRBV9,0.020586997521528067
RP11-167N4.2,0.020565288654103068
TRGV2,0.020561630908093976
TRBC1,0.020560746077372998
CTD-2207O23.3,0.020558254025471838
TRAV12-1,0.02050799660784237
AC097713.4,0.020502641359259915
TRAC,0.02047117176778374
MYZAP,0.02047057421410546
CXCR5,0.020456939295727474
CTD-2023N9.1,0.020450900380136416
RP11-1024P17.1,0.020450056759493997
TRAV8-6,0.020445898654882166
MME,0.020444833864232483
MRGPRF,0.020433719740709864
TRBV15,0.020426569169385272
EVI2B,0.020417239790497293
TRGV10,0.020409547341985888
P2RY8,0.020398727854938962
FZD4,0.02037824348903924
RP11-290O12.2,0.020327349615642563
TRAV4,0.02030995732827479
RP11-554A11.4,0.02030016834344679
TIFAB,0.02027171250862194
TMEM132C,0.020264418247051136
LINC00702,0.02025863833718607
TRAV19,0.020238888835191707
TRBV11-2,0.020214913199622594
RPS29P2,0.020187744097126686
TRBV12-4,0.020187232336898266
TRBV6-1,0.020170957420195493
TRBV5-4,0.02016502796298283
CD2,0.020158768018033943
SPIRE2,0.020154102594634474
AP001189.4,0.0201466968574214
SMIM22,0.020111251733636985
XPNPEP2,0.020106768404679377
GPIHBP1,0.020103100746691444
IL18R1,0.020101713075402337
RP11-35J10.7,0.02008785522557949
RP11-285E9.6,0.02007976862571508
NKG7,0.020078493778657742
TRAV10,0.020064381683688296
ZNF80,0.020049966335415326
TRBV18,0.020047276549997172
PLCG2,0.02001742505757546
CCDC8,0.01998265080761555
STPG3,0.019980932663871666
TRAV20,0.019972746874814182
CD48,0.019967197150900038
FGL2,0.019950714032907275
AP000892.6,0.019923014160932766
TRAV24,0.01992197503841868
RP11-673E1.3,0.019913297965225597
LINC01624,0.019904296722860666
MAGIX,0.01988379574195463
RP11-81K2.2,0.019882728857952333
CARMN,0.019878924665948934
RP11-18H21.1,0.019874966345337468
RCSD1,0.01985613660809051
AC000403.4,0.019853219669074017
CCL5,0.019851553394518592
EGR1,0.0198339342821263
LINC00402,0.019816838269419493
RP11-116B13.1,0.01979712108684211
TRGV4,0.019796838621047978
NOXA1,0.01979582682844944
GOLT1A,0.019778565655151875
EBF2,0.019777034454794683
SYNPO2,0.01975911243737589
FAM26E,0.019737530315807418
ACKR4,0.019736741650858293
FASLG,0.019716091149784773
DNAJB13,0.019693310364253997
RP11-35J10.6,0.019682180414808754
TRAV41,0.019671090367142458
GGTA1P,0.01965339659650398
RNF150,0.019637950489285048
ECSCR,0.019633395639269368
CD5,0.019632258239733358
RP11-3B7.1,0.01961848094610628
MFAP5,0.019601734162292706
COL6A6,0.019596684273078032
MNX1-AS2,0.01959022570145315
RP11-464C19.3,0.019528397625235575
IL10RA,0.019516226079569883
RP11-627G23.1,0.019494596390558235
GIPR,0.019481251664567656
RP11-76C10.5,0.01947233045670078
CYBB,0.019448459677036366
LTA,0.019424571140342257
STAP1,0.01942124678146679
LINC00211,0.019408048770543057
CNN1,0.01940577847003812
FAM196B,0.019400890138660032
MYBPHL,0.019390050857267596
SYNPR-AS1,0.019381837622112857
AC104820.2,0.01937220132670148
ADIPOQ,0.019370585741865072
AL035610.1,0.019346833507578428
TRAV35,0.01933801273036462
TRBV14,0.01933097523238418
RP11-467I17.1,0.019328702180773084
COL15A1,0.0193271365923227
CXCL9,0.019321574433424502
RP11-400K9.3,0.01931171285856988
TPRG1LP1,0.019311307894846697
EVPL,0.019307728083736455
CNR2,0.019256205800895612
TRIM80P,0.019244664919772583
ZCCHC5,0.01923645467535336
OAF,0.019226430166255803
ANGPTL5,0.01921872747974139
LINC00861,0.019204587787247714
TRBV10-3,0.019196312137519492
MEDAG,0.019188246797018395
TSHZ3,0.019175612449213834
RP11-74M13.5,0.01916896266057384
BIN2,0.01916531111206905
RP11-6O2.3,0.019160312909316118
NPR1,0.01916003705036203
SASH3,0.01912958484980018
RP5-1057J7.7,0.019122917975383392
TCL1A,0.019085826063625435
AC112229.1,0.019074140208024826
SIT1,0.01905077092647335
FBXL8,0.019031553102637606
FOXO1,0.01903016080831091
RFLNB,0.01902068788619869
LINC01352,0.019014704692913557
RP11-100L22.1,0.01900665480065565
RP11-280O1.2,0.01899006646194724
TRHDE-AS1,0.018981536962854595
KCNMB1,0.018967562875214887
TLR1,0.018960851600415836
RP11-442O1.3,0.01895392620435689
MSC-AS1,0.018918829290636697
XCL2,0.01890655216037146
RP11-475B2.1,0.018878105757190934
HLX-AS1,0.01887373982714307
CYP7A1,0.01887169097301945
C1DP5,0.018858218596606278
EMP1,0.0188556282357648
MME-AS1,0.01884457188878783
CRIM1,0.018842227720664108
RP11-121A8.1,0.018828295800209855
TMEM5-AS1,0.018811445728528886
NOV,0.018810524835047828
CD69,0.018795009534465758
RP4-575N6.4,0.0187883210146154
FHL5,0.01874931669692919
CTC-378H22.2,0.018727098938837207
LINC00968,0.018726973950981263
MSANTD1,0.018726637041999575
TSPAN2,0.018724160292994042
FAM124B,0.018694356745667953
LINC00989,0.018680782894687054
MIR548AO,0.018673308900340312
AC097468.4,0.0186429887779422
RP11-304F15.3,0.018640640718381955
RP11-254F19.4,0.018634464535731598
IFNG-AS1,0.018629393890792025
LINC00482,0.018621105218056547
KLRB1,0.018603578176015684
TRBC2,0.018596231189864813
ADRB2,0.01858959082203101
RP11-815M8.1,0.018587467526873184
GPR146,0.018575634248080848
RP11-667F14.1,0.01855920896209433
OXTR,0.018558196895568747
NAPSA,0.0185318375123245
TNFSF8,0.018518514496991663
RP11-227H15.5,0.01851767519647642
RP11-202G18.1,0.018501573506637968
ANGPT1,0.018499074323138923
AP006285.2,0.01849800512664888
SFTA2,0.018491787367443904
MAB21L1,0.018487841536132196
SLFN12L,0.01847262466489326
GIPC2,0.01845930331749185
GLYAT,0.018453707739457634
SNORD104,0.01845208902290938
FTH1P22,0.01843425337881287
RP11-554I8.1,0.018430332023134783
PCAT19,0.018420071191755417
MIR559,0.018410287259304013
TRAV22,0.01840585814302523
EGR3,0.018384120914428318
TUSC5,0.01837405632193665
FZD7,0.018348139859754153
RP11-255G12.2,0.018346261726716745
LINC01070,0.018330580721715166
RP11-399K21.13,0.018329675959592118
RP11-1094M14.5,0.01832163342574703
FBXO32,0.018304429980465994
JPH2,0.018299613687834428
SFTA3,0.01828427866648505
RP11-326C3.2,0.018282480511502608
KIAA1462,0.01828185278102818
CA4,0.01826603503012284
GLIPR1,0.018265100678657043
RP11-307E17.8,0.01826430870513002
RPL10P19,0.018237003182557922
GZMA,0.01823130478072431
SH2B3,0.018211099997127923
FP325317.1,0.018202986140796122
TLR7,0.01819409934361769
MROH6,0.018193945961098267
SAMD5,0.0181818426166704
CIDEC,0.01817125612769608
TRBV21-1,0.018160898641032427
NRROS,0.01815461160930966
DNAJB4,0.018126319857110433
AC073850.6,0.018112974058776116
GBP1,0.01811208954626918
SLC39A4,0.018098727828803823
HID1-AS1,0.01807230343926082
CTB-133G6.1,0.01805065405425842
ICAM3,0.018044142324001852
CERS3-AS1,0.018041203170949694
RP11-387A1.5,0.018036714850955274
ANGPT4,0.018030708115638294
RP11-626H12.1,0.018027832485947397
TMEM125,0.01802137469047865
CD248,0.018018035083667033
CYP26B1,0.018017602625676733
AMN,0.01801409892922306
HAGLR,0.01800727937736008
LINC00920,0.018001633338236487
AC010761.14,0.017996265607473385
RP1-63M2.7,0.017984098792246894
RP11-90C4.1,0.017983637335960145
RP11-73O6.3,0.017971977093032936
RP11-127I20.5,0.017971975614707036
CD3D,0.017961851066220655
FAM83E,0.017957464889101906
MIR663AHG,0.017951652983553633
P2RY14,0.017936061040865512
TRBV28,0.017924912421614102
TRAV26-2,0.017918948582313667
U47924.32,0.01791693012790009
SIRPB3P,0.01790217134502849
RP11-51B23.3,0.01789056430980225
TRAV27,0.017890280020239152
RP5-1028K7.2,0.017888895598029492
UNC5CL,0.0178859358501185
CTC-431G16.2,0.01788018701650496
CASP12,0.017879909550222766
CXorf21,0.017878727202485158
AC093609.1,0.017860459174629098
LHFP,0.017848958219644356
RP11-400K9.4,0.01783651199472793
ALX4,0.01782112693997919
SENCR,0.017804220577981682
TRBJ2-1,0.017792198032160193
RP4-673D20.4,0.01777817344769228
MAS1L,0.017768749241351335
RP11-385F7.1,0.017768376174070684
RP11-567J20.2,0.01773788284223674
RP11-806O11.1,0.01773581372755394
AC016995.3,0.017735158941482518
CTD-2619J13.13,0.017732112304663053
RP11-465B22.8,0.017717043117961042
CCL4,0.01770225873983524
RP4-673D20.3,0.017693884524726106
CX3CL1,0.017686415990479633
ANGPTL7,0.01767842858244952
NMUR1,0.017672693256357945
MRGPRF-AS1,0.01767244374940476
RP11-81M19.3,0.01766196446114226
PRICKLE1,0.01765891486727431
ORAOV1P1,0.01764099226628225
TMEM92,0.017640253121261926
RP11-761I4.4,0.017629297206434257
RNA5SP154,0.017627573143009004
LINC00996,0.017625304874900213
RP11-286B14.1,0.01762445249505148
RP11-553L6.2,0.01762254674795429
ZNF521,0.017617362953547846
SVILP1,0.01760399824350138
CTB-49A3.4,0.017600208634762055
TMEM238,0.01759812811106084
B3GNT8,0.017572447204571958
CTD-2134A5.4,0.0175478190315894
TMEM119,0.017546002962292057
CTD-2245E15.3,0.01753478091377467
SMIM1,0.017515631027628147
AC013268.3,0.017508582300888968
LINC01013,0.01749356956057298
RP1-93H18.1,0.017490600380744906
RP11-83B20.10,0.017474776281209914
CDKL2,0.01746573547788619
CD180,0.017454541238808935
GPR65,0.01745252860227455
OSR1,0.01745151050855164
MAFB,0.01744913901650917
TNFRSF13C,0.017446468671204727
RP11-1055B8.9,0.01742392623361131
RP11-524N5.1,0.017417929315853457
ADAMTS9-AS1,0.01739657635172332
KRTAP5-1,0.01739238383596686
CTD-2298J14.2,0.017383051137563027
BHLHE41,0.017366009250993936
LIPE,0.01735748938048397
MBNL1-AS1,0.017354474566350937
TMEM105,0.017353036848213457
CCL16,0.017350551881463158
RP4-758J18.10,0.017349982596778068
RNU6-403P,0.017326277429394635
AGAP11,0.017312950385929195
WBSCR27,0.017311279261830233
TRBV5-5,0.017297383777869657
CXCR6,0.0172869427497032
KRTAP13-4,0.017285204763626893
PTK6,0.017281306310932467
CTD-2054N24.2,0.017275914466312742
PPP1R16B,0.017272929864767063
RP5-831C21.1,0.017247491916014043
SDPR,0.017216712838451873
LRRN4CL,0.017216086590936642
MST1P2,0.017209521452881876
TRABD2B,0.01720268716744433
SLC10A6,0.017199435449006324
RP4-575N6.5,0.017197416523053132
MYL9,0.01719399941255773
ZDHHC11B,0.017193031727149956
ADAMTS9-AS2,0.01718387336083339
PALM3,0.017180683028596606
LCN6,0.01714557372035928
SAMHD1,0.017145354238491266
GPR31,0.01713589602783885
RP11-1260E13.3,0.01713344465977209
AC006369.2,0.01713226282000351
ARHGAP31,0.017126276434157733
CTB-43E15.2,0.01712353794613342
CRYM,0.017106360779820615
TSHB,0.017105677785319632
RP11-191N8.2,0.01710322006420588
AC011738.4,0.017102730098681643
CDC37P2,0.017092123262120937
FFAR3,0.0170848075290217
LINC01215,0.01707795561024087
RP11-510N19.5,0.01707629149272221
SCTR,0.017073607580027288
LA16c-349E10.1,0.017059440136560803
RP11-554A11.5,0.017058874023807433
CTGF,0.01702451214244368
AC090954.5,0.017021008818168617
XCR1,0.017008464602322373
RP11-465B22.3,0.017005317260499427
CCR1,0.017002675872070664
RP11-434D2.11,0.016994825820156448
PLA2G10,0.016989387264994507
RP4-737E23.6,0.01698612588374125
SPSB2,0.01697922331247284
TRBV7-4,0.016974757585786867
RP11-95P13.1,0.016970935580065093
TRAV1-2,0.016969415085757434
VWFP1,0.01696310668901708
RP11-55L4.2,0.016960160395215525
FPR3,0.01695840828484849
BCL6B,0.01695724467633164
RP1-28O10.1,0.01695626280119222
HSD11B1,0.016949646806481308
NUP210L,0.01694695423429731
RP11-64C12.1,0.01693792104422313
PLIN4,0.0169310491985576
GPR55,0.016926014952145428
FAM83C-AS1,0.016919795104208178
LEP,0.016912473312728406
CHMP4BP1,0.016899889655026278
BOLA2P3,0.016896687475927034
IL2,0.016894312705746446
RP11-395B7.2,0.016876866079063843
RP11-730A19.5,0.01686508848092767
CXCR3,0.016850182171697255
OR52N4,0.016845199059905037
RP11-219E7.1,0.016842957648775154
NGFR,0.016842733361360347
GBP4,0.01682982371744606
DSC1,0.01682657759129097
KB-1440D3.13,0.01682550955276119
RP11-693N9.2,0.016821783273608244
MMP15,0.01681940975230124
CRYBG3,0.016819292039588367
RP11-44F21.5,0.016811188844104336
HCG11,0.016805599871865428
RP11-402J7.2,0.016798818762642425
RP11-73G16.2,0.01678550212920207
MSC,0.016780514385246994
CR1,0.01676395255385173
RP11-392O17.1,0.016761506140916774
ALG1L,0.016754381306118688
CYTIP,0.016754272979126617
RP11-439L18.2,0.016753927683981137
SOX17,0.016731227531438644
P2RY13,0.016708680931540664
PABPC1P4,0.01669387561864821
KB-1958F4.1,0.016687452927295378
TLCD1,0.01668687498921699
RP11-334A14.8,0.016666815464426825
ADORA2BP1,0.016637290528378038
TRBV7-6,0.016631397376459703
RASIP1,0.01662993805768692
HNRNPA1P70,0.016627889535180677
NCR3,0.0166044444819532
CYSLTR2,0.016604013664731732
RP11-513O13.1,0.016597888762141137
IL18RAP,0.016592933073234947
DKK2,0.016582151523428377
RP11-1070N10.3,0.016575665624067804
MAF,0.01655634035564873
RP11-401O9.4,0.016550529134294438
AC072052.7,0.016542741231677226
RP1-45N11.1,0.0165398339958509
PEAK1,0.016534544024788343
TRBV23-1,0.016534351837416247
TNFAIP8,0.016510640341272288
CTD-2033A16.3,0.01649451650199277
RP3-523C21.2,0.016494076153428308
TNMD,0.01646688366601582
RP11-401O9.3,0.016466422754877325
LINC00924,0.016459131233778047
MRGPRX2,0.0164553963236271
RP5-1102E8.3,0.016447016420755613
WFDC10B,0.016440982326983773
CTD-2135J3.3,0.016436670944835266
RP11-327F22.1,0.01642487567547033
GAPT,0.01642261087966566
PABPC4L,0.01641435245479711
ANGPTL2,0.01641025938927516
CTA-150C2.20,0.016402017298236572
CTSG,0.016389517366827838
GDF15,0.01638650798941681
PLEKHO2,0.016375698431362155
AC145343.2,0.01637261249672735
MNX1-AS1,0.016368936695246035
PTBP1P,0.016366263008389077
ADIPOQ-AS1,0.016363917206417895
FEZF1-AS1,0.01636316819869441
IFFO2,0.016354863271945425
RP11-164H13.1,0.016348439778568365
RP11-149I9.2,0.016337467356591674
AC009229.5,0.01632765557500153
MIR23A,0.016325168124984725
C10orf10,0.016319414036201556
FAM166A,0.01631436907045387
AC098824.6,0.01630791995210861
LATS2,0.016307405608842675
GAS1,0.016301816789675523
RP11-686D22.10,0.016301689127569532
NHSL2,0.01628550378972745
MNDA,0.016284526418451278
RGS18,0.016254056504537446
GFOD1,0.01622806978417574
OGN,0.016213419426129378
BTBD6P1,0.016212943027002692
AC093822.1,0.01620846363386034
AC006077.3,0.016204939514926936
LINC00896,0.01620429541095943
CTD-2313F11.1,0.01617820767821068
RP11-156K13.1,0.01616508912896144
CARD8-AS1,0.01615410566572133
RP11-96D1.6,0.016127325698768253
MIR6772,0.01611286074895692
CD4,0.01611058896200452
AP000662.4,0.016102568685837912
RP11-476B1.1,0.016094305809022526
AP001471.1,0.0160893250002125
RP11-333I13.1,0.016087469082265205
RP3-439F8.1,0.016084592489781387
ICAM2,0.016075878579077607
SIGLEC22P,0.016068042551162055
CCR7,0.016063336897092582
HAS2,0.016061342737269325
CTC-457L16.1,0.016054214149957655
WNT3,0.016053368104219506
RP1-47M23.3,0.016044689252453854
RNF125,0.01602802971433304
KLRG1,0.016012074705458745
RP11-567J20.1,0.01599637323691514
LINC00840,0.015989874953596928
RP1-127H14.3,0.015981833774850396
LA16c-380H5.2,0.015979908956675903
GRASP,0.01597309815239235
RP5-901A4.1,0.015970853178530066
HNF1A-AS1,0.01595551311824448
RP11-361I14.2,0.01594728579662091
CTB-129O4.1,0.015939714777276903
GP1BA,0.015930360895012343
RP13-516M14.2,0.015928737663862068
TACR1,0.015919877929691326
IL10,0.015902146989659433
RP4-803A2.1,0.015895297134105996
RP11-10J5.1,0.015883065579095287
SERPINF1,0.015868814742390918
CLECL1,0.015868439635449785
RP11-498C9.4,0.01586832497521125
LL22NC03-75H12.2,0.015866906818809975
RP11-750H9.5,0.015865947433216596
LINC00987,0.015861986107082744
RP11-305L7.1,0.0158544055376647
RP5-963E22.6,0.015821602875485657
SULT1A2,0.015819838393892206
C2orf40,0.015816180870892763
CHSY1,0.01580703528609379
SNORA44,0.01580316172827112
ZFP36L2,0.01579701568042679
RP11-536O18.1,0.015779004132190955
RP11-66B24.1,0.015774654565505485
C16orf54,0.015772387754827935
RAB40C,0.015766965956936885
AC079325.6,0.01576635226945013
RP11-81H14.2,0.015744215831743895
FAM173A,0.015736095333557076
OR2L1P,0.015719520110508103
TRAV39,0.015717573150977993
RP1-193H18.3,0.015713301981740948
HECA,0.015711379580682784
RP4-697K14.15,0.01570955042665116
GIMAP2,0.015696280773224717
PRF1,0.01568273390100819
MGAM2,0.01566693421464037
CTD-2506J14.1,0.015662990857457978
PLXNC1,0.015662645179812154
SELPLG,0.01565778324461901
MIR27A,0.015645134121731755
CECR3,0.015638329992527768
WAS,0.015634876180875716
RP11-44B19.1,0.015631135233801715
BRD9P2,0.015625775342444338
PKD2,0.015616701029042307
RP11-295M18.6,0.015612393626459354
EPHX3,0.015606193536291606
CETP,0.015602207699966304
RP11-647P12.2,0.015591962034268774
RP11-132F7.2,0.015591807217443947
RP11-1069G10.1,0.015584375436891475
RP5-1054A22.4,0.015583387160992923
AC011239.1,0.015581913673674888
OGFRL1,0.015568139498894093
CLEC14A,0.015557901387395648
KISS1R,0.015553159641995957
MXRA5,0.015547363285518324
CYGB,0.015536803497966482
PGM5-AS1,0.015533473903664248
RP11-589M4.4,0.015528822703781787
RP11-341G23.3,0.015527230893732496
AC068831.17,0.015522565716342284
CTC-1337H24.4,0.015509958023255738
RP11-291B21.2,0.015508237546773723
ZNF699,0.01549975563648702
RP11-305D15.8,0.015494639000878364
SLAMF8,0.015488184641938033
MGAT3-AS1,0.015487403236587018
NTHL1,0.015477811975452144
VPREB3,0.015464405546199895
CXCR2P1,0.015449251307758054
SPIB,0.015442249172598833
HCLS1,0.01543705114019557
AC079767.4,0.015433134665951163
AP006621.9,0.015430540111197967
AC008063.2,0.0154275432466245
VGLL3,0.015423906626704321
PIK3C2G,0.015420275142612584
C1QTNF9,0.015419678558203236
SAA1,0.015419035700259449
ABCC9,0.01541675943476423
RP11-32D16.1,0.015408491558361614
CLEC4C,0.015400942241824814
GPR15,0.015393640446588218
RP11-677M14.2,0.015392216179602998
RP11-1275H24.2,0.015390345637732694
ADH1A,0.015388177657360603
RP11-322E11.5,0.015381457275628443
TIMM8AP1,0.01538013401037188
RP11-535A5.1,0.015370412750874777
GJB1,0.015370382640954026
UCN,0.015367439279303525
SIRPG-AS1,0.015364802630544409
RN7SL417P,0.015355887686661799
RP11-17A4.2,0.015340707126623616
CTD-2561B21.11,0.015338007671431361
LINC00426,0.015326015652867281
FOS,0.015324483573178501
APOL6,0.01531843274063051
RP11-707G18.1,0.01531813309315665
RP11-47L3.1,0.015316329464244351
SOSTDC1,0.015311428012598698
C15orf56,0.015310702667958583
COL4A2-AS1,0.015307062531856137
FAM43A,0.015304527131431472
RP11-526D8.7,0.015292788476974569
RNU6-418P,0.015291967258976913
ITM2A,0.015283124653278492
RP11-66B24.9,0.01528248578677319
C14orf180,0.015274246969302952
PCP2,0.015274227490156481
LGALS2,0.015264564453421434
STON1,0.015263394272307065
MICAL3,0.015257667865852587
DNM3OS,0.015256092099191721
FGD5,0.01525231824684388
CTD-2536I1.3,0.015247203144519482
RP11-815J4.6,0.015241092873032092
HAND2-AS1,0.015238025917695791
MYHAS,0.015232021539881086
SLFN14,0.015229008781326244
CTD-3080F16.3,0.01522363134457113
RPS7P2,0.015212538801990121
HSPB2-C11orf52,0.01520966792418831
RP4-576H24.2,0.015207951373767207
CD83,0.015204418382944326
C3AR1,0.01520148519439639
GPR183,0.015185522242624231
ASCL5,0.015183668491913629
PLA2G2C,0.01518349474349061
RP11-756P10.1,0.015182776785477102
TCEA3,0.015177326290535786
RP11-283G6.3,0.015177295964922918
GRID2IP,0.01517541190128174
MAGOH2P,0.01517397210889042
AC005152.3,0.015173950151719268
RP11-1260E13.2,0.015173037290933106
RP11-428G5.5,0.015168417356052016
SULT1C2,0.015167090653103496
TRAJ1,0.015164951442033616
RP11-286H15.1,0.015161341436759073
RNF224,0.01515559967467265
CDC37P1,0.015141308149872374
KLF9,0.015139644445948367
LINC00640,0.015126900385543785
CLDN3,0.015124175045951205
CAMK4,0.015123114677882007
SACS-AS1,0.015109178533107689
RP5-1039K5.12,0.0150975628695622
CCR4,0.015095967604706996
CCL2,0.015087079832734418
Y_RNA,0.015076807171448828
CLEC6A,0.015070377122952934
RP11-179B15.6,0.015065767937307314
DUSP2,0.015060020359458963
RP11-889L3.4,0.015053490187836591
RP11-1101K5.1,0.015048065701194756
OLFML2B,0.01504208107700066
DGCR10,0.015032192941803663
TLR10,0.015016875147727015
ITGA5,0.015015666456367668
RP11-733O18.1,0.015003449772499839
TRAPPC3L,0.015003374894308915
TRBV7-3,0.015001109620987236
CTD-2292M14.1,0.01499664248188903
RNASE7,0.014993717111840037
SNORD60,0.014991423705653222
RP3-407E4.4,0.014984007060006535
RP11-131H24.4,0.014982783551710854
AC093110.3,0.01497383523797379
LPCAT1,0.01496948165824194
RP1-278C19.8,0.014962797682391397
RP11-1094M14.8,0.014960922154504447
AC104667.3,0.014955200342053035
PRKD3,0.014945433182127358
AC006129.2,0.014945085358566213
RP11-126O1.6,0.014944132798018032
PLA2G12B,0.014935508071980321
RP11-552F3.12,0.014929061729531788
RP5-903G2.2,0.01492175430980746
SERPINB9,0.014916311917599342
PLPP3,0.01491449084183777
CILP,0.014912660162130033
COMTD1,0.014908213931769061
RN7SKP51,0.014900758625627812
CLEC2B,0.014900379661012063
SOCS5,0.014899826005835053
SPRY1,0.014891622818866312
HSPC324,0.014883578617551194
LINC00176,0.014877766466356893
RP11-81H14.1,0.014869599092062532
CEACAM6,0.014843821857825156
AP001627.1,0.014827662920190644
RP11-481H12.1,0.01482091177154619
RP11-60A14.1,0.014820466875008334
RP1-118J21.25,0.01481724937951772
OR10AD1,0.014806212226767765
Y_RNA,0.014801124430408066
MISP3,0.01479979855031277
DCHS1,0.014791744358576874
CPXM1,0.014781055597411646
TRGC2,0.01478035124892103
RP11-234K19.1,0.014777024693438992
RUNDC3A-AS1,0.01476486281032705
LAPTM5,0.014759424659372643
LINC00858,0.014758827986010891
ZFP36,0.01475477530231472
LACC1,0.014743097097111291
CTD-2396E7.11,0.014739078379565005
HSF5,0.014737567590293755
LINC00961,0.014733549913460318
RP11-265P11.1,0.014733065502998393
HNRNPA1P66,0.014727728346989127
TMEM45B,0.01472534751309907
LSP1P2,0.014721825925320765
MIR4801,0.014717521417127682
TRGV5,0.014717431179781441
AC108004.2,0.014708566562642193
MST1L,0.014706295294386511
RPL4P1,0.014692189124936392
E2F3P1,0.01468464733456127
RP11-154D6.1,0.014675553816605952
CHST3,0.014670260102716734
BTG1P1,0.01466902841541863
ACEA_U3,0.01464995062811145
DRAIC,0.014649042920621781
RP11-378A13.2,0.014648060558899405
RP11-44N21.1,0.014647023195500014
RP11-796E2.4,0.01464206260203241
RP13-317D12.3,0.014623493259404114
TRAV8-1,0.01461077122033062
RP11-370I10.12,0.014604872637467993
KRT18P13,0.014599380604477718
RP4-756H11.4,0.014597775267103425
KLF2,0.014586649620118106
TIMD4,0.014579649943413014
AC006159.5,0.014574943596085884
AC009133.12,0.014571496487291722
PDE3B,0.014567596027194145
VEGFC,0.014563063081063877
GPR182,0.01456251092601617
RP13-977J11.8,0.014560602988396395
FTOP1,0.014559391163256023
TRBJ2-3,0.01455112130584887
RP11-693J15.5,0.014546196068928166
PRELP,0.014537386727226773
RNU5B-4P,0.014527718993680888
MALL,0.014518232687881345
CDH15,0.014517214353256157
RP3-395M20.12,0.014513547339319097
MIR5698,0.014509623269139085
RP11-445F6.2,0.014499354357795015
APOBEC3G,0.014495244293785813
OMD,0.014494654352128234
RP11-927P21.4,0.014494114130323584
CD1D,0.014487074791140609
MIR429,0.014486871968726896
KL,0.014483118047176901
SHANK3,0.014481459553425889
AF001548.3,0.014478060692802623
ASMTL-AS1,0.01447530761156023
CTD-2270F17.1,0.014472804939344155
TBX18-AS1,0.014455609421338805
CITF22-49E9.3,0.014455086284567665
C1orf210,0.014448035954187062
TRAJ4,0.01444668943688382
DGCR9,0.0144452756105522
MRGPRX3,0.01444291461816826
HIVEP2,0.014440523861337859
PRR25,0.01443162601547897
FGF13-AS1,0.014415666228348289
NFAM1,0.014413060323857018
UBASH3B,0.014412366986439348
DNM1P47,0.014411717532063746
MIR3189,0.014408914688978371
CTD-2313J17.5,0.014407919170939854
CLDN10-AS1,0.014407578521354575
A2M-AS1,0.014403943062329255
TRBJ2-2P,0.014394447237214154
HSPB2,0.014389050265944787
SIK2,0.014387509947747908
RP11-94I2.4,0.01438564274401055
TRDV1,0.01437582876775204
KB-1466C5.1,0.0143727610206326
TRBJ2-7,0.014366336734524903
RP11-203E8.1,0.014365858068692733
RP11-473M20.9,0.014346097578743175
MSX2P1,0.014340292472066474
TRBV5-6,0.014338658673245533
HSPB9,0.014335156002643824
RP11-798K3.2,0.014333067347667774
MIR155HG,0.014330544825798463
TMEM82,0.014325840268097707
LINC01426,0.014320717899044958
NOTCH4,0.014313297621119242
RP11-92C4.3,0.014308477997721341
AC007128.1,0.014307489035474087
CATIP-AS1,0.014287156680273798
KRT18P11,0.014286392607819231
FAM180A,0.014285340781955506
RP1-18D14.7,0.014271365616170244
PIK3CD-AS1,0.014266246520196136
LINC01607,0.014261939046567678
RTN4RL2,0.01425882154420106
TICAM2,0.014252342403316373
GFRA3,0.014247235427381199
PDCD1,0.014246236938463736
AC073072.5,0.014243076781223237
CD27,0.01423972796050696
HLA-E,0.014238099938768239
RP11-523H20.3,0.01423693935356525
THBD,0.014236270477067112
RP11-1055B8.2,0.01422931617063356
RLN3,0.014228354801684906
RP11-361L15.5,0.014214853522857908
LINC01152,0.014208268355641838
HS3ST3B1,0.014204299241572137
NME3,0.014202359122928363
RNF208,0.014201969556729891
CCIN,0.014195677851767717
RP11-379K17.9,0.014195514506452537
KCNE1B,0.014190977249365884
TRBV13,0.01419060462267245
RP11-524D16__A.3,0.014188075950357216
RP11-333E13.4,0.014183836373262884
CD300LB,0.014182483529385228
RP4-742C19.12,0.014167025643121032
RP11-740N7.4,0.014161997804741033
CTC-378H22.1,0.014161422595112752
ENTPD8,0.014158898511874811
SOCS3,0.014154502663855564
KERA,0.014153819939252387
ELK3,0.01415247964821846
C3orf58,0.014150974714820946
GCSAML-AS1,0.014145338627965963
MIR199A2,0.014141723070052546
RP6-114E22.1,0.014134860344243137
NCF1C,0.014126888286746549
LINC01060,0.014121082702601996
TRBV4-1,0.014120453210456475
SUPT20HL1,0.01410008003157382
ADAMTS4,0.014097710615997154
RP11-304L19.1,0.014097320408354277
WISP2,0.014091092146672224
LRRC25,0.014074015124110646
CTD-2134A5.3,0.014072701179862255
TRBV12-3,0.014072470241287851
RP11-810B23.1,0.014070603750046002
RP11-311H10.4,0.014068198353282662
LINC00377,0.014065986236036864
PRICKLE4,0.014065268913398475
CASP5,0.014061206760371174
AC016735.2,0.014056771170394347
PGBD4P1,0.014054396721065825
RP11-157D18.2,0.014051890458731547
CTD-2370N5.3,0.014047239980701884
TRBJ2-2,0.014046996265147263
FAAHP1,0.014046510396012322
MAGI2-AS3,0.014041050917715934
LIFR,0.014038389726891759
GATA3-AS1,0.014037986139723463
RP11-923I11.5,0.01403349276881156
ANXA8L1,0.014028127538522457
ONECUT1,0.014026280704078053
TMEM88,0.01401442836012943
KRT16P3,0.014010769506801014
RP11-379F4.4,0.014009947834160853
KLHL31,0.014008164912597754
TRHDE,0.014006572552549832
RP11-735G4.1,0.014001936407582034
ODF3L1,0.013990062565906536
PXDN,0.013982885099039197
PLEKHA3P1,0.013979353871537332
RP5-1159O4.1,0.01397882994495926
RP11-58O9.2,0.013978170618670667
NDN,0.013972642189038376
RP11-356I2.4,0.01396835729570125
RP11-304L19.3,0.013958987641931047
Y_RNA,0.013958649380475047
OR2B11,0.013958323371027863
RP3-407E4.3,0.013958078977801791
FCGR3A,0.013957495393982071
MYLKP1,0.013937693884246068
RP4-809F18.1,0.013928080773546785
TRBJ2-4,0.013926839112852791
SOX9-AS1,0.013923597965901237
AC010969.1,0.013922886847174866
CCL8,0.013921815869677204
RP11-350J20.12,0.013911133303195636
RDH5,0.01389978684431085
RP11-93K22.1,0.013899638295383808
TRAM2,0.013897647916716948
RP11-338N10.2,0.01389459887842407
CDC20P1,0.013892290735519822
CTD-2353F22.1,0.01389169163623955
TRAJ2,0.013885692717864903
RP1-193H18.2,0.013875731642094586
AQP7P2,0.013875542112869779
RPS2P36,0.013874990030576234
EFNB2,0.013870366931179398
CBR3-AS1,0.013868332454567804
RP3-410C9.2,0.013864887566380454
RHOQP2,0.013862509906151906
HRH2,0.013860764526806946
RP11-407P15.2,0.013853706885831638
CBX8,0.013841546664623033
CLEC4E,0.013835207438970772
AC139887.4,0.013835165964940162
SPAG4,0.013830767818285157
GJA5,0.013830045260491385
LINC01270,0.013828198229327498
CDK2AP2,0.0138160987755874
RPS17P1,0.01381543579503228
TMEM92-AS1,0.013813044748975952
C17orf50,0.013812987150744655
RP1-45C12.1,0.013806221351671264
XCL1,0.01380029554845179
RP5-1033H22.2,0.013794636312073467
LINC01366,0.013789699245170003
CTD-2006M22.2,0.013784949872822885
RP13-991F5.2,0.013783718295184473
LINC01395,0.013776259674140406
RP11-475O23.2,0.01377520350580841
TMEM220,0.013774431550348746
RP11-831A10.1,0.013768460194233029
TNFRSF9,0.013764728896875082
GGT3P,0.013760802142901329
GPC6,0.013758143502325513
AC005682.5,0.013757218336644636
RP11-439L18.1,0.013754117421045113
SLC31A2,0.013753887343147597
URAHP,0.013745768862086484
RP5-1091N2.9,0.01374359538754968
RP11-69I8.3,0.013732626823579307
RP11-147L13.13,0.013729800146483215
RP11-583F24.7,0.013725275737053285
LINC00528,0.013719986717817169
BTNL10,0.013718705406623812
B4GALNT3,0.013714465858500146
APCDD1L,0.013711262401664481
PTGFR,0.013708327984590688
OR7E13P,0.013706271775869418
CYSRT1,0.013702473996191818
RP11-388C12.8,0.013691888704177316
RP11-1275H24.3,0.013688384149244484
RP11-206P5.2,0.013684330670993321
RP5-887A10.1,0.013684098629770648
MIR4326,0.013683401536607333
TMEM89,0.013680236265299154
RP11-536K7.5,0.01367879486918963
MUC21,0.013676789394326235
RP11-646J21.2,0.013671243352407807
KB-1448A5.1,0.013671060516844297
RP11-320N7.2,0.013661751258057981
AC009005.2,0.013660635161097681
SRGN,0.01365623582168862
TRBV10-1,0.013651068931803113
KLRK1,0.013648076579741769
SMIM6,0.013641409270403509
BIN2P1,0.01364106709470722
DECR2,0.013637300275106108
TMEM140,0.013635987602780123
Y_RNA,0.013634189736207909
EMILIN2,0.013627004321293242
RP11-310I24.1,0.01360968883903424
ANKRD34B,0.013608876088675927
PRSS22,0.013607814115755876
RP11-112J3.16,0.013607150005177163
SNORA69,0.01360389827901135
RP11-480I12.5,0.01360001040139275
RP11-338N10.3,0.0135930504389059
DOK4,0.01359202608423246
RP11-109E24.1,0.01359201238575402
HCST,0.013587130095500539
MIR4757,0.01358516185670144
RP13-582O9.7,0.01358442537359649
CTD-2325P2.3,0.013577726496716498
RP11-834C11.7,0.01357423933093349
AC124944.5,0.013571056895832724
RP11-532F12.5,0.013569347290497275
DPP4,0.013569012559002164
CASP1P2,0.013567093882288396
CTD-3193O13.1,0.0135657659017891
RP4-673D20.6,0.013561894683089442
IGFBP6,0.013555021327583792
RP11-762B21.5,0.013550768267432138
CD79A,0.013548167866524564
LAMC1,0.013543392820549666
AC008984.7,0.013542026510077786
RP11-49G2.3,0.013540913144861355
RP11-93K22.13,0.013535769458859846
DCXR,0.013518115960393184
LINC01124,0.013516975492572149
HIST1H1C,0.013516972681657738
ABCC6P1,0.01351634775093766
PDCL3P4,0.013514677532124956
AC105398.3,0.013510669304500265
SAP25,0.013507140382943988
SAA2-SAA4,0.013493839699495752
RP11-875O11.1,0.01349227566887702
LRRC45,0.013486515581878078
RNU5B-3P,0.013482359460892315
LINC01539,0.013479452233305163
RGMB-AS1,0.013479096120981323
MISP,0.01346880943836241
KANK2,0.013467202696001431
ITGA8,0.013462164248276624
SPCS2P3,0.013459903174636668
RP11-399B17.1,0.013457041887612403
PPP1R2P1,0.013451649716570492
RP11-347C12.10,0.01343927669579256
TRBV11-3,0.013438964696563112
TRBV24-1,0.013433284614748664
RP11-566K19.5,0.013432396795548343
CCL21,0.013424622056236409
KLF11,0.013424585190339292
FCER1G,0.013422461262183117
AC093627.8,0.013420587524204332
RP11-182J1.14,0.013418008535909267
OR2L3,0.013411054428613732
RP3-395M20.8,0.013407735470674606
NR2F2-AS1,0.013407343126552807
PCED1B-AS1,0.013405787118709742
CLEC9A,0.013400658226879487
CTB-55O6.4,0.013398319532390564
ATAD3C,0.013397948865665735
CTA-363E6.6,0.013392104427037565
ZNF727,0.013388180096818088
BST1,0.013387998902860692
RP11-649A18.5,0.01337999877196231
RP11-442O1.4,0.013379163128686537
RP11-579D7.4,0.01337652146516333
AC083949.1,0.013374267831881852
KRTAP4-1,0.013369965552657745
MIR135B,0.013368973282092283
OXLD1,0.01336887273519274
MIR6503,0.013363457560560557
SLC22A18AS,0.013361908406593194
GRAPL,0.013356374234191039
TGFBR3L,0.013355817011999668
HNRNPA1P27,0.013352138335853483
AC006947.1,0.013348712387446867
ASPHD1,0.013348354772013227
RBMS2P1,0.013343796891029292
TMEM150B,0.013341081319609644
RN7SL124P,0.013337179436565804
CYP7B1,0.013332595838301533
KRT18P65,0.013331822844543147
RP11-547D13.1,0.013330428566834803
MIR642A,0.013329183804352461
AC124789.1,0.013327366403254551
PON3,0.013326574765942258
RN7SKP161,0.013326198549257429
AC006070.12,0.013324949626819276
RP11-118A3.1,0.01332301048968398
RP11-685B14.1,0.013322129757200896
ADGRG4,0.013320956693381243
RP11-353N14.2,0.013320830213417288
RNASE6,0.013319281342606681
XKRX,0.013315260237435182
TRGV6,0.013307212357476866
CTC-400I9.2,0.013306488857891385
AL137860.1,0.013300445228616632
CTD-3001H11.2,0.013298933333159969
CTB-30L5.1,0.013297914443230665
CTC-296K1.4,0.013274874570016115
HSD11B2,0.01327260786600093
CXCR4,0.01327215804098914
RP11-62H7.3,0.01327126496652904
TPSP2,0.013268675745644037
RP11-46A10.2,0.013264874869171833
RP11-38H17.1,0.013262798117929688
MSLNL,0.013260662375552039
RBBP8NL,0.013257198601035232
APLF,0.01325286836791408
LINC01569,0.013239586448859446
MRM1,0.013234554372931352
SIGLEC14,0.013233429253882531
HAS1,0.013221524869965697
RMDN2-AS1,0.0132174957641576
RP11-6N17.3,0.013217337380405215
GOLGA7B,0.013213705581156537
AC005281.2,0.013205635672288328
RP11-46B11.2,0.01320163399649856
C5AR1,0.013191645815751961
APOBEC3C,0.013191059758094585
ITPRIPL1,0.013187603814930848
TRBV12-5,0.013180244387856298
UTS2B,0.013175373586390897
LILRA1,0.013168129377699166
FGD5P1,0.013166441756336557
TRAJ3,0.013163005594455058
RP11-566K19.6,0.013162272389720222
LINC00543,0.013162113985366795
ALOX15P2,0.013160659303497175
LINC01485,0.013160025108904674
RP3-512E2.2,0.013149053031220492
CD300C,0.01314846646848011
CALHM2,0.013145863288845906
GTF2IP13,0.013142801644506584
VCAM1,0.013141415096444283
PCDH20,0.013141221559835034
TBX6,0.0131409881041542
HSPB1,0.013139604568837239
AC128709.2,0.013131900547900739
RP11-486O12.2,0.013125164132254287
C12orf80,0.013122909658668844
B3GNT7,0.01312072408287948
IGLC5,0.013111086345268825
RP11-1275H24.1,0.013106179376592423
RP3-333A15.1,0.013098143610967231
RPL9P29,0.01309544998466075
C22orf23,0.01309406111402516
RP11-96C23.14,0.013088443800706815
CTD-2649C14.2,0.013082483565472426
EPCAM,0.013080127938684552
NR0B2,0.013070921390445269
OXGR1,0.013070191974412311
RP11-170K4.2,0.013068918221542582
RP11-699L21.1,0.013067941510495241
RP11-304L19.12,0.013067659262294608
LGALS8-AS1,0.013062161733963894
RP4-803A2.2,0.013060961840706401
RGS2,0.01305869391331171
EEF1A2,0.013058626955760749
CTD-2517M22.14,0.013053946353019931
GS1-600G8.5,0.013052400605939426
TM4SF18,0.013051700239730886
RP4-576H24.4,0.01304843810880832
LLNLR-470E3.1,0.013046927794535373
FGF16,0.013039527520669968
CTA-363E6.2,0.013037685412172942
ABCC6P2,0.013035381372804767
MIR6774,0.013034272202653373
MN1,0.013032417803448132
TSTD1,0.013031817799834278
RP13-766D20.2,0.013029932750155696
HSD3BP5,0.013028117219428594
AF127936.5,0.013026392857415496
NAIP,0.013023764471435372
RP11-770E5.1,0.01302331738699536
RP11-375H19.2,0.013021512576315534
RP11-730A19.9,0.013017479420814364
RP11-254I22.3,0.013016194664378249
IL34,0.013016053879638823
RP11-1055B8.10,0.013014281364274322
RP11-386G11.5,0.013014159670315847
Metazoa_SRP,0.013007876279960145
LA16c-335H7.2,0.013006121042291348
RP3-340N1.2,0.01300348131212538
SLC5A4,0.012991867688262125
RP11-143N13.3,0.012985139070609573
AC091801.1,0.012983545287913617
ARHGAP18,0.012981441337781032
REM1,0.012980965115843908
SELENOP,0.012980219052925242
WASIR2,0.012978916715451306
ADAMTS7P4,0.012977285840191382
CNTD2,0.012977259430397561
ANXA8,0.012974214953740543
CTD-2337A12.1,0.01296627333660104
RP11-321A17.4,0.012958900499619385
AC021106.1,0.012952659703861561
RP11-148O21.2,0.012946886754296562
OR2I1P,0.012941961609642562
CTD-3076O17.1,0.012935151353500816
AC074212.5,0.012928606055111386
SLC25A5P5,0.012924783879459164
RP4-710M16.2,0.012923670430538586
HBEGF,0.012918558047022565
CTB-41I6.1,0.012914081702027172
SLC30A4,0.012913768133245043
MIR200A,0.012905452169465202
RP11-567G11.1,0.012900896977667584
PPP1R16A,0.012898851694223562
AC026904.1,0.012894988805745458
RP11-57K17.1,0.012894286330986446
KIAA1210,0.012891978041756597
RP11-473M20.5,0.01289080905908566
RP11-655C2.3,0.012880616786310573
LINC00254,0.012879975429500146
RP11-371A19.2,0.01287708461727759
F2RL2,0.012872045195174217
PCP4L1,0.012864755436486214
AC006946.16,0.012857271456692526
AE000662.93,0.012851332570036962
MSH5-SAPCD1,0.012839939281237663
MAGEL2,0.012839190764343028
Z97634.3,0.01283414440748792
TMEM191A,0.0128297839657324
ANKRD65,0.012812103368315477
STAC2,0.012809113067925555
AC004988.1,0.012808891353216298
AC112715.2,0.012807814522038543
TRAV2,0.012805514852149836
ABCD2,0.012802697044513242
LINC01342,0.012796544901007078
RP11-517A5.7,0.012794039258658359
RP11-155O18.6,0.012792347862231202
RP1-127D3.4,0.012792108119324502
AC090044.2,0.012790474718386364
RP11-457M11.5,0.012788821233378427
ARRDC5,0.012785608061332112
ACADL,0.012784812622779336
WASF2,0.012784325626342227
PHLDA2,0.012783899789172323
RP11-357P18.2,0.012781912468785453
MIR4672,0.012780977191253314
TXNDC17,0.012772389449431385
RP11-44F14.10,0.012769755568030828
RP5-875O13.1,0.01276532127735148
ACTL10,0.012758349039870763
MACROD1,0.01275319679922441
EIF5A2,0.012743346132610085
FZD1,0.012740903609515545
INMT,0.012731152800593457
SNHG25,0.01272905971261476
PPP1R14D,0.01272885806855827
RP11-347C12.11,0.012728586287296336
LIX1L,0.012727340832616445
AC011899.9,0.01272728226557761
CXCL17,0.012726353814787953
RP11-169D4.2,0.012722485585724516
LINC01235,0.012720782804504054
SH2D1B,0.012719922888671329
BLZF2P,0.012719865059463976
KLHL33,0.012718690086399555
ADAMTS8,0.012715799699902988
C8orf88,0.012715594998064733
RP5-899E9.1,0.01271202024950712
RALY-AS1,0.012710374310850158
CTD-2020K17.4,0.012704479944847465
TNFRSF13B,0.012700993856652468
SCARF2,0.012696618462824535
AC093642.4,0.012696524358547252
LINC01123,0.012695170572042511
CTD-2540F13.2,0.01269266905479231
CECR7,0.012691834525623358
CTD-2600O9.1,0.01269136149128459
RP4-760C5.3,0.012685242444578658
RP11-177C12.1,0.012684714198997039
LINC00853,0.01268389792215085
U47924.27,0.012682216927564473
MIR4645,0.01267802382280965
RP11-35G9.5,0.01267398315454105
GOLGA2P8,0.0126707479039751
AC003986.6,0.01266905255535294
AATBC,0.012663703606710455
GUCY2D,0.012654830707908262
RP11-455B2.9,0.012653388873180169
RP11-763K15.1,0.012649814382042797
RP11-540B6.3,0.012643907224503233
TRBV10-2,0.012636603175148978
HLA-DOB,0.012633078484599186
MIR210,0.012627004321958644
TRAV36DV7,0.012620147712153484
GS1-57L11.1,0.012613340595158493
AC006942.4,0.012607512924138163
SNAI1,0.012605528639446145
PAM16,0.012601116551769868
RAB32,0.012600317230842921
AC147651.1,0.012590197382753996
ZNF469,0.01258774922322549
GPR4,0.012584320767921226
RP11-572M11.1,0.012583201158124202
CTD-3194G12.2,0.012582421110609568
TRIM31-AS1,0.012582300799184732
PRKX,0.012581024589252985
FAM180B,0.012579289348442489
CTC-255N20.1,0.012579084130604058
CTD-2263F21.1,0.01257776285668926
JMJD1C-AS1,0.012577635627699117
RP11-573G6.4,0.012565977768395553
SLC34A3,0.012565323132500321
RP11-231C14.7,0.012563485983365253
RP11-54O7.18,0.012561446706898105
TMCC3,0.012556639267474115
SLC44A4,0.012554711637516681
SFRP2,0.012548558735637852
ST8SIA1,0.012548195152976236
CTD-2006K23.1,0.01254673897635801
SGPP2,0.012538370814332522
RP13-49I15.6,0.012529798455778134
TRIM51BP,0.012526238465026153
RP11-143N13.4,0.012524556676366141
RP11-697N18.4,0.012518321481998045
RP11-399E6.4,0.012515816658450734
STAB1,0.012515225266759984
TRBV6-4,0.012511071565862647
RP11-596D21.1,0.01251077322734114
RP11-277B15.3,0.01250081774192435
PPP1R15A,0.012499193446278025
RP11-440L14.4,0.012498323016608501
CXCL10,0.012492888484583119
C1orf54,0.012492639703604308
ASIC3,0.012492556612054158
RP13-346H10.2,0.012492298316041567
LILRA6,0.012491118586772565
CTD-3187F8.15,0.012490803272001406
RP5-1029K10.2,0.012487643770282657
OR1E1,0.012485292212820088
MB21D2,0.012483234024360398
LINC00926,0.012472283560763138
C20orf144,0.012470220880377062
OTUD1,0.012469439840125138
AC011239.2,0.012463110789668705
LINC01460,0.012461455047371171
RNU6-1039P,0.01245693881371532
GJA4,0.012455041058461007
TRAJ18,0.012454228856779615
AADACL2-AS1,0.012452500087314463
BAIAP2-AS1,0.012452320992536861
BRICD5,0.01245134587499252
AF131215.8,0.012451230232981633
RP11-1334A24.5,0.012443123314627848
TNFAIP8L2,0.012440771639008256
AC097495.3,0.012439777792656126
FA2H,0.012439135498734663
RP5-908M14.9,0.012432741180249512
NOTO,0.012432336795281837
UBD,0.012430111705798068
RP11-21C4.1,0.012429538030293254
GPR39,0.01242928495642365
RP11-84D1.1,0.01241604059461786
FOXQ1,0.012415219107003116
AC137932.5,0.012414879268890181
NALT1,0.01241475701109828
RP11-234G16.5,0.012407849092053858
SLFN5,0.012407081659373554
Y_RNA,0.012400670300542031
RP3-477O4.14,0.012400533484540401
LINC00892,0.012396476666385015
RP11-775D22.2,0.012395676975748192
LINC00336,0.012392489590155556
AQP7P1,0.01238838122446158
RP11-529H2.1,0.012386222122998943
RP11-147K16.3,0.012386125589750076
SNORD99,0.012382963680712103
GLTPD2,0.012378035972277305
IZUMO1R,0.012376503925545453
SNX18P2,0.012376164229774474
RP11-972P1.10,0.012372469948059652
WNT2,0.012372339443989822
AP000695.6,0.01236734740196301
GNG11,0.01236707633608878
CTD-2035E11.5,0.012365885371957597
RP11-800A3.2,0.012355906847950458
RHOQ,0.012355741305680916
CAMSAP3,0.012353948588408612
ABHD11-AS1,0.012353830403934788
CCT8P1,0.012350525210516859
MYH8,0.012350230073009743
RP11-415F23.3,0.01234777478864394
AC007278.3,0.012346733632042556
FAM212A,0.012346368581589886
CCL23,0.012345789377550124
RP11-564A8.8,0.01234556464979525
RPL21P133,0.012342058415288645
BBOX1-AS1,0.012338194131335568
MIR6835,0.012338078625539282
AC005682.6,0.012337637526036935
XXbac-B444P24.14,0.012333930561440826
RP11-408O19.5,0.01233008173506921
TRAJ5,0.012327954618622088
CTB-158D10.3,0.01232628733514259
CTC-420A11.2,0.012325987731594684
SP5,0.012320525019005718
SAPCD2P3,0.012317844706903749
HS3ST3A1,0.012317247263051622
RP11-424M22.3,0.012303795824143827
RP11-308B5.2,0.012301706120573864
RP11-1060J15.9,0.01229809629695688
F2R,0.012297115546343405
LAG3,0.012296326204844053
LL0XNC01-131B10.2,0.012296007750558918
KRT18P23,0.012295705828727656
RNU6-5P,0.012292404910252573
SEMA7A,0.012292329447340846
RP3-342P20.2,0.012288732493366405
AQP7P3,0.012287961470994634
AC097495.2,0.012287058673858198
AC092835.2,0.01228158798669835
AC026150.8,0.012273465632385563
CSPG4P10,0.01226814755243453
C9orf172,0.012267390130907026
GTF2IP20,0.012263023125258565
TRBV7-7,0.012261259869152063
CTD-2561B21.10,0.012259007861812003
RP11-447M12.2,0.012253403408930217
CTD-2575K13.6,0.012252980384211201
AP001257.1,0.01225239390272428
RP11-91K11.2,0.012243103981958388
RTKN2,0.012238116163872718
RP1-102K2.8,0.012237888743104266
FAM30A,0.012235920527531604
SOX18,0.012233763107998
CXCR2,0.012231455424412199
RP13-395E19.3,0.012229982556474667
CBL,0.012229969153750488
RP11-613D13.8,0.01222590631786035
GBP1P1,0.012225883309334756
RP11-53B5.1,0.01222573772736221
AL163953.2,0.012222634902061581
ATP5F1P5,0.012222595644949825
RPS4XP5,0.012222197486640671
AC142391.3,0.01222071667548279
XRN1,0.012218427304047213
RP11-803B1.3,0.012215419598877605
AC002398.12,0.012214637776700933
RPL7AP64,0.01221193407259287
MDFIC,0.012210165817999259
TIGD3,0.012206682835484208
MMP27,0.012204169825211409
CTD-2199O4.6,0.012202060718090359
LRG1,0.012200756230179473
FAM187B2P,0.01219968185815754
RP11-190C22.8,0.012195077738430074
CTD-2562G15.3,0.012191950211752648
LLNLR-304A6.1,0.012188681473299446
KCNMB2-AS1,0.012187785948728063
LUM,0.012187730230235169
RP11-465N4.4,0.012185950693225192
CTD-2517M22.17,0.012185338192623298
MIA-RAB4B,0.01217868811951134
INMT-FAM188B,0.012177833113365406
ADSSL1,0.012173245833750014
CCDC187,0.012172252655654884
FLG-AS1,0.012168869456797885
RNU6-917P,0.012167507639225385
ACY1,0.012165852088705943
OR2S1P,0.01216562568832275
KIRREL3-AS1,0.012164621604783212
GPR176,0.012155460738826354
PIK3CA,0.012155339847891822
HAVCR2,0.012152965181965023
KCNAB1-AS1,0.012151758270777729
RP11-327J17.9,0.012148209876925841
ALPPL2,0.012146687457064232
ACR,0.012145370414919941
RP11-1055B8.4,0.01214527736287821
AZU1,0.012143999306017006
KRT8P35,0.012134651441051357
LINC00165,0.012134539232400448
RP11-1334A24.6,0.012133091979443109
CAT,0.012129125291658268
LINC01271,0.012128904061382208
RP11-353N14.4,0.012128444645592826
RNA5SP290,0.012127936276175968
ZCCHC24,0.012127703484725865
MKRN2OS,0.012124199129200656
SNORD7,0.01212336400656562
CHRM3-AS2,0.012121502458147424
RP11-141J13.5,0.012117979163162684
MEOX2,0.012117411167399481
LINC00982,0.01211664020048118
CTD-2095E4.3,0.012114346295821199
TRAJ6,0.012110942459274576
MFSD6L,0.012110939298978027
SSTR3,0.012106961708011546
DICER1-AS1,0.012106538207536361
RP13-516M14.10,0.012102192320663533
RP11-169F17.1,0.012101627095791214
SNX25P1,0.012100660047658163
SRPK3,0.012097727412655777
RP11-506B6.6,0.01209545120295046
RP1-153P14.7,0.012091332684437576
RP13-104F24.2,0.012087996042163169
CTD-2195B23.3,0.012084562687591588
ATXN2-AS,0.01208454564913087
MRC1,0.01208379635324828
FUT7,0.01208235412580704
RP11-867G23.10,0.012081443740805201
RPL21P7,0.01208092426879365
SDF2L1,0.012079004264175417
CTD-2105E13.16,0.01207598647729148
DPPA3P3,0.012075572169739463
RP11-381N20.1,0.012071686309858921
AC092580.4,0.012068104155723588
CTD-2521M24.11,0.012066480888673728
RP5-968J1.1,0.012060270996517835
LINC01165,0.012060099500552063
RP11-359M6.1,0.012059910797202651
RP11-1151B14.4,0.012052655990845297
GTSF1L,0.012047597138682633
RP11-770E5.3,0.012046603063892656
RP11-680F20.9,0.012045732631326342
CTD-2529O21.1,0.012044233319829203
CTD-2547H18.1,0.012043801152084182
S1PR4,0.012040454036716972
RBMS1P1,0.012039411692288374
CTC-338M12.2,0.012036620856380471
FAM46B,0.012033228365506285
NDUFB4P11,0.01203260190597948
KRT18P68,0.012029971076507913
LINC00911,0.012026634737201392
RP11-900F13.3,0.012020029012722337
PTGIR,0.012019872167363868
AC024592.9,0.012012442406484884
TRBV5-7,0.01201177863195948
RP13-884E18.2,0.01201093814588211
C10orf95,0.012010303537739016
SPR,0.012008316552385047
STARD10,0.012006587991006144
TENM3,0.012003732913780206
SLC23A3,0.01200108536791854
IGSF6,0.011999158436840178
SAPCD1,0.011998457265346334
CAPN6,0.011993554417764824
RP5-902P8.10,0.011992741285136502
CTC-296K1.3,0.011992000979492164
OR1L8,0.01199192814036004
RP11-522B15.4,0.011990245713857725
BCAM,0.011987379316480041
TRAJ49,0.011986396815383769
RP11-133K1.9,0.011984124029476727
LINC00384,0.011980207008799823
RP11-408A13.3,0.011980184299021436
NR2F6,0.011979846998978645
LINC00163,0.011974635187089048
GNB4,0.011971875012597702
CTD-2256P15.2,0.011970184741188904
RP11-86A5.1,0.01196535807017463
CTD-2013N17.4,0.011963285071282848
TRBV11-1,0.011962290183872711
RP5-877J2.1,0.011959631659513475
AC139099.4,0.01195698640115518
CD163L1,0.01194807881754221
RP11-259O2.1,0.011946200211883732
USP30-AS1,0.011944991568035798
CFL1P6,0.01194466693860753
AC113167.2,0.011943368030326397
MRPL12,0.011941548535427355
RP11-404F10.6,0.011940646993747056
RP13-104F24.3,0.0119381022071456
MFSD3,0.011932990271028628
BTBD19,0.011932529155843264
L3MBTL3,0.011929894200168116
RP11-517C16.2,0.011929837861121777
CCR8,0.011921176132389785
CXorf65,0.011913692830279673
LINC00636,0.011913141256656047
CTD-2207P18.2,0.01191241450022468
RP11-225H22.4,0.011904499156123138
MAFA-AS1,0.011904453933452186
HIST1H2BD,0.01190196858771665
UPK3A,0.011900856457034896
NFIL3,0.011899453400009086
SPARC,0.011898717950287335
RP11-394I13.2,0.011896464691654743
LINC00603,0.011893306027621264
PFKFB1,0.011893205389385224
ARHGAP19,0.011892662257139796
RP11-674E16.4,0.011892468834768922
WFIKKN1,0.011887705935738863
GZMAP1,0.011881624051756067
RP11-758N13.3,0.011878954001241266
CTD-2015G9.2,0.01187726924604628
AOC4P,0.011875725939870383
RNF144B,0.011869941011760568
KLF13,0.011864873380493801
ZDBF2,0.011863282882957911
BMP3,0.011861499785039168
RP11-284F21.9,0.011855717222602065
RP11-775B15.2,0.01185561184655561
ZSCAN4,0.011852628750092018
RP11-400N13.2,0.011848778383272553
FLT1,0.011846817469754977
RP11-23J18.1,0.011846378112958914
RP11-66N24.6,0.011839373507982935
AC009961.5,0.011838924499550142
RP13-131K19.1,0.011835537735974153
C8orf4,0.011835138137219876
RP11-909N17.2,0.011834913971240871
RP11-259K15.2,0.01183255585304508
BLACAT1,0.011831853488695063
PPP1R35,0.011829886322374238
RP11-440I14.2,0.011828250452553745
RNU6-411P,0.01182508212372527
HIST2H4A,0.011823804148221944
CTD-2047H16.2,0.011823541384278501
CTD-2228K2.7,0.011806100592331377
RN7SL187P,0.011804170475315118
RP11-543D5.1,0.011804168565827444
RP11-582J16.4,0.011802866634467906
RP11-528A4.2,0.011801668425471862
PAPSS1,0.01179254378263223
KPNA7,0.011789949989071827
CLDN2,0.011782994533309383
TXK,0.011782839885262276
KLHL15,0.011782604100857224
FAM183BP,0.01177973432992443
RP11-732A19.1,0.011779140132268941
LINC01134,0.011778281524260078
AMER1,0.0117771885800283
CD300E,0.011772610733149568
RP11-672A2.5,0.011769091974909399
MMP17,0.011761869590235924
RP11-146F11.5,0.011760453443461934
RP11-697E2.12,0.011760326435922456
RP11-350E12.4,0.01175760500098263
FIGNL2,0.01175621037544458
AC012074.2,0.01175434421706187
GADD45G,0.011753570470762078
RP11-805I24.3,0.011748789943765804
DMRT3,0.011748180802229901
IL3RA,0.011747452889677346
RP11-304L19.11,0.011746849151577981
SLC26A6,0.011745520845761888
MAFG-AS1,0.011745409855508258
RP5-894D12.5,0.011739132731648226
COX6C,0.01173289084365659
RP13-890H12.2,0.011731979136050235
PRR15L,0.011731225381050365
TXNIP,0.01173011482236815
RP11-333O1.1,0.01172704333147914
CTSS,0.01172667615414283
RP11-334C17.5,0.01172619097141483
RP4-736L20.3,0.011723957300264695
MIR6731,0.011723796397385345
COL8A2,0.01172254766597848
UPK3B,0.011721878978554465
RP11-8L8.2,0.01172156865123546
RP11-462G2.1,0.01171921952242288
ARSEP1,0.011717431913832397
COL6A4P1,0.011716982069670862
SCGB3A2,0.011712994377384735
RPS29P11,0.01171231387105706
MOB3B,0.011711772077073784
FNDC10,0.011710391986461892
HLA-DPA1,0.011708575836903622
C19orf38,0.011706359452107656
MLIP-IT1,0.011699751213716589
PRND,0.01169769050586968
ITGA1,0.011696599391305906
RP11-567M16.2,0.011690003421263792
RP11-511B23.1,0.011685282392657028
MAP3K3,0.011684077347293868
DOC2GP,0.01167758078283501
RP11-538D16.2,0.01167597910796222
RP11-135A1.2,0.011673833114879907
MIR328,0.011670151927650588
RP11-56I23.1,0.011669766006223296
CTC-429P9.5,0.01166808591102882
RP11-497G19.2,0.011667417690969946
CTD-3247F14.2,0.01166488562349558
C21orf91,0.011664860727003588
FOXC1,0.011658975782410288
RP11-756G20.1,0.011658712883930708
WDR66,0.011657450976531035
PPM1AP1,0.011656100654891914
CRLF1,0.01165006955998011
MGC32805,0.011646258525856828
MARK2P9,0.011644925040181081
MIR4297,0.011643601152076388
RP11-216L13.19,0.011643111804728002
C19orf45,0.0116425037669215
RNU6-415P,0.01164125227133302
AFAP1-AS1,0.011640243601156284
OSTN-AS1,0.011639577521085373
RP11-629O1.2,0.011635229984286774
TNFAIP6,0.011633995371334522
SMKR1,0.011632356787720005
CTD-2021H9.3,0.011631886547253894
snoU13,0.01163104876252557
RAMP2,0.011630903978942203
OXER1,0.011629038257217776
CTD-2349P21.5,0.011628591255786908
MIR3928,0.011617769376372482
C9orf135,0.011617304113344029
GIPC3,0.011614380645679717
GGT4P,0.01161282303325169
CAPZA3,0.011611199558682153
RP11-616M22.7,0.011610556286691765
FOXO3B,0.011606827569465596
KB-1269D1.8,0.011606596411058932
RP11-264I13.2,0.011605945672451419
TMEM141,0.011602910725497958
ARHGEF40,0.011600469833715639
RP11-632K20.7,0.011599320062995846
TNFSF14,0.011597944535590328
RP11-257I8.2,0.011597862318647728
MRPS25,0.011596734752652027
TCAF2P1,0.01159007013050453
AP000859.4,0.011589394694850742
HS3ST4,0.011582879441626498
CTD-2201E18.5,0.011581543164338674
CLPSL2,0.011579006940801594
LINC01119,0.011577943510507222
RP11-320L11.2,0.011575431985444707
MIR3907,0.011574889286708358
CRIP1,0.011574217463866101
RP11-458F8.4,0.011570711266220612
MMP24,0.011569622192107406
MIR210HG,0.01156045432154176
RP11-287F9.2,0.011558760054029197
RP11-923I11.4,0.011558520963571817
RP11-205A8.3,0.011557853006911423
TRAF1,0.011553128237700635
CTB-113P19.1,0.011546542281734885
LINC00506,0.011545998257575203
DUSP1,0.011545677004173045
MXRA5Y,0.01154257116764911
RP11-430K21.2,0.011542447310041089
RP11-134L10.1,0.011538122525255538
RP11-497H16.7,0.011535974275072938
RP11-203M5.6,0.011535092041781901
RP11-578F21.6,0.011532886969483451
RP11-473C18.3,0.011529273498384788
ACOD1,0.011526227411423591
PGM5P3-AS1,0.011525360599897613
RP5-882C2.2,0.011525214129566674
RP11-159D12.11,0.011523975118101467
CTD-3092A11.1,0.011521113551959351
C1orf56,0.011519324154453264
CYP39A1,0.011510838774491723
PRTN3,0.011509302140553944
RP11-670E13.6,0.011506261515115017
CITF22-92A6.1,0.011502823362348301
RP11-457M11.6,0.011496233813093585
LINC01191,0.011493446810682567
SERPIND1,0.011493189098263447
AC008984.2,0.011491029413813763
RP11-576I22.2,0.011490107768204019
RP4-740C4.7,0.011490060194068985
CTD-2288O8.1,0.011484189829606
MIR200B,0.011484113086820062
TSPEAR-AS1,0.011479393595257181
TOB1-AS1,0.011479049056319138
CTD-2280E9.1,0.011478913534939472
STAT5B,0.011469201328845983
GAS8-AS1,0.011468046102040023
FENDRR,0.01145959949825814
RP5-1009E24.8,0.011457725411433419
RP11-477I4.4,0.011456745086048438
AC006042.6,0.011456695964435522
CTB-114C7.4,0.01145372873205989
CCL3,0.011451883505791188
CTD-2507G9.1,0.011450680393469616
SMIM10,0.011446798924554363
STK38L,0.011439097098721178
ENTPD3,0.011431053141610534
RP11-12A2.1,0.011430834411665642
RP11-446F17.3,0.011430558985955581
FKBP14,0.011429539703732833
ZNHIT2,0.011429130944098644
AC011286.1,0.011426963884387008
CCDC153,0.011424031111328961
ADAMTS12,0.011422811079856309
AC092071.1,0.011417276217190093
CTB-41I6.2,0.0114121459571766
CDIPT-AS1,0.011411996535210092
MIR199B,0.01140819836206894
RP11-94C24.8,0.011408187669453737
NUDT16P1,0.011408124376923645
RP11-292E2.1,0.011405186555754655
RP11-494K3.2,0.011395964156867727
CTD-3247H4.2,0.011394986194949644
TEKT5,0.01139478735933324
LOC100421166,0.011394710836741595
RP11-367H1.1,0.011394014111229941
MIR6859-2,0.011392531539416408
OR8T1P,0.011390211070841132
RP11-156K13.3,0.011390084801161673
RP11-168K11.3,0.011388819309124566
RP11-138M12.1,0.01138434605915893
LINC01506,0.011379442906425289
RP11-61A14.1,0.011378719123544228
AC108938.5,0.011377850869621495
RP11-15F12.1,0.011376547702340327
CALML6,0.011375689093211131
RP11-483L5.1,0.01137332776643404
SAA2,0.011370228442882236
RP11-1017G21.6,0.011370094460414065
RP1-212P9.3,0.011365988495358876
IRGM,0.011364395576253647
WWC2-AS2,0.01136387601228392
EFNB1,0.011360694918454898
RP11-520H14.7,0.011358633789811601
IFNA20P,0.011356849009040177
CTD-2330J20.2,0.011355128176807058
GYG2P1,0.011354216962288995
GS1-44D20.1,0.011353846589826133
KRT14,0.011353570898642425
KPNA5,0.011350641787802658
RP11-588K22.2,0.011350508124020308
RP11-326K13.5,0.011349938896448381
AC004490.1,0.011349400968509983
PLVAP,0.011346165236761088
ROPN1B,0.01134583495546318
ZNF354C,0.011345417755389003
AL161668.5,0.011345305471238677
RP11-253E3.3,0.011344977500902851
CCDC185,0.011344393007490431
ST3GAL5-AS1,0.011341857232062848
MIR3945HG,0.011340097263724733
RP6-65G23.3,0.011338599852283669
KRT18P20,0.011337358072397628
CTD-2003C8.2,0.01133587564937951
RP11-399O19.9,0.011335190720570366
HDAC11-AS1,0.011333192997114914
RNU1-106P,0.011328847752685249
CTD-3010D24.3,0.011328428616392685
MIR4539,0.01132504661545972
FAM122A,0.011324756396141814
RP11-387A1.6,0.011322905916839212
RP11-424N24.2,0.011314038156988145
AC073130.1,0.011306777714175275
GOLGA8M,0.011302875928922623
RP11-761N21.1,0.011302622942442577
ARL15,0.011300631347404874
AC012065.5,0.011296950759067838
RP11-95P2.3,0.011296547330176288
PCDH12,0.011296132743924402
RP11-35J10.4,0.011294662675448548
RP11-467P9.1,0.01129412247567861
DRGX,0.011287145030808255
SCN4B,0.01128446804826374
MIR6500,0.011283022445741099
C11orf91,0.011281215327153319
PCMTD1P3,0.011278115021714628
CH17-360D5.3,0.01127451169767963
KRTAP8-2P,0.01126361527926957
RP5-1018K9.1,0.011262750456115517
RP11-664D1.1,0.011260325793555483
MYO1H,0.011254193043617118
AP004550.1,0.011253263989428799
UBE2CP2,0.011251206285144243
RP11-661A12.8,0.011244201594562579
RP11-490O6.2,0.01124268996930876
LINC00452,0.011241198038615409
Metazoa_SRP,0.011236795042731139
RP11-139H15.5,0.011234083553607385
AC010136.2,0.011230706562187453
LINC00626,0.011230229590318478
RP11-304F15.7,0.011227053425678443
RP5-858L17.1,0.011225155780129335
RNU6-932P,0.011222819743979043
AC008641.1,0.01122232389665978
RP11-713M15.2,0.011222249697912351
RP11-455O6.2,0.011221988867295528
RP11-299H22.6,0.011210606939092226
LANCL1-AS1,0.011210525576362354
RP4-683M8.2,0.011210218382394457
RP11-895M11.3,0.011207644914140813
TLR8-AS1,0.011205492547960424
MIR1250,0.011204128232982339
CTB-13F3.1,0.01120412628664598
CA15P1,0.011203841371906728
RP1-55C23.7,0.011199923103427923
RP11-98D18.9,0.011194649805567313
TNFSF4,0.011189586450392457
CTD-2015G9.1,0.011187655528302972
ADGRD2,0.011181894277169986
MIR7152,0.011180371286208761
RP5-1107A17.3,0.011176254015769852
SERPINE1,0.011170763147068554
LACTB2,0.011169964591447232
NT5C,0.011166632662253715
RP11-661A12.9,0.011165036244471512
RP11-34P13.15,0.011164545035182183
CST7,0.011163640173132917
RP11-572M11.4,0.011162867081160734
OR5K2,0.01116244347452632
RP11-44M6.7,0.011161817390724678
AC018641.7,0.011156326674134786
XXbac-B135H6.15,0.011152351618095881
SYCE3,0.011147807924640612
RASA4CP,0.011145022278205897
RP11-379F12.4,0.011144224185839607
MT1JP,0.0111432440434187
VWA7,0.01114304321622965
AC144831.1,0.011141190815882033
PRDM5,0.01113807064151601
DARS-AS1,0.011137719245072439
AKAP11,0.011137004895680397
NMD3P1,0.011136611907708429
RPL34P17,0.011136343976836376
RP11-335L23.5,0.011134801076227328
CTB-58E17.9,0.011133411593824524
RP11-543N12.1,0.01113298165721226
CRIP1P2,0.011130262597117128
RP11-968A15.2,0.01112825183044675
RP11-872J21.3,0.011127757152905525
HSD17B8,0.011126635806526182
C4orf48,0.011125882562061958
CTD-2027I19.3,0.011125877399134123
RP11-426C22.5,0.011124809191157659
RP11-307B6.3,0.011123238220886704
PLIN2,0.011122321464873158
RP11-1G11.2,0.01112211688780569
RP11-148K1.12,0.011120421016971771
OR7E12P,0.011119265330560932
RP11-649A18.4,0.01111801019619539
SAPCD1-AS1,0.011115065843700552
AC020951.1,0.011111059150653881
RP11-168L22.2,0.011110572073494054
CTD-2371O3.3,0.011109327682145736
UBXN10-AS1,0.011108906410722184
WFDC13,0.011108105831383306
SPINK1,0.011107251966820147
AC114730.7,0.011105682506358483
ASB16,0.011105610748108988
CTD-2589H19.6,0.011104623658637666
CELSR3-AS1,0.011104197969327914
RP11-157F20.3,0.011102366424773106
CLDN4,0.011098943703129773
LINC00342,0.011097410379157834
RP11-82L18.2,0.011096067478791391
FAM162B,0.011095415713092206
RP13-20L14.10,0.011088722176379798
FCN1,0.011086172786663543
LA16c-313D11.9,0.011080032553529672
RP11-145M4.2,0.011080000663723921
RP11-439C8.2,0.011071678575929835
RASAL2-AS1,0.011068390256157624
Metazoa_SRP,0.011066003344539613
INHBA,0.011065767199156437
CTD-2270L9.4,0.011065639507467747
RP11-44F14.8,0.011065324175471342
CTC-327F10.4,0.011064370303525913
UQCC3,0.011053735094830392
AGR3,0.01105209001568645
RP11-455O6.5,0.011051037914035998
TMEM8A,0.01104721167709179
RP11-88I21.2,0.011045288936920162
RN7SL684P,0.011041880207783605
RP11-87C12.5,0.011039181985786886
RP11-223C24.1,0.011035240028995608
LYL1,0.011031503331265577
AC008592.5,0.011031409827466683
LINC00445,0.011030150269214976
IQCD,0.011024826423710889
RN7SL172P,0.011022616925323605
TRBV7-5,0.011020155684105915
JCHAIN,0.011018798842200054
SCAND1,0.011015766732294046
RP11-118B22.4,0.011015748360491566
GPX7,0.011014994753632072
RP11-473M20.16,0.01101434402633096
CTSLP2,0.011013196808714062
TFAP2E,0.011012998151941228
KCNJ11,0.011012238724087846
OTC,0.011005621994934003
COA3,0.011004488311550403
AC011747.4,0.011004288262141003
NEURL3,0.011003901502665643
MILR1,0.010992417656818307
U73166.2,0.010992315437373692
MIF,0.010987958410586996
ACSM5,0.010981095687130075
SNORA77,0.010980283012517125
DMBX1,0.01097907139483929
RP4-537K23.4,0.010978652329384855
AC114730.11,0.01097610133996849
CTD-2600O9.2,0.010974500983927781
AC010518.2,0.010973245187249587
EPHA1-AS1,0.010972455941851042
AC007952.5,0.01097178813440367
ALKBH6,0.010971655154709523
PDE7A,0.010970678104906434
DPM3,0.01096430678852342
CTB-3M24.1,0.010964121514768329
LINC01028,0.010962885667738074
RP1-163G9.2,0.010962765652155945
CD8BP,0.010962623177026825
RP11-154D17.1,0.010961781627714398
AC007249.3,0.010961411391796537
B4GALT1-AS1,0.010960773654005652
RP11-505K9.1,0.01095469896055124
RP11-454C18.1,0.010954496192815941
RP11-138H8.6,0.010952879456200553
RP11-266L9.8,0.010951104012308255
RNF225,0.010950225272911073
SPERT,0.010947801363948677
CTD-2647E9.3,0.01094471370831896
RP1-142L7.5,0.010943656375093862
MIR6810,0.010942365178879938
EDN1,0.010941320783572562
RP11-960L18.1,0.010940120033340387
KRTAP7-1,0.010939984166396504
RP11-426L16.10,0.010937486241854276
CTSE,0.010937098182873512
RP11-209K10.2,0.010934219729492416
RP5-1172A22.1,0.010932344929470983
DEFB132,0.010929068292491038
LINC01150,0.01092352119704145
AC090505.5,0.010923250439356512
ROCK1,0.010921738022780481
MROH3P,0.01092167166336566
RP3-455J7.4,0.010919101719249738
F12,0.010918181094679328
DCST1,0.010917774309721729
AC009133.17,0.01091718163653015
EHMT2-AS1,0.010916593120160203
ZBED2,0.010915433469285946
RP11-284B18.3,0.010914631903874851
RP11-798K23.5,0.010911339470491528
TMEM252,0.010907762874881885
RP4-715N11.2,0.010905310050785938
IRX4,0.010904231730856315
RP11-803B1.2,0.010904096500121628
RP11-28H5.2,0.01089861153059689
FOXC2,0.010895621780511193
EBI3,0.010895183975787877
FBXL6,0.010894937601035402
MAP3K8,0.010893793493635739
ELF5,0.010891026923479685
RP11-157E21.1,0.010888693283232545
METTL24,0.010883671023114275
LA16c-360A4.1,0.010883447021145432
CTD-2509G16.2,0.010880198607870822
Metazoa_SRP,0.010880090148838551
AC006277.3,0.010872908625905823
RP11-187O7.3,0.01087061862269651
PLA2G4A,0.010869410752376052
AC079779.6,0.01086929572400791
DSG3,0.01086574553784926
OR2C3,0.01086458223711784
AC005387.3,0.010863140311805857
ACSL5,0.01086214282504557
RP11-508M8.1,0.01086002286633868
BOLA2B,0.010857355449508863
RP11-390F4.2,0.010857169416596289
RP11-307C18.1,0.010855070244383772
SLC26A2,0.010854596478757866
RP11-643A5.3,0.010853406787167737
RP11-686D22.7,0.010852201800767035
RP11-449L23.2,0.010849976939113465
RNU6-943P,0.010848759006918824
MPZL2,0.010847341895092672
RNU4-52P,0.010846946369296178
FAM186A,0.010846860371759456
TSPAN1,0.010846251419207552
HIST3H2A,0.01084553380340911
MT-TL2,0.01084472942165556
XXbac-B444P24.10,0.010843657640191622
RP5-981O7.2,0.010839171687381351
RP11-783K16.13,0.010836685109021414
LINC00251,0.01083641328604922
B3GNT6,0.010835900956239741
OR13Z2P,0.01083401664283949
XXbac-BPG248L24.10,0.010830848643469837
CTD-2527I21.14,0.010830203922103083
RP4-681L3.2,0.010821257751541058
TGFB3,0.010819046725599859
PRKG2,0.010818670759317037
MIR6071,0.010817274665966485
FFAR4,0.010817059274238962
APTR,0.010817057023327992
ZNRF2P3,0.010816629241215844
RP1-278D1.2,0.010815741725659892
HERC5,0.010815432025841766
LLNLR-260G6.1,0.010814079966160165
ANO7L1,0.010814054858506084
LIPH,0.010812717697083708
GPRC6A,0.010810394891115684
LINC01058,0.0108084400925362
GOLGA2P10,0.010801930232334087
RP3-324O17.8,0.010797571413707087
S1PR2,0.010796495181748071
NDUFAF4P3,0.010793698474515898
FAM86LP,0.010788846517767984
TSPEAR-AS2,0.010788353056647715
EMP3,0.010780505898393997
DHH,0.010769890100631667
U62631.5,0.01076933390725392
CHSY3,0.010766430330860007
RP11-753H16.3,0.010758395028168449
OVOL2,0.010757492180722377
RP11-630A13.4,0.010753182973425264
LINC00900,0.010750009922832522
LLNLR-304A6.2,0.01074044518638885
MIR296,0.010738984497656425
MIR4538,0.01073849642412064
C16orf92,0.010738227149654608
AC008984.6,0.010738149799805329
C1orf106,0.010737752393637603
RP11-662I13.2,0.010735219842100815
PPDPF,0.01073101076763204
GFRA2,0.010730479299371383
RP11-1152H15.1,0.010729598797980213
RP11-462D18.4,0.010726110207163847
RP11-239E10.2,0.010725295590331502
RP11-523O18.5,0.010721087762819949
HOXC8,0.010720427632309813
RP11-533E19.7,0.01071829437727223
RP11-546B8.3,0.010717785726570166
PRR22,0.010715227202008865
HERC2P10,0.010712598868687695
NRN1,0.010712248418558138
KIAA1257,0.010711024552153215
RP11-130L8.2,0.01071033073578468
RP11-462G12.2,0.01070634036146555
RP11-288C18.1,0.01070160917745358
RP11-544M22.3,0.010701089883498084
HOXA10-AS,0.01069981164845789
RP11-738B7.1,0.010699422308723176
RP1-93H18.6,0.010696577430750956
RNU6-895P,0.010694365962385391
RN7SL521P,0.010692020080890144
SEMA3B-AS1,0.010691964749210534
HOXA6,0.010691922010162072
RP11-876N24.1,0.01069177302288346
HK3,0.010690841002837485
CLDN8,0.010690779973836268
CTD-2589M5.4,0.010689024838919484
USF3,0.01068759279584949
RAC3,0.01068566036983058
YAP1P1,0.010683308071170248
DCAF12L2,0.01067995665173946
DDX3X,0.010678002960462155
RN7SL336P,0.01067757173869022
SLC10A2,0.010675111809449583
AC092431.3,0.010671125254656645
SLC18A3,0.010671006663603084
APOBEC3D,0.010666848490529096
RP4-550H1.7,0.010666401743973057
RP11-815I9.4,0.010665231525582113
RP11-91J3.3,0.010660176868700416
RP4-738P15.1,0.010659861649836405
AC006116.20,0.0106598001566508
LINC01259,0.010658069233267162
LINC00565,0.010657450989722355
AMD1P1,0.010654991644756468
RP11-435O5.7,0.010653030089981693
IQCF6,0.01065201356180461
LINC01272,0.010649667639339585
JUN,0.010646920657516271
AC011893.3,0.010646304323993725
AC005083.1,0.010646221135724991
RP3-522P13.3,0.010642864532556272
BNIP3P15,0.010642084856941963
RP11-12L8.2,0.010641945720693024
RN7SL209P,0.010640888558486255
ZNF90,0.010639890524605206
CARD16,0.010639614346280126
SERTM1,0.010639202876604002
CTB-3M24.3,0.010639119069342512
GLI4,0.01063527666777079
PALM2,0.010635112901793479
CD70,0.010634476576921258
MIR6821,0.010628881635204266
RP11-535M15.2,0.010627652236190504
DGCR5,0.010627516345658467
TCF3P1,0.010625518191827178
HIST1H4K,0.010625248572087811
SLC15A3,0.010617339685760356
RP11-108M9.3,0.010614563397518432
RP11-134O21.1,0.010607983368983888
CTD-3060P21.1,0.010607038942930816
KRT18,0.010606902773179992
CTD-3116E22.6,0.01060617173707287
VIL1,0.010604481476010383
CTB-25B13.9,0.01060233880611698
AC019172.2,0.010601144833740014
ZBTB38,0.010600071246273737
PSAT1P3,0.010599063225979411
CTD-2647L4.4,0.010596862107441487
SPON1,0.010596276930848796
RP1-12G14.7,0.010595708336610167
CSGALNACT2,0.01059468854727774
AC008271.1,0.010592255411006788
CTD-3051D23.4,0.010591141650085251
RP11-1379J22.5,0.010589922624496833
NUTF2P6,0.010587378097819542
SLC22A3,0.010586194695997093
S100P,0.01058412691300915
ROS1,0.010583567668118792
HORMAD2-AS1,0.010573145241587251
FOXA3,0.01057213978782667
CRIP1P4,0.010568930081387751
AC083900.1,0.010565543328642343
RP5-1027O11.1,0.010565481958437544
RP11-214O1.2,0.010564621361009661
AC105393.1,0.010563527971497375
RP11-46F15.2,0.010562198794380492
RP11-864I4.3,0.010560597430236154
RP4-635A23.6,0.010555504903028378
SRRM2-AS1,0.010554484517012434
AC006946.17,0.010553425171655686
RP5-908M14.5,0.0105522615773243
RP11-438L7.1,0.010550616233247465
RP1-30E17.2,0.010548529601836824
LRRC15,0.010545218472613124
ALOX5,0.010544824178292552
RP11-79H23.3,0.01054395045072198
VN1R21P,0.010543298536647878
SNORA16,0.010542309870904059
AC023669.1,0.010542049130847745
RP1-120G22.11,0.010541124203451291
TMEM200C,0.010538398548811233
RP11-25L3.3,0.010538177501749655
CTD-2555O16.2,0.010538051993444285
IFIH1,0.010536003436963988
CTB-51J22.1,0.010531950011383951
GALNT12,0.01053118731552696
FBXL3,0.010530924813730998
TCONS_00029157,0.010528302906169861
RASSF5,0.010526117269000448
IL37,0.010526051241362753
KIAA1456,0.010522704423598699
HMGA1P4,0.010522207862807137
SIGLEC9,0.010519995494318294
RP11-145A3.1,0.010518713442784955
LINC00264,0.010518701726652317
GM2A,0.01051402686268398
RP11-88I18.3,0.010513358581184159
CTC-429P9.2,0.010512576146905725
RP3-368B9.2,0.010512458419970542
OR2A1,0.01051065891993822
GPR141,0.010507843744370516
RP5-890E16.2,0.01050738785795562
RP11-545M17.1,0.010505027609455339
PKDREJ,0.01050206564207254
RP11-396C23.2,0.01049672325063896
SRD5A3,0.010492512064620763
MIR6740,0.010492395779740442
SLC16A1-AS1,0.010492093287719816
CTD-3064M3.7,0.01049193383042898
PKP3,0.010491726473112745
RP11-247C2.2,0.010491160221024491
KRT18P19,0.010490497439758724
RP11-465N4.5,0.010488099403395746
AC013275.2,0.010488008842220498
RP11-181G12.4,0.01048553832404827
ATP13A5,0.010481886855387344
IGHEP2,0.010480266363796639
RP11-449J21.5,0.010477305755805143
APCDD1L-AS1,0.010474198411309709
LMTK3,0.010472454231069338
MTNR1A,0.010470971346679903
KAT2A,0.01047052435939133
KRT18P55,0.010470254655070675
TMEM117,0.01046918617924696
AL022341.3,0.010468088514458539
TFAP2C,0.01046748738070976
RP13-516M14.4,0.010467095090327784
CTC-435M10.12,0.010465351362296411
NUDT9P1,0.010463959216200837
CTD-3214H19.6,0.010463650579373889
CTA-929C8.6,0.010461392743412483
LINC00423,0.010458415168087603
CNN2P9,0.010457171621966736
RP11-278A23.4,0.010453645866792375
RP11-497G19.1,0.010453370715661933
ITLN2,0.01045295910764152
ZNF252P-AS1,0.010452093497326906
RP11-2C24.5,0.010446662830885868
NDUFS8,0.01044561759859399
RP11-567J20.3,0.010445421745202636
LINC00106,0.010438373365694864
RP11-626P14.2,0.010435191568789595
DNM1P33,0.010434891972576615
LA16c-325D7.2,0.010434398295977278
AQP9,0.010433737444878305
KCNK5,0.010433539400220487
SNORA31,0.010424319713440999
RP11-138H11.1,0.010424085474236426
NPIPB15,0.010423554262110023
RP11-777F6.3,0.01042308909966195
AC007349.7,0.010422830632566537
LINC01048,0.010422211329342977
SLC34A1,0.010421785845712257
RP11-197N18.2,0.01041953827252027
RNU6-1161P,0.010418820167737243
RP11-148B3.2,0.010416818427180462
ELFN2,0.010416002510804953
RNU6-616P,0.010415308181595685
AC113188.2,0.010414966117683302
LINC00244,0.010414638734655594
CTB-134H23.3,0.010413822891903068
RP11-499O7.7,0.010413080494566906
RNU6ATAC38P,0.01041217647127189
RP11-148O21.4,0.010411846884165578
TNFRSF17,0.010411469442170746
PACERR,0.01041126781674646
GOLGA8K,0.01041101831249767
RP11-276E15.4,0.010410644060168823
RP11-168F9.2,0.010406345836273555
RP11-320M2.1,0.010405316985233452
AFAP1,0.010404769348142662
RP11-486I11.2,0.010403259891970799
RP11-493L12.4,0.010403224428880907
CTD-2337I7.1,0.010402216891753953
RP11-815J21.4,0.010400479507618157
NT5C1A,0.010399841534111729
RP11-109J4.1,0.010398349542324388
RP11-700A24.1,0.010397488213226582
RP11-93K22.6,0.010397430396506082
RP11-76E17.4,0.010396717191490212
HAL,0.010394536466425696
RP11-1080G15.1,0.01039191834811467
COX6CP2,0.010389912545555942
KCNC4-AS1,0.010388429903799401
KRT8P43,0.010387621474894932
FXYD1,0.010386968934343498
NSUN5P1,0.01038654252283872
RP11-314A20.2,0.010386301392475742
RP11-632K20.2,0.0103859820324161
LA16c-390E6.4,0.010382571424306146
U91324.1,0.010382479875702098
RP11-98D18.17,0.010379479429334397
PCDHB12,0.010378320979853488
RP11-923I11.6,0.010376744132595619
RP11-589B3.7,0.010372938664864197
LINC00933,0.010371514444064029
XXyac-YX65C7_A.2,0.010360726206861714
LINC00547,0.010357936687461891
RP11-284F21.10,0.010357392206112459
RP5-1042I8.7,0.010352289251381631
WRN,0.010349636824807603
AC004012.1,0.010349134960144897
AC010641.1,0.0103458218156351
MIR4269,0.01034346261813794
RNF126P1,0.010340770582197574
S100A3,0.010339236452025728
RP11-514D23.2,0.010336387037516761
MRPL35P2,0.010335852894615156
RP11-11C20.3,0.010330185179202095
RP11-426C22.4,0.010327353836044467
HSD52,0.01032524491940009
HLA-DPA3,0.010324561830876358
GNGT2,0.01032445499971851
RP11-253M7.4,0.01032183842518939
BHLHA15,0.01031861220454889
SPINK14,0.010315862876834518
MCCC1-AS1,0.010315303543971295
RP11-588L15.2,0.010312626435272584
NBPF26,0.010308759238845744
RP11-715J22.2,0.010308251515316983
AC074011.2,0.010307271595200203
RP11-57G10.8,0.010305105591963277
LA16c-321D4.2,0.010304213085441176
RP11-598F7.3,0.010304160860156876
GS1-393G12.14,0.01030129340525433
RP11-44F14.2,0.010299973158572423
RP11-453M23.1,0.010299707592696552
PTH2,0.010299355660941496
CTD-2547E10.3,0.010296684341570515
LINC00637,0.010296421842786565
B3GNT4,0.010295895736133234
RP11-831A10.2,0.010294916635755928
RP11-203H2.1,0.010294193552337634
RP11-486L19.2,0.01029356233666156
RP11-563P16.1,0.010291297891584759
RPS23P6,0.010290077012439511
RBMXL1,0.010287469308442586
AC137932.4,0.010286717401269243
RP11-96O20.5,0.010286408633226891
Metazoa_SRP,0.010285587907694235
AC073046.25,0.010281901996431857
CTD-2616J11.16,0.010275036688020146
TCF7L1,0.010272366965036344
PRRG2,0.01027078122086397
DGAT1,0.010269457898663003
MRPL14,0.010269114225478174
RP11-59N23.3,0.010268846754908668
AC102953.6,0.010266028283716118
LINC00866,0.010265140770401398
LINC01229,0.010264497812110205
TGFB2-AS1,0.010262931612768715
ZRANB1,0.010258256393412433
CTD-3057O21.1,0.010257691717490195
ABI3,0.010251955469168628
MIR33B,0.010248956632023153
RP11-1000B6.3,0.01024502381396997
HRCT1,0.010243592014653424
CDK6,0.010242732786403409
RP11-262D11.2,0.01024234579911605
FAM225A,0.01024168015870055
RP11-395L14.18,0.010240298966583452
RP13-452N2.1,0.01023990102741845
AC133644.2,0.010235070669922441
RP11-95H3.1,0.010231945792833704
SKI,0.010228149744567183
RP11-238F2.1,0.010227637612803016
C9orf163,0.01022468321376641
RP13-122B23.9,0.010223797510617059
CLDN9,0.010223628332454103
CSPG4P12,0.010220842160184864
RP11-379F4.8,0.010218848014562363
PGAM1P2,0.010218718341441111
FLJ31356,0.010218715599208143
POU6F2-AS2,0.010218619337753762
ATP5G1P6,0.010217703989228083
PRSS46,0.010217672497862528
RP11-429A20.3,0.010215628880868157
TRMT112P3,0.0102143883896676
TRAJ10,0.010213652963935125
OSTCP1,0.01021144828666567
CTD-2530H12.2,0.010210717336594358
U52111.14,0.010207952443836099
GAS6-AS2,0.010206042877888928
GP5,0.010198130705462114
RN7SL477P,0.010197733607153021
RP11-104O19.4,0.010196332049134147
RP11-963H4.3,0.010196030292870487
CTA-407F11.8,0.010195886662937411
LINC01501,0.010195518352959789
PTCRA,0.01019371917429375
CHRM1,0.010188299159910885
CHST11,0.010186660185739079
SUSD6,0.010185753461992412
RP11-933H2.4,0.010182708018402974
CTD-2252P21.1,0.01018255951994053
RAD51AP2,0.010182427860505812
PCAT5,0.01018005284935831
RP11-173P15.9,0.010179811390053126
XXbac-BPG252P9.10,0.010178457657647091
CTC-338M12.6,0.010177827089063176
CCDC71L,0.010175865517275945
LINC01055,0.010175599505569245
CLEC19A,0.010172979199107644
CTA-150C2.13,0.010172018812233985
RP4-533D7.5,0.010170878984035093
PRKAB1,0.010170286469115872
RP11-88I18.2,0.010170117102809483
SERINC1,0.010170087707386867
HSPB1P1,0.010169525329005485
ERICH4,0.010167491860886373
NAALAD2,0.01016669110623832
AC078899.4,0.010164206991662952
RP1-313L4.4,0.01016256471543411
CTD-2033C11.1,0.01016038836779167
ITPKA,0.010159881810117672
ABHD14A,0.01015909810370379
P2RX1,0.01015867611418807
RP5-943J3.1,0.010158226901449269
CTD-3020H12.4,0.010157142670241336
MBL1P,0.010154402303961158
RP11-54A9.1,0.010154160788754816
MAB21L3,0.01015400473034293
RP11-87C12.2,0.01015367700449833
RP11-66B24.7,0.010152802617559591
NAGS,0.010151420407716116
CRHBP,0.010150382970493742
RP11-609D21.3,0.0101500121295251
KNOP1P4,0.010146471218906924
ACTRT3,0.01014406308824669
OR5E1P,0.010138211004023913
PLIN5,0.01013817777935892
RPL21P135,0.010134871992008253
CTC-339F2.2,0.010132037395929175
AF131215.2,0.010131659200429315
AL928768.3,0.01013102395304076
IRX1,0.01013052537159482
CTC-429P9.1,0.01012867686609951
AF121897.4,0.010127421312314595
RP11-159H22.2,0.010125529940267542
RP11-435J9.2,0.010122901659530208
RP11-546J1.1,0.010122476285370286
C20orf202,0.010121933086804927
HNRNPA1P33,0.010121074928350222
EXOC3-AS1,0.010120195203785891
GPR84,0.01011870137927168
MIR1289-1,0.010117792688538829
RP11-107I14.4,0.010114535865070358
RP11-416I2.1,0.010114120579782048
TMIGD2,0.010113524233042164
RP11-566E18.1,0.010112434812685225
HBB,0.010112247633818397
RP11-282A11.4,0.010111848034036712
AC005256.1,0.010107912363493482
RP11-157P1.4,0.010105486204156248
RP11-736N17.10,0.010103820371599272
RP11-664H17.1,0.010103592934815256
OVCH1-AS1,0.010102773163592036
RP11-459D22.1,0.010101888432497092
TCF15,0.010101417970720008
RP11-573G6.6,0.010099211758207842
RP11-552F3.10,0.010099093533112597
FAM13B,0.010098340798240617
AC016735.1,0.010096694089300785
RP11-295G24.5,0.010096034203354328
AC112721.2,0.01009283181487329
SPATA8,0.010091563348262389
RP11-31F15.2,0.010090513772221652
EN1,0.010088106806797765
CTD-2014E2.7,0.01008684593849475
MIR656,0.010085378013386917
RP11-89F3.2,0.010084960311033097
RP11-429A20.4,0.010082522596071258
RP11-727F15.13,0.010079911380422479
LRRC73,0.01007942500907067
ZNF658,0.01007831955364659
bP-2189O9.2,0.010076688437477865
IL12A,0.010076060221736337
RP11-255G12.3,0.010075576028135236
RP11-314B1.2,0.01007350373395775
RP5-905G11.3,0.010069664377604162
RP11-341G23.2,0.010066192563815576
TSPOAP1-AS1,0.010062648120098935
AC005355.2,0.010060137911498743
RP11-855O10.2,0.010059697466224843
RP11-26L20.4,0.010056983405894046
SAMD9,0.010054977934388786
OCLN,0.010053454188885525
RNA5SP296,0.010049589588432146
AC012314.8,0.010049174160860114
CLEC4GP1,0.010046917749230621
C8orf82,0.010045718772001107
RP11-523L20.2,0.010044501824276398
LY86,0.010040411213907464
RP11-407N8.6,0.010039633623437873
KMT2E-AS1,0.010039304963137893
NEXN-AS1,0.010038179805582992
MIR6807,0.010036984880568863
HSBP1L1,0.010035188460793185
RP11-429E11.3,0.010033034353886042
RPS3AP54,0.010031670463730949
ANGPTL6,0.010030377830283184
TRPV1,0.010028586203638001
MIR410,0.010028529298501603
ANKRD1,0.010025234203081641
C1GALT1P1,0.01002496478097831
RP11-177H13.2,0.010024789588706428
PIK3CD-AS2,0.010024709650623511
RP11-554A11.7,0.010023396933841258
NATD1,0.010022322874745332
FAM69B,0.010021960117928679
RP11-572C21.1,0.010017260427468385
RP11-452C13.1,0.010017148115257201
AC007405.6,0.010016484299145704
GJD4,0.010015347007069941
RP4-758J24.6,0.01001121994006854
CTD-2013N24.2,0.010007210059329441
PABPN1L,0.010007124511435546
COPZ2,0.010004884963965436
LCN8,0.010001792401889293
PAFAH1B3,0.01000076196299121
HIST1H3H,0.010000073418749615
RP11-244F12.3,0.00999947621227631
RP11-715J22.3,0.009996794995466183
ARF4P4,0.00999603994018723
FPR2,0.009991350536574753
RP11-190A12.8,0.009991107398979368
KRT9,0.00998979193847523
PDCD6IPP1,0.00998619255358249
WDFY2,0.00998193978888743
LINC00158,0.009981731817716347
STK17B,0.00998023703111105
RP11-536K7.3,0.009978546838482054
Vax2os1_3,0.00997751084621122
RP11-612B6.1,0.00997684511490951
RNU6-438P,0.009976798885326385
LINC01402,0.00997571786248945
TMEM134,0.00997533335870652
RNF151,0.009969036001388674
IGFBPL1,0.00996844536521672
RP11-89H19.2,0.009966500501543721
FOXO6,0.009964395214271221
TRAPPC6A,0.009960909664802247
GREM1,0.009960132376599467
MIR8089,0.009959777539944887
RP11-20J1.1,0.009958931825185256
ST13P20,0.009957681759790598
EIF4HP2,0.009956674536285303
RPL10P7,0.009956488618221694
RP11-379F4.7,0.009955154017534306
CACNB3,0.009954444330973382
RP11-548P2.2,0.009953726550080361
LINC01556,0.009952974975349202
KRTAP5-2,0.009948827729759387
NCK1,0.009948072700842255
CDKL5,0.009946343522756555
RP11-358D17.2,0.009939816966525074
AC108868.6,0.009937901097282724
PTGES2-AS1,0.00993502226725805
RP11-101O6.2,0.009933922413657956
FAM155B,0.009930144307244902
CTD-2334D19.1,0.009928618271404148
AQP5,0.009927590852874936
ATXN1L,0.009926759205072746
HLA-DMB,0.009917819968148745
VAMP8,0.009913343870027501
SDHDP6,0.009912603307892762
MXD3,0.009910561787873376
RP11-336K24.12,0.009910294981455615
RP11-431K24.3,0.009910288908885076
GAPDHP33,0.009909646510720025
FRGCA,0.009907891162581502
SAA4,0.009907878610857459
RP11-8H2.1,0.009906634486478286
RP11-404F10.2,0.009906118777452181
SPG20-AS1,0.009905935036014718
H2AFJ,0.00990479973555428
RP11-327J17.8,0.009902834713394457
RP11-65B7.2,0.009902064509762578
OR1D3P,0.00989968843947882
LCN1P1,0.00989949070461846
GJC1,0.009897455832283774
G0S2,0.009897143086319444
TRBV6-7,0.009896262777453747
CCL4L2,0.009896255924047805
Y_RNA,0.009895756046378344
MS4A4E,0.009895729277836867
HM13-AS1,0.009895081941497847
PTPRH,0.009892907770706897
AL022344.7,0.009890755288716146
RP11-25L3.1,0.009889272170966907
RP11-80P20.3,0.009885926684286657
RP11-96P7.1,0.009885081619789219
RP11-108K3.1,0.009883560952408879
FAM95C,0.00987935282848994
RP11-414J4.2,0.009878417200238254
RP11-81H3.2,0.009873581091732456
RNF223,0.009873151265283266
CNN2P1,0.009872103911229245
ICAM5,0.009871761713010525
RP11-794G24.1,0.009868122378582244
RP11-263G22.1,0.009865788914473006
UQCC2,0.009865660535196424
IRAK3,0.009862638887768505
CLDN10,0.009861783938162883
RP11-71L14.4,0.009859787574473833
CTA-929C8.5,0.009858468400079066
KRT18P15,0.009854514576464031
C1orf53,0.009853552152550647
RP5-1092A3.5,0.009848908761008338
RP1-286D6.5,0.009847992336687934
LINC00519,0.009840004468003701
C3orf30,0.009837188594418986
DCDC2C,0.009837140989038817
RP11-806H10.4,0.009836759805652448
CTC-559E9.12,0.009835382088783966
RP11-76C10.2,0.009835148624595468
DCSTAMP,0.009834240391162442
AC005808.3,0.009833960077250329
RP11-572O17.1,0.009833458689449317
ZNF205,0.009830634520168236
HHIPL1,0.009829834834210531
LINC00682,0.009827739222498702
SCNN1B,0.009821451606714183
ETV3L,0.009820648132220569
RP11-65J3.15,0.00981994441837954
HEY2,0.009818370017055777
DSCAM-AS1,0.00981430848510286
RP11-122K13.7,0.009811208276570244
CTD-2275D24.1,0.00980803798802119
TRDJ4,0.009805896894122743
RP11-49C9.2,0.009798872521471342
RP11-843A23.1,0.00979792967473024
RP11-720N19.1,0.009795773809674968
MIR6820,0.00979529366797171
EIF4EBP2,0.009793483307394012
RP11-799B12.1,0.009792328026567753
PARD6A,0.009791727197494203
RP4-800J21.3,0.009791541483263487
MMD,0.009790717148579126
RP11-526I2.1,0.009786864133873792
KLB,0.00978521799028171
MIR200C,0.009783922364267212
WI2-85898F10.1,0.009783092245811522
CTA-223H9.9,0.009782013553418912
RP11-1134I14.4,0.009782001435307724
RP11-429J17.5,0.009781689390931454
AC016582.2,0.009780475930746912
RP11-161H23.8,0.009778819043402671
ACTN1-AS1,0.009777158167684829
RP11-386I14.2,0.009774117906397976
RP13-608F4.5,0.009771820408357947
RP11-672L10.2,0.009771298516899497
FPR1,0.009770997485950344
AC010731.2,0.009770226064245229
ADAMTS7P3,0.00976827201166112
SRF,0.009767922209310874
RP11-745O10.4,0.009765344129962097
TBX21,0.009764285373676991
MIR3617,0.009762757389629922
GABPA,0.009761038194666841
ZNF286B,0.0097608060639912
ZNF385D,0.00975957253530338
CCS,0.009751625302236654
PRSS44,0.009751045658219775
TRBV5-3,0.009750791477988238
SGTB,0.009750580993427987
TRDV3,0.009747942163587127
PCAT29,0.009747269949571915
MIR24-2,0.009743599292793855
RP11-800A18.4,0.009741142031534394
RP11-449P15.2,0.009740999395560957
LINC01412,0.009737712155129615
RP11-64C12.3,0.009735296595232595
RP11-286N22.16,0.009726047232955514
RP11-67L3.5,0.009723030197519517
RP11-449D8.1,0.00972301696451765
AC097724.3,0.00972274179895257
PGP,0.009722333973074034
TRDJ3,0.009721118385911415
KRT18P16,0.009717681360951618
uc_338,0.00971766991527735
LA16c-380A1.1,0.009716472998796319
RP11-12D24.6,0.009712860327997497
AC008088.4,0.009712653562924405
TMLHE,0.009708917871645864
HMGB2P1,0.009705862275493027
RP4-758J18.7,0.009705499084800407
LL09NC01-139C3.1,0.009703619920956728
GNA14,0.009700684900122053
RP11-500C11.3,0.00970015081099229
ALOX5AP,0.009699582974442941
CROCCP5,0.009698946376757818
RN7SL221P,0.009698179870588332
FGFBP2,0.009695750834878513
RP11-1023P17.2,0.009695649208024808
RP11-66N24.3,0.009689408388254637
SYT7,0.009688189243127957
BARX1-AS1,0.009685761520000913
CTD-2024P10.2,0.009684826525454578
RP11-61F12.1,0.00968313602286919
RPL12P25,0.009680158288104443
GRIN3A,0.009678950242753523
RP11-579D7.8,0.009678189851777784
RPL23AP31,0.009673218392752666
RP11-187C18.4,0.00967277781522124
CLDN14,0.009667191863843108
CTA-14H9.5,0.009666746102738216
AD000864.6,0.009664525852113966
RP11-270M14.5,0.00966187684014264
RP11-567M16.1,0.009660045153709705
RP11-13N12.1,0.00965886256456596
Y_RNA,0.009658426538484352
RP11-493L12.7,0.009657680991797883
PDZRN3-AS1,0.009657429936773482
RUSC1-AS1,0.009657365811563883
RP11-338C15.3,0.009657238886312947
SBK1,0.009657000930192654
HLA-DQA2,0.009656076977332367
RP11-603J24.14,0.0096550940450771
CCDC84,0.009652609128365769
CTC-327F10.5,0.009652204880028145
CTD-2008P7.10,0.009651989788419982
RP11-649A18.3,0.009651751658379623
Y_RNA,0.009651112753338376
HIST1H2AM,0.009642327285818408
RP11-325I22.3,0.009637105716172453
RP11-626G3.1,0.009636995265438084
B3GNTL1,0.009635078252170325
RP11-110I1.6,0.009635024782890324
MIR499A,0.009630374229858853
RP11-366L20.2,0.009629213543782218
ZNF593,0.009629141323811168
PIGR,0.009628435432491539
RP11-80H5.2,0.009627605735021569
GRK1,0.009624471577444402
KRT8P31,0.00962298012130126
KRT18P33,0.009620094164971435
RP11-679B19.1,0.009618513991840277
AC004837.4,0.009617240436309736
RP11-536I6.2,0.009612364533713768
DCLRE1CP1,0.00961211232266881
TNFRSF11B,0.00961169764938387
LINC01266,0.009610929414618035
RP11-38L15.3,0.009606788417618401
CTA-384D8.34,0.0096058238393692
ETV6,0.009605054898847751
RP11-308D16.2,0.009604820955246488
PVT1,0.009604311128440091
FBN2,0.009603251330063192
RP11-445K13.2,0.009602989844901655
CIB1,0.009601282018398131
TNFSF12-TNFSF13,0.00960072673840105
CTD-2270P14.5,0.009600426311069688
RAB11FIP2,0.009598445631575105
RPL37P1,0.009595800526148729
RP11-793H13.3,0.009593893463992243
RP11-617B3.2,0.009593328351654693
RP11-283G6.4,0.009591180005024166
RP11-22C11.2,0.009588820047036154
PTEN,0.009583544481393482
RPL15P21,0.009582988916697415
LINC01230,0.009582695753936993
HIST1H2BN,0.009580106665100714
RP11-171I2.3,0.009576919477883937
WI2-85898F10.2,0.009574126862170813
MIR3911,0.009572576894532489
KIAA1614,0.009569512706380687
HLA-DPB1,0.009568010802251031
ABC7-42404400C24.1,0.009567960182813215
LINC00638,0.009567327555445324
LA16c-390H2.4,0.009565638792650079
GJB7,0.009560839946381345
GNG13,0.009558771295200443
DPPA3P2,0.009557776766863361
PWAR5,0.009555985106431415
RP11-21L23.4,0.009555551384650772
RP11-613M10.6,0.009554040637104229
RP11-218M11.1,0.009553879615761046
HERC2P5,0.00955196191058699
MRPL41,0.009551003390817485
RP11-531A24.5,0.009549516799191632
FOXJ1,0.009546173105882714
RP11-425A6.5,0.009545662241092833
AC019185.2,0.009545366472031136
PXN-AS1,0.009545181772691737
RP11-817J15.3,0.009542466527690443
KRT18P67,0.009542030488058678
RP11-524C21.1,0.009541067264188154
SRMS,0.009539817732901334
CTD-3051D23.1,0.009539052294759818
RP5-1092A3.4,0.00953839718859568
KRT18P17,0.009538241312878086
IL36G,0.00953633111443203
ZNF341-AS1,0.009534817912571004
UFSP1,0.009532247675159504
U8,0.009531415589844983
RP11-569A11.1,0.009531085536555052
RP13-554M15.8,0.009530129238724398
PPP4R1-AS1,0.009529831445891207
RP11-867G23.13,0.009529519477133295
RP11-783K16.14,0.009529461240997626
SLC5A1,0.009525331833729622
AC079779.4,0.009524872219483853
ZSCAN31,0.00952271983249156
RP11-117L5.3,0.009522310154005377
RP11-401F2.3,0.009515778930345525
C11orf95,0.00951521562993269
GOLGA8VP,0.009513440044436876
KRTAP19-8,0.009513387016710334
RP11-3M1.3,0.00951272956326502
HAS2-AS1,0.009512389829685924
CTD-3032H12.1,0.009512015386502074
ENTHD1,0.009511639922986558
MIR141,0.009511330247239248
RP11-191F9.1,0.009511088821437686
SLC16A14,0.00950935470467646
LINC01449,0.009508494365399583
RP11-351M16.3,0.009503215389024022
BMPR1APS1,0.009503076402420488
MIR940,0.009502601170480527
RN7SL689P,0.009502573069404389
RAD1P2,0.009499606716565455
RP11-109L13.1,0.00949609803740376
AC073130.3,0.009495316804339751
URAD,0.009494957363516717
PALD1,0.009493834809131088
RAPGEF2,0.009493832811697212
MIR6895,0.009490428210901973
MDS2,0.009489890277125731
RP11-855A2.1,0.009486704639999382
RP11-443B7.3,0.00948119740570071
CTD-2331H12.7,0.009480728642120781
RP11-286H14.8,0.009479704341352651
LTB,0.009478087809782659
RP11-666O2.2,0.009477375144289221
FAM63B,0.009477063488791753
LINC00964,0.009473074572361169
MIR4450,0.009471686918390225
RP11-14C10.6,0.009470204633138099
UNC93A,0.009467283194422717
CTD-2165H16.4,0.009467106010848457
RP3-425C14.4,0.009464577701469998
SPINK13,0.009463252590058946
CXCL2,0.00946280887470697
RP11-104N10.1,0.00946271199309677
ARL10,0.009460273040281164
GPHA2,0.0094600399387294
KRT18P48,0.009456950231413224
AC034243.1,0.009456444477099396
RP11-861E21.1,0.009456349553637946
AC007405.8,0.009454873761581143
RP11-983P16.4,0.00945403626297742
FOXF2,0.009453812526190227
FAM47E-STBD1,0.00945314589488003
INSM2,0.009451226900160523
BIRC2,0.009450996910786637
AZIN1-AS1,0.00945093866292289
RP11-87H9.5,0.009450531013032596
SALL4P5,0.009447685334565796
IFNA8,0.009446630521720897
RP11-382D12.2,0.009440119836961918
RDM1,0.009439982482963804
MYL5,0.009438985765802672
BX470102.3,0.009437999604265838
RP11-248J23.7,0.009435891401759117
RP11-261P9.4,0.009435583425051262
GADD45B,0.009433801978446964
RP11-374F3.5,0.009433348047575455
AC097713.3,0.00943269481228823
RP11-964E11.2,0.009430931807831793
RNASE13,0.009430483128009521
ULK4P2,0.009429324396346453
ZNF518B,0.009425107761257054
RP11-375I20.6,0.009423536139740913
MRPL23,0.009420338255694155
SALL4P6,0.009419859553489535
LINC00884,0.009418894808164147
COTL1,0.00941889345732561
RP11-469H8.6,0.009415297466219597
TMEM191C,0.009414164979915323
RP11-626H12.2,0.009413451841429806
AC005625.1,0.009413155255849714
IGHD3-9,0.009412286576310552
RN7SL381P,0.009409681536309437
OCEL1,0.009407808002257614
PGM5P4,0.009406106912145272
PP7080,0.009405647412504084
LINC01589,0.009404353553897623
ZNF426,0.009403329519941224
TMEM191B,0.009402763326551433
NCAPGP2,0.009402181184794679
CTD-3128G10.6,0.00939988646409934
SNHG3,0.00939899909313222
RN7SL391P,0.009397382757918304
LEPROT,0.009395388374257725
C1QTNF2,0.009395154901952113
CCDC162P,0.009394801616361203
HIST3H2BB,0.00939165325691834
AC007461.2,0.009390443843548918
ZMAT3,0.009388612888070956
RP11-236L14.2,0.009388374360194771
RP11-6I2.3,0.009388367208941139
GFRAL,0.009384799762715845
RP11-475D10.4,0.009384669457168595
RP11-535A19.1,0.009383048917529314
RP11-627G18.1,0.009382118284172637
GNG12,0.009378748678567696
RP11-468H14.2,0.009377536004395582
RP11-192H23.8,0.009377432245601617
AC002044.1,0.009376749199035124
HPN-AS1,0.009376160835653341
RP11-487E13.1,0.0093721179286833
LENEP,0.00936979066393151
ZSWIM5,0.00936805532695682
ZNF770,0.009366006587439676
IGHD4-4,0.009362432986372427
AP006621.8,0.009359978513129174
RPL12P7,0.00935738876217016
RSPO4,0.00935663683765042
AC005355.1,0.009355483872858577
ZNF561,0.009355269807446059
RP11-686D22.5,0.009354873828492115
PCDHB19P,0.009354767575383017
CREBL2,0.00935395870518581
BBS12,0.009353906192667428
PLEKHM1P1,0.009353373554129232
FYTTD1P1,0.009351705455483831
WNT3A,0.009350473006523667
SLC6A4,0.009349828692460642
RP11-624L4.1,0.009345831161859974
NPY2R,0.00934302247623471
RP11-38J22.3,0.009341409710979449
HCN3,0.009339284482450477
CTD-3064H18.2,0.009336588161951088
FAM83B,0.00933536581372116
GLIS1,0.009335138655817017
NSMAF,0.009334778331275613
CTD-2516F10.4,0.009333545002034411
HEXIM2,0.009331983798762943
AURKAPS2,0.009331506112276252
LINC01273,0.009326346182048202
AC006129.3,0.00932632451405816
UBE2J1,0.009325158043083582
HERC2P8,0.009324671794572536
RP11-473M20.11,0.009322942069716754
SSTR5,0.009322281858141754
RP11-214N9.1,0.009321962752876984
CD1A,0.00932120736032697
RP11-326E7.1,0.009320697232174099
RP11-566K11.7,0.009319745645678269
C4BPAP2,0.009317652320811954
AC063976.3,0.009316748458650867
RP11-64D24.4,0.009316422280232625
TNF,0.009316388588293907
RP11-359G22.2,0.009315742948367529
RP11-413E1.4,0.009315530712574762
AC004231.2,0.009315372199824125
MIR483,0.00931505740092366
CTC-303L1.1,0.009313271697174694
SYNGR2,0.009312350570242994
LBX1,0.009312001779528505
LSM11,0.009309465352917627
RP1-8B1.4,0.009308390861719607
RP11-2C24.7,0.009307867549841947
ZNF688,0.009305775785084262
RP1-136B1.1,0.009305443163931185
RP4-718P11.1,0.009304739817571147
RP11-57A19.4,0.009304577260808121
RP11-83B20.9,0.009304575634915293
AC016910.1,0.00930455592668351
NUDT22,0.009303830823259846
Metazoa_SRP,0.009303565030426827
GAL3ST4,0.009303554942777315
CTD-2547G23.4,0.009300933261869912
CTC-260E6.9,0.009299244725306103
PICSAR,0.009297204124644971
TRIM50,0.00929427939466295
RP11-330O11.3,0.009292747913998851
C19orf35,0.009291482720658306
ADAP2,0.009290393004252172
TTLL4,0.009287238044774073
LL0XNC01-116E7.5,0.009286758242426973
OLR1,0.009285813094630117
GLYATL1P1,0.00928540284736945
ENPEP,0.009285374240201363
APOBEC3AP1,0.009284566085969453
GDF10,0.009283848262779955
GS1-358P8.4,0.009281424651984909
C3orf80,0.009279854809629128
RP3-323B6.1,0.009279666915186524
RPARP-AS1,0.009278893676442862
AC002480.5,0.00927885691575933
SNHG19,0.00927756712186821
CD207,0.00927626789911719
CTD-2527I21.7,0.00927592485140408
AC096670.3,0.009275051951432847
CTD-3116E22.8,0.009275026404563624
RP11-59N23.1,0.009274950728969
RN7SL180P,0.009274380475553075
RP1L1,0.009272717667340264
WHAMMP2,0.00926996097656106
IGHA2,0.00926851789141018
RP11-395I14.2,0.009265467899020441
FBXO30,0.009263125447971688
RRN3P2,0.0092629446366213
AC005363.11,0.009261883539166611
RNA5SP37,0.009261034208929517
MAN1A1,0.00926016778085895
LA16c-358B7.4,0.00925997279961824
AC093326.3,0.009258044991094758
MIR25,0.009257517340967797
RP4-583P15.15,0.009255958349880312
MIR4537,0.009254855883797085
MIR101-2,0.009254053834159505
CTB-12A17.2,0.009253411718927953
XKR9,0.009250752691705739
RP11-524F11.2,0.009249401706861
CDH19,0.009248542080861552
RP11-426A6.5,0.00924646598344408
RP11-242J7.1,0.009245500750826145
RP5-933K21.3,0.00924375260197881
PLEKHN1,0.009243689977593695
RP5-1185I7.1,0.009243109117430369
GOLGA2P5,0.009238236382765904
TRAJ7,0.009235144896241946
CTD-2621I17.3,0.009233919309954115
RP11-282O18.3,0.009233081245955335
CBLC,0.009232761839721156
CCT6P3,0.009232579479949404
HIST1H4J,0.009232307303529851
RP4-545K15.5,0.009230686952424492
AC093616.4,0.009229161922000023
OXCT2P1,0.009228155030944568
SEPT10P1,0.009226378128084156
RARRES2,0.009226157683241415
RP11-241G9.3,0.009225538612057542
GXYLT1P6,0.0092253759505502
WNT7B,0.009224022757256667
RP11-14C10.3,0.009223458839450817
RP11-634H22.1,0.00921748250649413
AC073415.2,0.00921376367751683
LIME1,0.009213319605475322
COL5A3,0.009209707139743417
CTC-1337H24.3,0.009209287829110974
AC093390.1,0.009207301715541585
SCAF8,0.009206811479384729
OR7E59P,0.009206163617307903
CTB-147C22.8,0.00920371132967914
UBE2E2,0.009199077800985648
AJ006998.2,0.009198987740370855
AMHR2,0.009198921923262963
CH17-140K24.8,0.00919877032120597
CTA-113A6.2,0.009197871290469251
MIR7111,0.009194885568710506
DUSP23,0.009193765109138528
CH507-42P11.6,0.009192637999850308
EMX2OS,0.009191874228452529
MIR7853,0.009191102618360895
RNF217-AS1,0.009190783453464954
SNORD114-3,0.009190487603795875
AC062017.1,0.009189668909378773
MIR99AHG,0.009179441853155829
FOSL1,0.009178498872780787
BRWD1-AS2,0.009177173385826434
CTD-2095E4.4,0.009176792957103013
AC004637.1,0.009174883064632884
RP5-944M2.2,0.00917418185879611
RP1-240B8.3,0.00917410384212668
NOVA1-AS1,0.009173430578135893
RP11-43F13.1,0.009173215635356927
RPL32P1,0.009173214952133623
RP1-310O13.7,0.009171648935504425
KCNA1,0.009171078096602607
MIR125B1,0.009171057637428807
CATSPER4,0.009170842895610048
RP11-739G5.1,0.009168998849876419
CTD-2265O21.3,0.009168935021769282
FTLP14,0.00916551472321756
RP5-1115A15.2,0.009164577252235528
KRT18P32,0.009164516437740721
RP11-462G12.1,0.009163371607126615
RP11-519G16.5,0.009162467979110007
RN7SL279P,0.0091622010381296
LA16c-385E7.1,0.009160450977753807
CTD-2245F17.6,0.009158516665443353
SPP2,0.009157118369046908
RPL13AP20,0.009155422029932865
C9orf170,0.009152964178684086
XK,0.009150227626710368
CTC-297N7.7,0.009148627156240777
Metazoa_SRP,0.009145390834794454
RP11-359E19.2,0.009143462175465474
AC008697.1,0.009142840551617114
PEX11G,0.00913990037479625
PLBD1,0.00913894596278139
CTD-2655K5.1,0.009138490746857162
MIR223,0.00913124460513548
RP11-640B6.1,0.009131138797035402
FAM215A,0.009129411024260852
CTD-2017D11.1,0.009129055092101985
OR2L13,0.009128560351563193
AC004112.4,0.00912624776758643
AC007796.1,0.00912571694679026
RP4-568C11.4,0.009125612853115243
CTD-2349P21.7,0.009123785197491643
AC068499.10,0.009123632012274842
LINC00656,0.009119872287510124
BOLA1,0.0091177763720651
AC002044.4,0.0091135929297862
NTAN1,0.009112512625423987
ASIC5,0.00911200315097187
AC109642.1,0.009109748681687511
TRDD2,0.009109012839164626
AC069363.1,0.00910754766799043
RP11-1038A11.1,0.00910733254564554
RP4-753P9.3,0.009099531372001719
NPW,0.009098204567973727
PTX3,0.00909794715511585
MIR7848,0.009097200971516024
MUC20P1,0.009096457156958294
RN7SL652P,0.009095735277311534
AC074212.6,0.009092760856418072
RP11-4C20.4,0.009092404464623224
CTD-2196P11.2,0.009091431419692804
RP11-306I1.2,0.009090271982918268
WHAMMP3,0.009089921021221853
GOLGA2P7,0.009089403313584517
GDPD1,0.00908853504255979
RP11-522B15.3,0.009087666206137893
STX17,0.009087626628160976
ARL4AP2,0.009087545994671941
RP11-46H11.12,0.009086690780651817
RP11-98G7.1,0.009085368709221966
AC108142.1,0.009083575848136035
RP11-757F18.5,0.00908328025462513
RP11-115C10.1,0.009080322259469293
ZC3H12C,0.009079945511304902
MIR6728,0.009078138122402463
RP11-140K17.3,0.009077346523606235
RP11-296E7.1,0.00907256114066151
RP11-363N22.2,0.00907243897812595
AC007131.1,0.009071551525075775
RP11-49O14.2,0.009070846756555806
RP11-115H13.1,0.009068359826798588
HTR2A,0.009068047399309278
RP11-103B5.4,0.009067916154120054
KCNA4,0.00906619700923939
CH17-360D5.2,0.009064924653132297
RP11-867G23.8,0.00906474618838457
LINC00462,0.00906470689387308
LINC00598,0.009064218655436707
LINC01050,0.009064064037388913
AC069368.3,0.009063771231979474
LINC00685,0.009062777753583913
KRT8P30,0.009062613466474276
RP11-445O3.1,0.009061938284494052
MIR205HG,0.00905883551557969
AC091654.7,0.009058231481166018
POLD4,0.00905693268561565
THEM6,0.009053715038524719
C2CD4C,0.00905185217398695
RP4-710M3.2,0.00905081092683574
CAPN10-AS1,0.009050375290440725
CTD-2006K23.2,0.009049762578200676
LINC01179,0.009048907193416415
RP11-500G10.5,0.00904887339027774
CTB-75G16.1,0.009048768063170568
RP11-561C5.7,0.009048522117050678
SAMD12-AS1,0.00904795515685227
RP3-331H24.5,0.009045703855601115
TRMT112P4,0.009045293678963213
RP11-650L12.2,0.009044434219897113
MIR647,0.009042366049170629
HNRNPA1P49,0.009042264614796926
RP3-340B19.3,0.00904219856591006
RP11-378A13.1,0.00904091531833933
RP11-679B19.2,0.009040374244414498
RP11-1348G14.8,0.009039536330380888
RP11-30P6.6,0.009038932559984406
RN7SKP18,0.009033302419858901
LMF1-AS1,0.009032520359270563
ABCA17P,0.009032009670369951
FCRL4,0.009031902831310036
CTD-2215E18.1,0.009028711785576527
GPR143P,0.009028579713755754
RP11-350N15.3,0.009027051074255922
RP11-661A12.12,0.009024638397102212
CTB-55O6.13,0.0090245577339666
ZBTB42,0.009023919154475897
RP11-560J1.2,0.009023564106130786
MRPS26,0.009023266851382005
LPAR5,0.009022835068969882
AC022816.2,0.009021772289540896
RP11-284F21.7,0.009018709335030219
RP4-616B8.4,0.009018017112892155
RP11-686D22.8,0.009017027729202175
CORO1C,0.009013813186334286
MEG8,0.009013286953184159
PMF1-BGLAP,0.00900828044585134
Y_RNA,0.009007796870712011
PFN4,0.009007167482190194
DSTNP1,0.009006934185185134
RP11-231P20.2,0.009006913024211829
KCNG2,0.009006105163720716
RP1-13D10.3,0.009005332167103409
AC093818.1,0.0090046718542418
BEND3P3,0.009004088774433905
ALPK2,0.009002974551290451
RP13-714J12.1,0.009002806819858997
CTD-2021H9.1,0.00900186686007382
NUP62CL,0.00900162028652011
RP11-180I4.4,0.009000939010634321
RP11-7M8.2,0.00900079921560231
RN7SKP239,0.009000247802722043
TTTY14,0.008997719662755909
OR2M4,0.008996661016438798
MCIDAS,0.008996303153286941
RP11-216N14.7,0.008994822945629572
TRAJ39,0.008993970155272167
CDK3,0.008992867045466313
DBH,0.008991926554390179
CTD-3035D6.2,0.008991278794130742
PCAT6,0.008991037614034351
IDSP1,0.008989971244255076
SMO,0.008987212358412508
RP11-67L3.4,0.008986315094200462
ARRDC4,0.008986126162551756
RP11-307C12.13,0.008985216774811533
RP11-545M17.3,0.008979352031459624
CTB-107G13.1,0.008977643002897353
KPNA3,0.008977119370146778
RP11-70D24.1,0.008976995554182986
RPL32P33,0.008975469974332174
IGHV3-7,0.008975027055487174
RP11-452I5.2,0.008974111723155064
RP11-875O11.3,0.008974030475296746
RP4-671O14.5,0.008972599241874313
AC098795.1,0.0089701056872086
RNU6-1175P,0.008968053176941836
AC011513.4,0.008967548079251526
CTB-161C1.1,0.008967420582892743
RP11-649E7.7,0.008966286114845335
VLDLR-AS1,0.008966184163141332
HCN1,0.008965096314737766
AC007292.6,0.008964845397602889
RP1-78O14.1,0.008963344572025174
ANKS4B,0.008961674134966116
FIBIN,0.008958850650757529
LA16c-380H5.5,0.008958497166111405
AC108868.5,0.008957498193203078
HIST1H3D,0.008956543515718975
KCNK15,0.008956135128285933
RP5-839B4.8,0.008955914190133748
RP11-170M17.1,0.008955449480213491
BTG1,0.008952589554194626
ZFHX4-AS1,0.008952384039114481
RNU6-955P,0.008951373863223342
XX-C00717C00720L.1,0.00895075442038821
AP001412.1,0.00895058802441578
RP11-640L9.1,0.008949667640120538
PATL2,0.008946015415812216
SERTAD2,0.00894533554431885
RP11-455F5.6,0.008942645876946154
AC092569.2,0.008940826060764543
RP11-212I21.4,0.008938120809761644
AC103563.7,0.008935621641396845
MAP1LC3C,0.008935564936334095
SPEN,0.00893501859673206
PERM1,0.00893445469034798
RP11-545P7.9,0.008934014475413353
ADAMTSL5,0.008933987429344578
CCDC152,0.008933290356944413
KRT8P40,0.008933144306506276
AC108463.1,0.008928703899889843
RP11-44F14.9,0.008928497907144436
AC004510.3,0.008928231511596245
RP11-456O19.5,0.008927189933336441
REP15,0.008926390499618086
RP11-57H12.3,0.008925898276894505
RPL7P18,0.00892507152023417
CTA-363E6.1,0.008925013363166135
AL121578.7,0.008920548782264053
RP11-271F18.1,0.008919457202095773
PAGR1,0.008917409194283715
XIST,0.008916880130910774
RP4-563E14.1,0.008914119911820761
KRT18P22,0.008911124691816303
RP11-146E13.5,0.008910565452264289
RP11-701H24.7,0.008910049684809563
CNOT6LP1,0.008909630638850098
C19orf67,0.00890931612911932
TAS1R3,0.008907902490192129
RGS16,0.008907360414377246
RP11-452F19.3,0.0089053457866185
HES6,0.008903478117883747
EXT1,0.00890172997574744
RIPPLY3,0.00890054961150356
GID4,0.008899799082776301
PRPH2,0.008894094765195648
TEX22,0.008892964923822029
CD302,0.008892707290378879
CTB-113I20.2,0.008891806444109062
RP11-452H21.4,0.008890956947801482
MTDHP4,0.008889032679626662
WNT6,0.008888081631653721
PGA3,0.00888732398597932
IGFALS,0.008887148450779812
RP11-305P14.1,0.008885103992085901
C17orf82,0.008885000642055654
RP11-863P13.3,0.00888456681684037
DNASE1,0.008880910100429079
RP11-368M16.6,0.008880613241923246
CTD-2537I9.15,0.00888014646780897
SRGAP2D,0.008878982256646682
PRCD,0.008877429647900822
CASC9,0.008875894073928855
OTUD4P1,0.008874885183482365
CTD-2196E14.5,0.008874460518426148
RP11-113K21.4,0.008874361198816485
RP11-553A21.3,0.008874037221041655
RP11-134K13.4,0.008873740938630836
DUSP7,0.008873236510978957
CISD3,0.008871946611747512
RP11-972P1.11,0.008871365602676722
TBX5-AS1,0.008871249703128425
RP11-626G11.4,0.008869013139392447
RP11-946P6.6,0.008868968752526563
ZBTB24,0.008868023658100913
CLCA4,0.008866667838177378
SRPX2,0.008863740288820202
BCRP4,0.008859894869033026
KRT18P6,0.008855655809382612
PHEX,0.008855191798031481
RP5-1166F10.1,0.008855096493802013
CTD-2532N20.1,0.008852032296293118
AC137932.6,0.008851146215907843
RP11-895M11.2,0.008851111616281465
HIST1H2BC,0.008849212717112113
PMVK,0.008843618021438593
C3orf20,0.008842451948054067
U8,0.008841788180450056
C4BPA,0.008841667857362666
MIR218-2,0.0088413399707499
RP11-248J18.3,0.008838643479677302
CTD-2227E11.1,0.008838440166003736
MIA,0.008837547805067715
RP11-327J17.1,0.008835534099885536
FBXO39,0.00883346115616204
RP11-325F22.2,0.008832640522967613
MZF1-AS1,0.008828890343479912
XXbac-BPG170G13.31,0.008828282961895582
TCF21,0.008827852040086456
RP11-280K24.4,0.00882698185072364
RP11-266K4.13,0.008825913413501797
RP13-465B17.5,0.008825908330757085
RP11-568N6.1,0.008824911493115283
RP11-430C7.5,0.00882482434431971
RP11-539L10.2,0.008824703241083585
HOXA11,0.008824124167443843
RP13-20L14.4,0.008823114360232254
SNX18P1Y,0.008820068466631114
AF064858.6,0.00881813695471206
PLXNA4,0.008816855054482977
CTD-2017D11.2,0.008815601852951986
TMEM139,0.008814319623952167
RP11-1113L8.1,0.008814244181976566
CRNDE,0.008813183069415701
IGHD5-5,0.008812548213213556
GOLGA8H,0.008811335405025026
RP11-57H14.4,0.008810943441205256
AC104809.4,0.008810742001487742
AP003774.6,0.008810496441081141
KLF14,0.00881034778675117
CD7,0.00880906843310448
AC008746.10,0.00880878292359657
RP3-508I15.21,0.008807859478896613
RP11-723O4.6,0.008807448823547396
RP11-680B3.2,0.008807074598944876
TMEM55A,0.008798371645194154
TRAJ45,0.008798130186032177
AC007773.2,0.00879748369479469
RP11-58A18.2,0.008796245260435941
MARCKSL1P1,0.008795275204837954
RS1,0.0087942096642964
GNG12-AS1,0.00879294317007822
RP4-713A8.1,0.008792327550101675
RP5-1153D9.5,0.00878980006099623
RP11-710C12.1,0.008789524252571113
RNY3P8,0.008789197675410525
OR1E2,0.008789106934327854
MIR4525,0.008783984576304209
CYP2B7P,0.008783555872873121
HS1BP3-IT1,0.008782528298409129
RNU2-11P,0.008779044465570648
SNORD114-4,0.008778743170452626
LINC01010,0.008777441074833841
ZNF788,0.00877728550007505
Metazoa_SRP,0.008777230926506603
FOXF1,0.008776196642158271
QRFPR,0.008775703063124925
RP11-145A3.2,0.008775048083248782
MGP,0.008774009564906232
ENDOG,0.008773767155190276
CTD-2517O10.6,0.00877358949004635
RP5-1063M23.2,0.008770853234635298
RGL2,0.008768724648257132
RP11-62F24.2,0.008768524405989525
KRT8P10,0.008767978511242
CH17-340M24.3,0.008764230934539733
RP11-429J17.7,0.008763231272733351
RP13-554M15.5,0.00876255577701797
MESP1,0.008762390092750918
STAC,0.00876193877800017
RP11-1020A11.1,0.008761171708762266
RP11-407G23.4,0.008761030547095724
MIR142,0.008759078854840698
IGBP1-AS1,0.008754045543302077
RP11-475I24.8,0.008754008063580756
RP11-689J19.1,0.008753183364534588
BLVRB,0.008749706698530134
USP37,0.008748834240877384
GPR63,0.008748472081457632
PCBD1,0.008748182618674829
ZNF805,0.008746699372046729
RP11-147L13.8,0.008745191020328294
RP11-701H24.5,0.008744803906203283
IL12RB2,0.008743771034015553
BIK,0.008743386016275658
NMNAT2,0.008743247411902019
NWD2,0.008742682919653433
HOXA5,0.008741449247724915
LINC01508,0.008740326479136244
SERPINB9P1,0.008739949678802322
RP11-497E19.1,0.008738962259024376
RP11-486A14.1,0.008736738501613033
RP1-290F12.3,0.0087361018036
SYNE1-AS1,0.008734191573985165
GPSM3,0.008732743418748874
RP11-245P10.4,0.008732399055685184
LA16c-360H6.1,0.008732353787013652
CTC-559E9.9,0.008731298748360195
RP11-259G18.1,0.008730566620759918
CTB-49A3.2,0.00873043010195973
RP11-476M19.3,0.00872965026662964
RP11-537H15.3,0.008729506098881123
GUCY2EP,0.00872809285730597
LINC01207,0.008727352633461305
WI2-2118C23.2,0.008726054832481654
AC009299.3,0.008725586114350873
GPR42,0.00872385469412401
RP4-781K5.6,0.00872275765900147
PROSER2-AS1,0.008722219504292932
PTGFRN,0.008718496974261289
CITF22-1A6.3,0.00871822564453789
RP3-495K2.2,0.00871757940150907
RP11-366L20.3,0.008717320842603892
RP1-47A17.1,0.008716470180177464
AC017002.1,0.00871576182308581
LINC00940,0.008714559815764427
LINC01614,0.008714382529811469
EXOSC4,0.008714284467095625
PRKCDBP,0.0087141771173057
RP11-363D14.1,0.00871168913533384
RP11-727F15.9,0.008710969282327287
RP11-61L23.2,0.008710802692070542
RP11-16E12.2,0.00870981069773898
RP11-1260E13.1,0.00870896453153027
LL09NC01-251B2.3,0.0087087187727439
KRT8P1,0.008707706465694838
AKR1D1P1,0.008706586439966722
RP13-131K19.2,0.008705443238773317
PSMG3,0.008702385683155468
OMP,0.008702316280680526
FOXH1,0.008702131701351505
RP11-235E17.6,0.00870110433980518
KDF1,0.008700569144347458
MSANTD3-TMEFF1,0.008696831804062883
RP11-588H23.3,0.008691693211982527
RP1-63G5.7,0.008689815456699663
RP11-332H18.5,0.008689809897905486
CTSO,0.008689133999027845
RP11-362F19.3,0.008688364487397873
CTA-221G9.12,0.008686416623736601
NUS1P1,0.008686268117343994
RP11-359I18.5,0.008685904328657203
RP11-1391J7.1,0.008685625818782907
RP11-490M8.1,0.008684016808827135
DUXAP9,0.008680233455636366
FO538757.1,0.008680132323798832
S100A14,0.008679052287279578
LINC01422,0.008678963912784181
GBP7,0.008676978334970787
RP3-523C21.3,0.00867402705176128
LINC01072,0.008673799435097015
CTD-3184A7.4,0.008673685786670741
MIR6768,0.008673619176980661
FZD8,0.008673457406913056
AC074183.3,0.008672590225903404
TMEM101,0.008671595378481757
C16orf47,0.008671075547534823
PLA2G4D,0.008670419131563517
RP11-10C24.1,0.008668246028976135
RPL23AP3,0.008667318117052797
RAP1AP,0.008666752871840952
ZBED6,0.008665749041526552
TRAJ12,0.008665495022221541
IGLV4-3,0.00866398951150052
RP11-109A6.2,0.008658784620868358
IGLV3-24,0.008657586208464777
AC009950.2,0.008657372001992096
RP11-371I20.2,0.008655769953274068
LA16c-329F2.2,0.008654254410647357
LAGE3,0.00865130175453398
HELB,0.008650433302671895
OR7C1,0.008650313022681856
SNORA14,0.008649723047251912
RP11-304F15.6,0.008645194016168834
AC093484.4,0.008642258626810362
NOTCH2NL,0.008641313874712224
DHDH,0.008640952211111741
LINC01023,0.008639642448566487
CTD-2194D22.4,0.00863880942371407
MSMB,0.008637152717445648
TMEM61,0.008636640485558527
RP11-117L5.1,0.008636534625746397
RP5-1125A11.7,0.008636195559641123
RP11-573G6.10,0.008634673354644214
TRAV1-1,0.008634429800119681
CSPG4,0.008632287428451286
RP1-150O5.3,0.008632006464955712
AP000688.29,0.00863161236063131
RP11-320G24.1,0.008631540264706628
IRX6,0.008630037955005944
BFSP2-AS1,0.008628805427627229
FRMD7,0.008627283315388746
FAM83H,0.008620690524612994
ZNF175,0.008620458253956808
CTC-398G3.1,0.008619563830461866
RP13-685P2.7,0.008619505909309565
TMEM52B,0.008618789669616595
RP11-305L7.7,0.008618322228952426
RP11-494H4.3,0.008617674965966646
DEGS2,0.008616836755558206
RP11-57J16.1,0.008615045162628697
PNMA6A,0.008614829026963686
FUT8-AS1,0.008614727739071591
RP11-77E14.2,0.008614247738345501
CSE1L-AS1,0.008608871794636524
RP11-173M1.5,0.008608379971039134
RP11-283G6.5,0.008607637143122312
SVIL-AS1,0.008607274856541712
AC017074.2,0.008605679843865356
RP11-2C24.4,0.008604916314797286
LY6G6F,0.008604757522325968
FBXO17,0.00860372118337014
RP11-977G19.5,0.008603136047325552
CTC-455F18.1,0.008601708695335641
KRT8P45,0.008597857511870536
ITPR3,0.008597263734170682
AC016831.7,0.00859725220628526
PRR34-AS1,0.008596897689623942
CTC-429L19.3,0.008595898716623494
RNA5SP334,0.008594936712007714
RP11-168P8.5,0.008594760649222918
FLJ27354,0.008594424258868787
TOR4A,0.008592751461881766
RP11-496I2.5,0.008592326314264362
LINC01331,0.00859095309286348
RP11-92A5.2,0.008590855284050918
SLX1A-SULT1A3,0.008590594207435232
ATP5G1P4,0.00858947027998948
FBXL22,0.008588568291957357
AC026150.6,0.008588243656618647
SOD3,0.008584693074234822
APRT,0.008583703255281988
TRAJ9,0.00858330230625705
RP3-332B22.1,0.008583116181976849
BCAP31P1,0.008581960905856174
AVP,0.00858097280287113
CTD-3224I3.3,0.00857914554365244
RP11-73M11.3,0.00857771604349354
RP11-378I6.1,0.008577493690890897
RP11-445O3.3,0.008576870598117235
CTD-2232E5.2,0.00857637602351015
RP11-314C9.2,0.008576354783610558
TRBV30,0.008575832495351758
MIR3116-1,0.008575383544186799
RP11-939C17.4,0.00857422768465151
NUS1,0.00857205103487974
DSTNP2,0.0085652769313758
ZNF454,0.008563052223398192
LINC00472,0.008562966342501123
OR7E101P,0.00856273208594302
uc_338,0.008559662854404376
CCDC155,0.008559224747968802
RP11-91H12.1,0.008558107217645128
RP11-894P9.2,0.008554979449967116
RP3-355L5.4,0.008554215074759465
C17orf51,0.008554209025120482
ZNF285B,0.00855372143523524
MIR4728,0.008551227644489453
CH17-140K24.5,0.00854903148501717
RP11-227D13.4,0.00854902656635336
RNU6-956P,0.008548676276982142
RP11-286E11.2,0.008544157228014172
RP11-776H12.1,0.008543160179140268
LRP6,0.008539303668029644
NPC2,0.008538837280794777
RP11-775C24.5,0.008537434939157276
LINC00334,0.008537152320303719
ZNF624,0.008535607162886937
CTC-344H19.4,0.008533961591445613
AC010761.9,0.008533125780046414
RP11-328C8.4,0.008530282725744567
LRCOL1,0.008527033767299089
GNAQ,0.008526395096827477
MINCR,0.008526259719404935
ACSM4,0.008523467470982015
LINC01018,0.008522406163042916
TRBV26OR9-2,0.008522252629597491
CXCL3,0.008522136154115073
FAM20C,0.008521370506646857
RP11-440I14.3,0.008521341238354711
NPAS1,0.008520341374136648
RP11-138I18.2,0.008518861962084642
FKBP9,0.008518732973887415
ZNF697,0.008517540224647754
RP11-36D19.9,0.008516900335497991
CTD-2224J9.8,0.00851593746174952
MIR6797,0.008515030469723413
RNF122,0.008513024499045114
RP11-166B2.5,0.008509041181646568
RP11-239L20.6,0.00850829777213115
ANKRD39,0.00850808048395797
CTD-3214H19.16,0.00850616358862794
RP3-355L5.3,0.00850593225586645
VPS37D,0.008505225080133466
ARSI,0.00850432124009851
CTD-3126B10.5,0.008504272410930585
LINC01428,0.008503485461202914
DPY19L2P5,0.008502710770234033
RP11-1057B8.2,0.008500301065096574
PRKCQ-AS1,0.008499907545704512
PLPP2,0.008497997545743784
LINC01619,0.008495639528325705
RP11-968O1.5,0.008495016359889645
RP11-55K13.1,0.008495013965588421
RP11-235E17.5,0.008494479927349079
RNU6-250P,0.008494096135192808
RP11-946P6.4,0.008493681078331096
MT1X,0.008491624317683811
OR2T4,0.00849095815811455
YWHAEP7,0.008490427667686314
RP11-157L3.12,0.00848714768570462
RP11-529G21.2,0.008486717317308838
RP11-126L15.4,0.008485602422245345
RP11-330H6.6,0.008485291068473863
PFDN6,0.008482854816339666
PURA,0.008482402149805689
MIR541,0.008481856308455483
AC105393.2,0.008481834187762211
PRR15,0.008481194356984212
POLR2CP1,0.008481010618676742
RP11-253M7.6,0.008479412372022389
LL22NC03-88E1.17,0.00847927827601002
RP3-337H4.9,0.008477990198761469
RP11-526P5.2,0.00847636610761461
NEBL-AS1,0.008476302259253471
OXCT2,0.008475975645254414
ATP2A1-AS1,0.008474322440643861
LINC00852,0.00847369522880279
SPDEF,0.008469902490835393
AP001434.2,0.008468721762874212
RP11-342K6.2,0.008466814150052435
LINC00508,0.008463983925768444
LILRA4,0.008463846045582224
CTD-3099C6.9,0.008463605670083798
CREB3L1,0.0084618068255176
TSSC2,0.008454846792218586
U3,0.00845447204315566
RP11-873E20.1,0.008452670758280049
RLF,0.00845249785670793
MIR30C2,0.008451238496962069
RP11-575F12.2,0.00845122785920467
UBBP5,0.008451172020875062
ZNF524,0.008450887819639865
RP1-177A13.1,0.008449071574742971
ZNF658B,0.008448929553311064
MAPT-IT1,0.008448761270626992
PRKXP1,0.008448394871871285
CYP4A22-AS1,0.008445535306007643
RP11-356N1.2,0.00844417529778733
RN7SL154P,0.008443628671590027
L3MBTL4-AS1,0.008442018885439766
LINC00561,0.008441831216498849
RP11-430G17.3,0.008441807123635325
AEBP1,0.008441706246223937
RP11-1017G21.5,0.008440748511552184
RP11-449J21.3,0.008440453258910312
ATP11AUN,0.008439936990407673
Y_RNA,0.008439402700043534
PCDHB4,0.00843836185798858
KRTAP5-10,0.008438001909521873
PDZK1IP1,0.008437295715788516
RP11-206P5.1,0.008436275753542081
MTF1,0.008434313847953175
POLR2H,0.008433871011576662
RP11-259O2.3,0.00842920519185127
MYO1E,0.00842894436117253
TMEM27,0.008428418912239053
RP11-278J6.4,0.008426661748475964
SNRNP25,0.008426357154886767
RPS2P45,0.008426268367969418
KRT18P42,0.00842574133062541
RP11-196B3.3,0.008423143328726844
KCNJ2,0.008421976830010832
AP000695.4,0.008421867812791485
JUNB,0.008417759680984443
RP11-767N15.1,0.008417172013002126
RP4-799P18.2,0.008416837598946429
HES4,0.008416539991662999
RP11-165F24.3,0.008415800770162485
LEMD1-AS1,0.008415438018369302
RP5-1017F8.2,0.00841448540500964
RP11-525G13.2,0.008413991317933781
LINC01311,0.008413218998799921
C9orf142,0.008412884404497487
RPS3AP2,0.00841167130932891
MIR548A3,0.008408007054428216
RPP21,0.008406702164451595
RP11-58O3.1,0.008405050446131388
KLRC4-KLRK1,0.008404779098444507
RP11-307O13.1,0.008404393290844334
TRAJ61,0.008402425870045431
CTB-11I22.2,0.008402364676344457
RP1-15D23.2,0.008401185577672861
RP11-490N5.3,0.008400208093146204
AC011515.2,0.008399570726303958
Y_RNA,0.008398831534240543
RP5-875H18.10,0.008397550094719744
RP11-343C2.7,0.008397536438445269
AC108004.3,0.008397438865116446
CDK8P2,0.008396544651738782
RP11-470M17.2,0.008395700089514948
C9orf106,0.008394930918267453
LA16c-390E6.3,0.00839465247909519
RP11-1191J2.4,0.008394491500216488
RP11-485G7.5,0.008392304636724275
RP11-315I20.3,0.008391675042988201
C20orf197,0.008390877583318
RP11-430C7.4,0.008390025348553697
MAFTRR,0.0083896176811616
RPL7AP15,0.008389501480613397
RP11-138I1.2,0.00838885263960992
AC147651.4,0.008386404679213881
RP11-515O17.2,0.008385529827578364
DCP1A,0.008385420961366602
KDM7A,0.008385088429452485
RP11-92F20.1,0.008385080029740876
UNC93B6,0.008384319386822471
CTD-2081C10.7,0.008383660601966833
RP11-572C21.2,0.008383334940842648
CCRL2,0.008382095603950259
Y_RNA,0.008381858468421498
USH1G,0.008379671806835595
VDAC2P4,0.008379583718892063
SMC5,0.00837935143009383
RNU6-194P,0.008379033239554095
ARL4C,0.00837847183456435
PRR34,0.008375721673375386
RP11-33O4.2,0.008374984168474424
IDH1-AS1,0.00837439816558626
RP11-192H23.4,0.008373160336593789
RP3-412A9.17,0.00837264116304945
AC046143.3,0.00837178986537923
RP1-319M7.2,0.008368714784172695
AC116366.6,0.008368239053025804
KB-1471A8.1,0.008367629191648176
LST1,0.008365621448817247
RP11-225H22.7,0.008364430432603414
TTR,0.008362784570239408
ARSDP1,0.008362483460325964
MIR4701,0.008361294932165319
AC108463.2,0.008359717098266047
ZNF677,0.008359656177422148
MIR6745,0.008358045127770473
ISG15,0.008356354640016042
MC2R,0.008355970539760577
LINC01082,0.00835573248939986
RP13-401N8.1,0.008355423494284453
RP11-461A8.5,0.008353971537606598
RP1-179N16.6,0.008351796298581536
RP11-330M19.1,0.00835163334660766
PTGES3P1,0.008350100223641523
RP11-83B20.8,0.008348715209020882
RP11-817G13.3,0.0083479606571232
FRS3,0.008347617592117051
RP11-417L19.5,0.008346288724136685
OR1R1P,0.008346153331882045
TET1,0.00834613993754002
ARMC7,0.008345032543436846
RAB5CP2,0.00834430610677482
RP5-1050D4.2,0.008343944046110104
RP11-298I3.3,0.008341782121873299
TH2LCRR,0.008341568812766207
CLEC4F,0.008339903292737849
ABHD13,0.008338547990308866
RP5-823G15.5,0.008337952189491675
CD52,0.008336486292351036
MIR4768,0.008335089910869562
RP11-117L5.4,0.008334861976327731
PTPN9,0.008334366216364382
RNU4-47P,0.00833318974834915
AC027601.1,0.008332883835211118
RP11-300J18.1,0.00833237290720319
AC093787.1,0.008331420104704133
AC068137.13,0.008331061038192285
TFAP2D,0.00833104501944766
Y_RNA,0.008330907074578507
BCL2A1,0.008330001740764193
NDUFA2,0.008329149635039708
RP11-758H9.2,0.008329051526988252
MIR4524B,0.008327634756565198
RP4-671O14.7,0.00832365445001524
RP11-144O23.8,0.008323111963552832
RP11-254F19.2,0.008322392592920698
RP11-624C23.1,0.008320215672764808
RP11-583F2.6,0.008320184201777443
CIB3,0.00831895936084426
AC006128.2,0.008318503186250423
LBX2-AS1,0.008317839313203873
CTC-251D13.1,0.00831759379724502
BEAN1-AS1,0.008317043287503314
Y_RNA,0.008316324491350446
PEBP1P3,0.00831589447465834
MIR4420,0.008313697237076555
RP4-622L5.7,0.008313352765203234
RP11-541M12.6,0.008311303032587184
RP11-787I22.3,0.008308347746141642
RP11-150O12.6,0.008308221942211393
AC009120.11,0.008308019550142105
CLK3P2,0.008307579084452862
FOXD2-AS1,0.008306760610700578
CYP4F32P,0.008306629812584067
RPL18AP7,0.008306277956186079
RPL34P22,0.008305629848015531
TNKS2,0.008301787001022909
HMGB3P32,0.008300843918410107
RP11-129I19.2,0.008299525861110133
RP11-356C4.5,0.008298137338836454
FOXD3-AS1,0.008295222819530374
RP11-269G24.7,0.008295037785021204
AL450992.2,0.008295032774065125
XKR5,0.008294592272454252
EHD4,0.008294218383858935
DLG3-AS1,0.008292390535373987
RPS3AP46,0.008291507548222514
MS4A2,0.008287392132220819
CTSW,0.008287312236668332
LINC01127,0.008287072196613007
SLC27A2,0.008284762592833152
HMGB3P6,0.00828281870800446
KLHL9,0.008281671517848015
AP000351.3,0.008281552945721722
ALOX12P2,0.008278636848948048
AC007386.4,0.008278456554194446
CTD-2545H1.2,0.008277857682581755
RP11-467J12.4,0.008273921556560385
FAM205BP,0.008273420614372437
Y_RNA,0.008273310218854293
INHA,0.008270644702800277
RDH16,0.008269255822691378
RP11-247I13.3,0.008268343386357643
RHOQP3,0.008267471396179556
KB-176G8.1,0.008267377957853721
C11orf98,0.008267329921325749
RP11-292E2.2,0.008265334626349917
RP11-216L13.16,0.008264881270733607
RP4-781K5.4,0.008263510365731965
CTD-2297D10.2,0.008262972256844919
RP11-468E2.10,0.008262725998099293
AP002954.4,0.008261777236007352
MTFP1,0.008259020411872268
KRT18P37,0.008258089691111933
ZSCAN1,0.00825453549479902
RP1-40E16.2,0.008254411530557077
RP11-647O20.1,0.008254129057983386
NEURL1,0.008253966129682802
PSMC1P11,0.00825204985348763
ZNF728,0.008248294050783768
CYSLTR1,0.008247779973427558
FAM35DP,0.008247768317636045
RP11-763B22.3,0.008246218243918392
ALG1L2,0.008245527267612697
LINC00936,0.008245491463891254
RP11-298J20.4,0.00824519422915157
KDM4E,0.008245146943330103
FEM1B,0.008245009811159734
C16orf74,0.008244752153906033
CTB-39G8.3,0.008242082292255619
RP11-132A1.6,0.008239605648077289
MIR670HG,0.008237390868082055
SNORD48,0.008233137935098589
NUAK2,0.008231880524707219
TMEM109,0.008230978660251458
SNORD88A,0.008229317537106363
LINC01224,0.008228343531319855
RCN1P2,0.008227690484930453
FIGLA,0.008227455358233072
RP11-150O12.3,0.008226775418679165
RP11-199F11.2,0.008226513685562611
RP11-145A3.4,0.00822598202477055
AC012501.3,0.008225793359415791
RNU6-944P,0.008225199014762478
CGB7,0.008224651378188666
C10orf35,0.008224619714341186
RP11-342K2.1,0.008224417313417397
RP11-109E24.2,0.008223991132094849
AC011290.5,0.0082165681017247
LRRC38,0.008215865539460085
KIAA1024,0.008215700060699813
CTD-2152M20.2,0.008214962554764806
TMX2P1,0.008212409162307664
OR2A7,0.00821226735162747
CTD-2015H6.3,0.008211857428049037
AC016700.5,0.008211642026410174
MIR8073,0.008211307451127494
RPS6KA5,0.00821041828628856
H1FX,0.008210008990146558
RP11-632L2.2,0.008209441167699394
SLC9A3R1,0.00820938024604088
AC069513.4,0.008208370985331828
AC133633.1,0.008206835547474594
RP11-324O2.3,0.00820490463367392
SNORA42,0.008203367222277097
RP11-638F5.2,0.0082029285198973
RP11-424M22.1,0.008201826758040551
AC005009.1,0.008197991357662793
KRT6B,0.008197692422849425
GOLGA6L9,0.00819733998019876
HSPA8P14,0.008196697762700723
RP11-25E2.1,0.008195794519182542
RP11-266O8.1,0.008195330754107215
Y_RNA,0.008192544330048332
RP11-51I5.1,0.008192061878160704
ERV3-1,0.00819030844274138
SLC28A3,0.008190072531714153
RP11-336K24.5,0.008188402661553382
CTC-465D4.1,0.008187564194153313
MEG9,0.008186252711959134
KRT18P43,0.008186019349304657
TTLL13P,0.008184926720512483
RP11-21A7A.2,0.008184783155985928
RP11-351I21.7,0.008184488842367993
IL17B,0.008181415484544225
RP11-342I1.2,0.008181095927649831
AC073284.4,0.008180929870113467
CH17-140K24.2,0.008179335869360402
RP11-467K18.2,0.008179008097644071
FAM87B,0.008178056928227437
TTC4P1,0.008173463200892949
RP11-59D5__B.2,0.008172735588966052
RP11-380N8.7,0.008170451621588042
RP1-137D17.2,0.008169393276744062
MCEMP1,0.008168591460507607
DOC2B,0.008168034325168876
TMEM62,0.00816546502120351
RP11-142C4.5,0.008165395388161604
AC005785.2,0.008164010910151242
RP11-181G12.2,0.008163221378972109
RPUSD1,0.008161589033118132
RP11-1000B6.8,0.008159601168551679
AC107079.1,0.008157542122173926
PIM3,0.008157168822017707
DPP10-AS1,0.008155285334257628
KRT74,0.008155221723688055
RP4-798A10.7,0.008155013933375723
LINC00453,0.008151766959197358
TRAJ44,0.008151348663255346
AC091633.3,0.008148621053944859
RP1-122P22.2,0.008148393281295917
FUT4,0.008147472232798651
RP11-115N4.1,0.008145773352764833
GSN-AS1,0.008145176637221174
LINC01332,0.008144134929982021
RP11-116O18.1,0.008142815227651274
MTND5P28,0.008142481768423596
ZNF503-AS1,0.008142368660889075
CFAP45,0.008142231057803139
RP11-624A21.1,0.00814197033589214
RP11-439M11.1,0.00814077807242418
GET4,0.008139595479389639
SNX2,0.008137398819805214
PAXIP1-AS1,0.008136502541410157
AC130469.2,0.008132854974646447
CTD-2104P17.2,0.008132478561776995
KRT16,0.008132358712893466
WASH7P,0.008131754842326625
RP11-15E18.1,0.008129729664087927
C10orf55,0.008127732077058277
AD000684.2,0.008126023692107721
RNU6-176P,0.008125486722843482
RP11-134G8.7,0.008125351865778018
AC098826.5,0.008124632410586962
RBPMS-AS1,0.008124082733167906
LINC01031,0.008122966044561366
IGHVIII-38-1,0.008122455280787979
RP13-1016M1.2,0.008121362142705247
RP5-1172N10.2,0.008120991296149502
PLCH1-AS2,0.008120177989574625
LUCAT1,0.008118983082153345
LCE3A,0.008118404546502507
RP11-641J8.1,0.008116414486205422
HLA-F-AS1,0.008113816599251086
ZPBP,0.008113116493291994
BMPR1B-AS1,0.008112988462438827
NPIPB14P,0.008112840989913368
NKAPL,0.008111112288536056
LINC00894,0.008111038198246077
AF011889.2,0.00811037273417959
CCDC85A,0.008110111441302727
CASC20,0.008109828046868288
RN7SKP44,0.008109278058087347
RP11-154H23.4,0.008106459001645645
LINC00893,0.008105426946867701
TMEM43,0.008104398831225585
RP11-556E13.1,0.008103626827587133
CTD-2033D15.3,0.008103198911158389
RNU6-850P,0.008098965547620218
TRAJ11,0.008097914335074301
AC020571.3,0.008096037067684782
RP11-335K5.3,0.008095096938402907
RP4-597A16.2,0.00809501289136596
PSMB8-AS1,0.008091736597595293
KDR,0.008091463615877271
ARL14EPL,0.00809133937069379
Y_RNA,0.008089036267755105
RP11-457I16.2,0.008088441992382405
RP5-907D15.3,0.008087883142295225
LINC00239,0.0080866982986264
RP11-390F4.10,0.008084788988051405
AC068489.1,0.008083738007707904
NDUFB8P2,0.008082887127129965
RP11-66H6.4,0.00808090791224397
SPATA20P1,0.008080884540580171
RP4-694B14.8,0.00807678673444788
FOXJ2,0.008076472172254956
RARRES1,0.008074947898634261
CTD-2308L22.1,0.008074698663982312
CTC-439O9.1,0.008074620827594947
RP1-197B17.7,0.008074191097186998
KRT8P50,0.00807278401048701
HOXA11-AS,0.00807272620143484
LINC01004,0.008072460537009458
NFE4,0.008071452280436505
MT-TS2,0.008071393470178555
RP11-145M4.1,0.008070623054829836
RP11-9M16.2,0.008070520466915533
RP11-96H19.1,0.008069063097818742
RP11-65J21.1,0.008068723954300026
Metazoa_SRP,0.008066328914311487
PRDM12,0.00806632062185436
RP11-193J6.1,0.008066176838076573
YTHDF3-AS1,0.0080646946909693
AC016722.3,0.008063425126968657
ZNF781,0.008061933618199199
SEC1P,0.008060570991032388
TRGJP1,0.00805989300581421
RP4-669P10.20,0.0080584182761094
TBC1D27,0.008057892609218601
KRT18P26,0.008057342223256036
DENND3,0.008057276876953363
AC008746.12,0.008055975509548483
ZDHHC20P1,0.008054760242016085
OR7A5,0.008053882335897532
RP4-647J21.1,0.008053591780986002
PGM5P4-AS1,0.00804853395073353
AP005901.1,0.008047496109656018
PRSS35,0.008047474645262013
RP11-307C12.12,0.008047399359336823
CTD-2540L5.6,0.0080459668748028
RP11-108M9.5,0.008045418087093211
RP11-19J5.2,0.0080446365380333
HAS3,0.008044435074179209
SMIM3,0.008042982941403218
GUCY1A2,0.008042527847389985
IGFBP2,0.008040666981149153
ROR1-AS1,0.008040644287298296
CENPC,0.008039889343641927
NBPF19,0.008038873510653318
TMEM41B,0.008038219263876281
RP11-495P10.9,0.008037473327159789
CHEK2P2,0.008035500493475749
H1FX-AS1,0.008034802427242957
RP11-126K15.1,0.008034421722826628
RP11-762H8.1,0.008034242931954764
RP11-108M9.4,0.008031984986054959
CHCHD1,0.008031188882358653
CTD-2302E22.6,0.008030570335376378
AP001331.1,0.008029793802630567
RNF148,0.008028634093634341
RPSAP52,0.00802820183861284
OR52P1P,0.008027219857233222
MIR3135B,0.008026118884211134
RP11-78F17.1,0.008024247926475768
SAPCD2,0.008024201177517098
PTH2R,0.00802333165800677
MIR6793,0.008022902365820837
RP11-654E17.2,0.008022877880704072
UVRAG,0.00802169808419441
FAM224B,0.008020652412347232
RP11-98D18.1,0.008020251737312096
CTD-2376I4.1,0.008020244581267776
MIR4530,0.008018974683301908
RP5-955M13.4,0.008018068750995555
IGHV3-23,0.00801657921989745
LINC01564,0.008015260590571553
RP11-276H19.2,0.008014317110836958
RP11-479G22.8,0.008012414773946739
RP11-244B22.10,0.008012071498706225
RNU6-531P,0.008012058026528008
RPS15AP9,0.008011257138845448
CTD-2207P18.1,0.008010921429291174
CTD-3131K8.3,0.008010680840180829
RP11-348J24.2,0.00801052151375528
C14orf105,0.008007845178281934
RP11-287D1.3,0.008002813207351316
AC109829.1,0.008002451462741157
RP11-521L9.2,0.008000955023139694
RP11-485M7.2,0.008000721384448455
LINC00116,0.00799997672755219
BSNDP2,0.007999963240004857
Metazoa_SRP,0.007999446419924254
LINC01021,0.007996831993847873
SMIM5,0.007994811861507484
ARL5B,0.007994175114506783
RP11-440D17.3,0.007992939711123706
COLGALT1,0.007992792459853513
Y_RNA,0.007992406239343025
FAM183DP,0.007991985054789654
AF064858.10,0.007990233208383886
RP1-130H16.18,0.007989085163962299
RP3-414A15.11,0.007988371774163096
RP13-30A9.2,0.007987486092672745
RP11-368M16.9,0.007985923081849847
ZNF654,0.007985550522536094
C11orf63,0.007984732591030564
MIR5091,0.007983734835026833
NCOR1P3,0.00797871249933052
RNU6ATAC40P,0.007977127463371366
RP11-30G8.1,0.007975764385001766
BLOC1S6,0.00797567611386271
RP11-334C17.6,0.007975229781297557
MRAP2,0.007974354951577969
RP11-444A22.1,0.007974146154498556
MTMR12,0.007973154348961094
MIR5685,0.007972541946067826
IFNWP19,0.007971658401528064
AKR7A3,0.007970839595711965
SMCR2,0.007968984897960446
RP11-49K24.8,0.00796744008285277
RP11-958F21.1,0.007965419971460365
RP3-402G11.26,0.007963638610907129
AC007405.4,0.007963147873255496
RP11-26P13.2,0.007962251186721675
TEX26-AS1,0.00795928237700865
BVES-AS1,0.007959122619253006
LINC00622,0.007958772042743515
RP11-379B8.1,0.007958215300661015
RPS3AP53,0.007957411389718418
WASH4P,0.007956520829957452
AC005355.3,0.0079561001380835
RP11-817I4.1,0.007954608338773308
HNRNPA1P21,0.00795150793302022
KLHL10,0.007950850509007878
LINC01067,0.007950049090031252
RP5-1139B12.4,0.007949766013738832
KRT18P39,0.007948149350077467
PHGR1,0.007947241267296245
NMI,0.007946997960410502
EP300,0.007946650532383182
RP11-572O6.1,0.007945944390877984
MT1M,0.007945154497975514
NPTX1,0.007944510417496607
C5orf56,0.007943290018224861
RP11-547D24.3,0.007942900205026162
RP11-452K20.1,0.007942016528512489
RP11-80K6.2,0.007940763335571218
RP11-448G15.3,0.007940093354475378
PTGES3P2,0.007939421052288499
KRTAP8-3P,0.007938570287785255
RP11-380L11.4,0.007937483928875317
BCRP6,0.007936519616499185
LINC00944,0.007934401586922204
LINC00970,0.007933533810874855
RP11-16P20.3,0.007932474839447185
TERB1,0.007932072177623985
AC234582.1,0.007930376769037968
RP11-717K11.2,0.007929867636285604
RP11-498C9.12,0.007927351099623328
RP11-20G13.4,0.007923940932998284
RGS17,0.007923091064733196
RP11-65J3.2,0.007922342261824462
RP11-1060J15.5,0.00791951600137741
FLVCR1-AS1,0.007918243091392529
RP11-407B7.1,0.00791709448594336
RP13-539F13.3,0.007915473592241627
NBPF10,0.007913827307935094
RP3-380B8.4,0.007913468386110043
TSPAN13,0.007909267674815054
ADAMTS3,0.00790766940871023
LHFPL3-AS1,0.007906872285405762
AC017060.1,0.007905338802631192
RP11-90B22.1,0.007904285857576443
RPL9P33,0.007901822854351984
RP11-544A12.5,0.007901404915200942
MTCO2P16,0.007900406803270529
RP11-77H9.6,0.007900084252965596
RP11-297D21.2,0.007899484712886125
RP11-167H9.4,0.007898710653385247
LINC01484,0.007896458281305167
RP11-142C4.4,0.007896105790778934
KBTBD6,0.007895451498112495
FNDC11,0.007894390238900345
RP11-529H2.2,0.007894022426490378
CTB-113P19.4,0.007892646345559565
APPL1,0.007892258969079705
WIPF3,0.007891026950021935
RP11-539L10.4,0.007890669535046578
RP5-944M2.3,0.007889260377181143
PAXIP1-AS2,0.007887778387765802
RP5-1159O4.2,0.007886631237894248
RP11-538I12.3,0.007886489007376136
HDHD3,0.007885876561727316
XXbac-B135H6.18,0.007883429218731993
RP11-399C16.3,0.00788306531816273
RP11-259P20.1,0.007882821332247766
RP11-307C12.11,0.007881338568990785
LIMD2,0.007878835249543498
RP1-151B14.9,0.007876743255235567
OR2A13P,0.007874268194926728
RN7SL513P,0.007873895747984706
COX17,0.007873217556201139
PPP3R2,0.007872302465102878
HMHB1,0.00787204209675927
BPIFB5P,0.007871705155348324
RP11-33I11.3,0.007871556585721183
KRT8P36,0.00787058635819739
AC011747.3,0.007870180571362993
MIR146B,0.00786951446480161
RP11-219E7.2,0.00786930941087339
RP11-492D6.3,0.007868506610738919
PJA2,0.007866891007852093
RP11-281O15.4,0.007865672377241333
CTD-2516F10.2,0.007865459144015435
RP1-232L24.3,0.007864840944761562
AARSD1,0.007864171578053157
LY96,0.00786262553838644
TMED6,0.007861611560793024
TRAV30,0.007861396283565948
ZGLP1,0.007860301608345523
TTC36,0.007859856574534868
MAP3K1,0.007859229113134053
FAM78B,0.007858811485614048
RP11-44N22.3,0.007858750837289315
RP11-468E2.5,0.007858347122107458
MIR9-3HG,0.007858229273827433
KRT8P20,0.007857900117109885
RP11-70D24.3,0.007855990339018825
OVOL1,0.007855014764555664
RP11-184A2.3,0.007854211058490166
CTD-2192J16.22,0.007853820150688437
RP11-284M14.1,0.007851957092042519
RP11-12L8.1,0.007850901846544
LAGE3P1,0.007850346171476221
LINC01340,0.00785013358503777
RPLP1P13,0.007849319888052292
LXN,0.007848946087941618
RP11-826F13.1,0.007848684867126369
STUB1,0.007846841583959449
TLE1P1,0.007843089702256275
DNAJC5B,0.007840534836580974
BEST4,0.007839408859186834
RP11-433J20.1,0.007838416907764115
RP11-17M16.2,0.007837409723385544
FLJ37505,0.00783558589126919
RP1-102E24.6,0.007835452591439139
BCAP31P2,0.007835169394274389
C5orf46,0.007834399769751064
M6PR,0.00783436701444795
FRMPD1,0.007832838633294766
RP11-1E11.1,0.007832636358334163
RP11-639F1.2,0.007832188099526833
RPSAP72,0.007831399546166259
ZBTB45P2,0.007830365275250318
MIR1273F,0.007829669229796676
RP11-478J18.2,0.007828991874478627
RP11-398C13.6,0.007828986771090828
RAET1L,0.00782860906014126
UBL4B,0.00782723667326554
RP11-9N20.3,0.007823302448676784
KRT18P64,0.007822701876120938
TREHP1,0.00782244511071482
SHC2,0.007822035757157784
LPIN2,0.00782144936119419
SDR42E1,0.007820695301697714
KRT8P48,0.007819179126998418
RP11-474G23.3,0.007815137990918479
MIR4257,0.007810801040705811
RP11-316M1.3,0.007810384389928949
SLC52A2,0.007809825831590404
SNRPCP19,0.0078092859995431505
RP11-483E17.1,0.007808847542304853
CTC-524C5.2,0.0078080409006029295
RNU1-61P,0.007806464750031488
RP11-386M24.9,0.007806157264505458
MIR598,0.00780495385801387
ARF4-AS1,0.007804620264344605
CEACAM16,0.007804565365981692
MIR31HG,0.007804385271296889
TMEM121,0.0078042148746454345
RP3-510H16.3,0.007803076027080129
MIR4421,0.007802535731261029
URB1-AS1,0.007801241031534807
AP003068.23,0.007799317377588711
TEPSIN,0.007799224418421302
RP11-1017G21.4,0.007797578633966044
GOLIM4,0.007797125040330057
RP11-141A19.1,0.007796990373947154
RP13-1032I1.7,0.00779656810069841
GPR142,0.00779576556793233
RP11-703I16.1,0.007794978826300251
CTD-2012J19.3,0.007794927075223487
CLDN16,0.007791852518497454
GS1-166A23.1,0.007788451455011382
BBOX1,0.0077873435109213
ARHGAP23P1,0.0077867156073875695
HIST2H2AC,0.007786697165267417
LINC00601,0.0077858995546724935
SSTR4,0.0077842315975250225
MIR221,0.007783461024891171
BCO1,0.007783347157935619
RP1-37C10.3,0.007782904694069463
ATP6V1B2,0.007778285468430628
IGHD1-7,0.007777330470596073
TNFRSF10D,0.007775691748704567
RP11-753H16.5,0.007775664302648825
Y_RNA,0.007775248614462066
TRAJ16,0.007774366995125603
GATA6,0.0077726535300345736
RP11-174O3.3,0.007772375671449608
PET100,0.0077717287812420375
ERICH2,0.007771380505563845
RP11-351D16.3,0.00777132628891369
ZNF98,0.007770848872587411
CTD-2105E13.15,0.007769474787632916
AC113189.5,0.007768133939135844
ASAP2,0.007768038556519896
RP11-759A24.3,0.007768025342595762
LA16c-325D7.1,0.0077676104750502815
STXBP5-AS1,0.007767396827618349
RP5-1031D4.2,0.0077666548360450565
SNHG23,0.007766464214987563
MIR6801,0.00776328506037979
OR2S2,0.007762652879574163
CITF22-49D8.1,0.007761687044639465
RP11-76E17.3,0.007761629494514172
RP11-361L15.4,0.007760479187827655
PLEKHA8P1,0.007759020469744612
AC002511.2,0.007758846695699477
TUBB8,0.007758824625524131
CFD,0.007758430260880132
PROK2,0.007757232665214438
ZKSCAN8,0.007757195293459703
TRIL,0.0077565414593945
ALG1L8P,0.0077559034484564835
LINC01137,0.007754375049409186
RNU6-29P,0.007753665367614007
RP11-368J22.2,0.007753390332968995
RP11-104N10.2,0.007750198520713256
MYLK4,0.007750142487490954
SPATA19,0.0077500602038228375
RP1-32I10.10,0.007748861501465188
IFNG,0.007748826192095549
POLR3K,0.0077471366468675
FAM225B,0.007745673131263876
BEND3P2,0.007745465354834795
GRIK1-AS1,0.007744526161571916
RP11-147L13.12,0.007743357714234137
AC115522.3,0.007743173245566058
RP11-44K6.2,0.007742830368344819
RNF169,0.007740830491228435
SFT2D2,0.007740546925327451
RP11-14N7.2,0.007740090635231072
CTD-2553C6.1,0.007739820732261496
RP11-496H1.1,0.007738570102315267
KB-1410C5.5,0.0077353949657453505
LINC01424,0.007734496161738732
RP11-822E23.8,0.007734341482476031
GNG2,0.007732155752016561
CTC-325H20.4,0.00773164739427085
IGHD6-25,0.007730769507367763
RP11-676B18.1,0.0077306671431327766
TSR3,0.007730433552175424
HIST1H2AC,0.007730332042514793
RP5-944M2.1,0.007728118215328235
AC004160.4,0.007727763338606119
PHACTR2P1,0.007727284270042635
SLC16A8,0.00772558358211352
TTL,0.007725133031183972
ASCL1,0.007724892086273711
RP11-350E12.5,0.0077243128649445904
RPS7P12,0.00772423371789374
TMEM59L,0.00772402535750419
RP11-792A8.4,0.00772247544830727
LINGO2,0.007722100262461849
LINC01615,0.007721335906058072
RP11-468N14.13,0.007718691206391086
ZNF321P,0.007718336618967159
RP11-46I8.4,0.0077170830408893
RP13-46H24.1,0.007716844847096832
WBSCR28,0.00771569155086092
RP11-700H6.2,0.007713710894620783
LYZ,0.007713075073241833
KB-1125A3.12,0.0077130682270993576
CTD-2267D19.3,0.007712809946908913
BCRP3,0.007711814993492458
AC061992.2,0.007711619893884042
CTD-3076O17.2,0.007711028759477451
FAM3D-AS1,0.007710424587897604
OR2R1P,0.0077099163221197925
TMEM256,0.007709357793734037
RP11-147L13.2,0.00770864844823649
FAS-AS1,0.007707328659028245
RP11-449H3.3,0.007706107068715211
RP4-706A16.3,0.007705199263526243
CTC-510F12.3,0.0077046769517818015
SIGLEC18P,0.007703409311096213
AC009403.2,0.007703256933340333
RP11-318K12.3,0.007702311104063137
PCDH9-AS1,0.0077022157907658435
RN7SL236P,0.0077017201721880845
RNF2P1,0.007699370502239318
TRIM51FP,0.007699348616513027
SSMEM1,0.007698825688972131
KEL,0.007698027258123705
SLC20A1P2,0.0076968375850620845
AC092657.2,0.00769634030227534
RP2,0.007694983665991388
CTD-3216D2.5,0.0076948244896344695
CACYBPP3,0.007694181711207707
VASH1,0.007692304545970177
HMGA1P5,0.007691450819176686
ZBTB34,0.007690809378460554
RP11-460I13.2,0.0076906781966677405
POLG2,0.00769053863997119
XXyac-YM21GA2.7,0.007690019361832541
RP11-368M16.7,0.007689734234716829
SDC1,0.007687300865882179
MIR4685,0.007686389477046945
RNU6-604P,0.007686209927541154
KIR2DL3,0.007685958231347592
RRAGC,0.007683879145963881
PLN,0.007683387877385416
RCVRN,0.007682764284065178
SLC7A5P1,0.007682615856766468
RP11-99J16__A.2,0.007679671607206093
RP11-163O19.8,0.007678363136649752
AC005534.8,0.007677587468421638
RP11-19G24.1,0.007676639857084234
LLNLR-304G9.1,0.00767566752598182
RP11-49K24.4,0.007675564065153047
RP11-379F4.1,0.007675504973539152
SIX1,0.007675063921221628
RN7SL688P,0.007674751864670825
AP001630.5,0.007674597463174732
RP11-293A21.1,0.0076745660519165915
RP11-77P6.2,0.00767349988022595
RP11-63E9.1,0.007672905790109562
PDF,0.0076728022750562975
RN7SL574P,0.007670538203628891
GSS,0.007670348499265079
MIR1302-3,0.007669732061589423
RP11-1134I14.2,0.007668520956600945
GOLGA6L6,0.007668083213519665
IFIT1B,0.0076676549883189305
IGHD5-12,0.007667000034149742
C10orf25,0.007666956556812704
AMIGO3,0.007665844704417065
CLDN5,0.007664525847312298
RP11-352G9.1,0.007661355904563626
PAPPA2,0.007660703124386186
CSPG4P13,0.007659352147057669
RP11-404O13.1,0.007659181937502194
AC005550.5,0.007659144222441368
RP11-119F19.5,0.0076583299217809235
RP11-89K11.1,0.0076569221998008955
FBP1,0.0076547926747256665
RP4-616B8.6,0.007654656054351619
LA16c-60H5.7,0.00765287147795412
RP5-940J5.3,0.007651842155247826
RP11-60C6.8,0.007650447687347417
WSCD2,0.007648001903419861
AC073115.7,0.007647369390011829
BTG2,0.007646659998344753
AC009229.6,0.00764549813342161
RP1-292L20.3,0.007643081171643597
TCP11L2,0.007641842322111093
CTB-11I22.1,0.007641691273609834
IL27,0.007638680312155036
CTD-2216M2.1,0.007638394166631549
RP11-250B2.4,0.007638087632449285
KRT8P7,0.007637589824163298
Metazoa_SRP,0.007637063053760804
PRLH,0.0076325716628552935
RP1-34B20.4,0.007631246211933789
RP11-154D6.2,0.007630563221146304
PRKAG2-AS1,0.007627443882220108
C10orf142,0.007626346275926541
MAP3K14-AS1,0.007625109617381925
RP11-85A1.3,0.00762405547801918
RP11-2N1.2,0.007623985655964945
RP11-13P5.2,0.007623925044232831
SLC9A7,0.007623295871818848
RP11-142C4.6,0.0076209453411105145
MLLT10P1,0.007620863505284546
RNU7-125P,0.007620662452827849
MT-TL1,0.007620177667015645
ZNF490,0.007619329304462337
FBXO16,0.007619210939860345
Y_RNA,0.007619074560488298
CLDN6,0.007616522091271482
CH17-262O2.1,0.007615987285212584
SOS1-IT1,0.0076147639091854995
RP5-1185H19.2,0.007614085844653763
PPP1R37,0.007613176491928499
RP11-276M12.1,0.007613169032391968
RPS14P8,0.007612710628269333
RP5-1031J8.1,0.007611875861297951
FAAH2,0.0076117749214947355
RP11-78J21.7,0.007611468649753125
Y_RNA,0.007611244235878515
PINK1-AS,0.007610951573487407
RP11-1094H24.4,0.007610442222361025
RP1-136J15.1,0.007609535764918666
AF146191.4,0.007608791317172601
TMEM220-AS1,0.007608273668488634
PDGFC,0.007604837522428632
RP11-313D6.3,0.007604365357303447
KRT8P9,0.0076035230134202944
FAM221B,0.007601757767454426
LA16c-380H5.6,0.007599936989211415
GSDMD,0.007599669120842007
FOXL2NB,0.007598788310465516
CCNO,0.007598407466928934
RP11-68I18.10,0.007597798213829928
RP11-347C18.3,0.007597586338443322
CETN4P,0.007597497347812347
RP11-403I13.5,0.007596908820703814
LINC01260,0.007596120643235993
RP11-164O23.8,0.007595580482555446
AC009970.1,0.007594432257341579
INSL3,0.007592089488604713
LRRN4,0.007590440282445937
ZBTB33,0.007588843749104219
PPIL4,0.007584917426608977
C6orf163,0.00758424506526069
RP3-468K18.7,0.007584214979141851
RP11-476M19.2,0.007584210247700518
CALML3-AS1,0.007583467958930458
ANKRD36BP2,0.007582826151923989
RN7SKP21,0.007581718336272919
RNA5SP425,0.007580991002930833
HIST1H2BE,0.007580786936743684
TXNP4,0.007579954409048232
LINC01481,0.00757849876530624
SFTA1P,0.007578489286072141
KLHL34,0.007577981597615003
CCDC54,0.007577012209115897
COX6A1,0.007576719868974707
U47924.6,0.007575798620826889
RP11-20G13.1,0.007573730257819957
RPL12P21,0.007573698010729088
FBXW4P1,0.007573307398667503
RNU6-100P,0.007572555759790638
TALDO1,0.007572401663933472
RP11-686D22.3,0.007571285415511176
GAS2,0.007569870615384591
SRCIN1,0.007569671724956468
AC073464.7,0.007569198130768731
RP11-368M16.5,0.007569101455869862
RP5-908M14.10,0.0075679134022144205
C1orf115,0.007567709564815618
KRT18P40,0.007567137810006603
LINC00491,0.007567068450470951
RPS7P1,0.0075668705058675135
RP11-25K21.6,0.0075653700474044745
Y_RNA,0.007563837628337305
RP11-699L21.2,0.007561885521427582
JRKL-AS1,0.007561617832505414
CTB-186G2.1,0.007561027367862325
RP11-494O16.3,0.007560795245746096
N4BP1,0.007558848752194454
PP14571,0.007558179970542613
FERP1,0.007557387135850498
LINC00539,0.007556457592166966
MPO,0.007555572021209564
CMBL,0.007553771277233825
ADGRF2,0.007553640783319571
CTD-2583A14.11,0.007552977655137082
HAUS6,0.007551901736105286
WBP1,0.007551848348499501
CHKB-AS1,0.007551569141776081
RP11-415F23.4,0.007551246289633831
RNU6-892P,0.007549026905808931
RP5-1148A21.3,0.007546255259991988
IFNWP2,0.007545807064799646
RP11-798K3.4,0.007545656545044527
ELK2AP,0.007545096459961182
RP1-124C6.1,0.00754505560881004
BMS1P7,0.007544471439703258
RP11-119F7.5,0.007544331671222546
SLC18B1,0.007543749788255153
RP11-177J6.1,0.007543035862320132
RP11-1134I14.8,0.007542999316519797
ATE1-AS1,0.007541806215813965
VIM-AS1,0.007541063769302798
OR10AC1,0.0075408875867966265
RP11-43N16.4,0.00754013239288051
OR13C7,0.0075400139766802965
MZF1,0.007537044252812397
XXbac-BPG116M5.17,0.007536910972195273
RP11-720L2.4,0.007536005375421426
PDCD6IPP2,0.007535997120427173
GPR171,0.007535546547269141
KRTAP5-AS1,0.0075352955089823745
RP11-16E12.1,0.00753407397787444
RP11-561N12.6,0.0075340482834341665
AC006539.3,0.007533414561036649
AC004156.3,0.007530722519617387
RP11-295G20.2,0.00753025419038123
RP11-296L22.8,0.00752844279306924
IGHVII-46-1,0.007528251079146011
NUDT8,0.007526950751882414
RP11-446H18.5,0.00752652952035399
CERS6-AS1,0.00752554555656396
IGHV3-15,0.007525450902547866
TMPRSS12,0.007524849585165231
RP11-634B7.4,0.007524012544721617
HIST1H1PS2,0.007523510360371764
ARHGEF7-IT1,0.007522604386000919
AC006026.13,0.007522502655251338
APITD1-CORT,0.007518807656950184
RP13-415G19.2,0.007514531676056186
RP11-707M1.9,0.007513667351936754
AC002310.17,0.0075129100857846765
CTC-248O19.1,0.007511783106633772
TEX19,0.007511493472994073
PRKDC,0.007510747401821245
GATA2-AS1,0.007510393226597959
RP11-729L2.2,0.007510020609505764
RP11-326A19.4,0.00751000840112545
SLC16A2,0.007508716690774366
RP11-455O6.9,0.007507978034325406
RP11-506M12.1,0.007505978453784194
RP11-325P15.1,0.00750502003903533
RP11-143I21.1,0.007504985491803866
DIRC3-AS1,0.007504405187673702
RP5-864K19.6,0.007504358778630363
NDUFAF8,0.007503646214058426
RP11-676J12.7,0.007502311537648404
SMAD1,0.007501777339798434
RP11-98D18.3,0.007500940768542275
UNC93B2,0.007500935193737387
RP11-545D22.1,0.0075004753052872524
MSL2,0.007499679070771024
LINC01320,0.007498854911534905
AC010761.8,0.007497676944405476
SCRT1,0.007497601659220241
TRDJ2,0.007496790027586578
PAK2,0.00749657472435002
STAM-AS1,0.007495642653802131
RP1-20C7.6,0.007495558840226485
MIR6769A,0.007494634176002981
MTCO1P29,0.007488815556728311
RP11-799B12.4,0.007484291066370388
RP11-68I3.7,0.007483787252616927
LINC01228,0.007483416103564999
RP11-423F24.3,0.007483034636112767
RP11-302F12.3,0.0074827614185803805
RP11-545I5.3,0.00748244603420172
RP11-481F24.3,0.007482367964964516
RP4-640H8.2,0.007481285830139908
SEMA6A-AS1,0.007481178535866597
ORMDL2,0.00748116190318606
DUBR,0.007480895439097224
RP11-29H23.7,0.007479323155165675
RP5-1177M21.1,0.0074792401569310175
RP11-158L12.4,0.00747902850020676
LILRP2,0.007475986696157622
CTD-3014M21.1,0.007475792091292413
RP4-764O22.1,0.007474665662706407
FHL3,0.007474452171226297
LINC01397,0.007474367253113259
RP11-368M16.8,0.0074741228948418705
LINC01022,0.0074718148158529635
RP11-34P1.1,0.007470238641627971
AC012454.4,0.007470053345748824
RP11-348A7.1,0.007469493997434076
FAM53C,0.007469235329043936
RP11-403P17.6,0.007469191094860582
CELF2-AS1,0.007469114187960482
RP11-666O2.5,0.007468636704783349
NKAIN1,0.007468525722917323
DIRC3,0.007467808944467652
GNA13,0.007467261998505759
SNORA2,0.007466256241436211
FBXO2,0.007465390553428891
IGHV3-48,0.007463633346503133
LINC00877,0.007462340531850511
TOPORS,0.007462224140265172
CTD-2017F17.2,0.00746094648393954
RP11-427P5.3,0.007460276460710231
PRR13P2,0.007460104767617584
RP4-781K5.5,0.007458489645502953
HLA-DRB5,0.007458395382592903
CFAP99,0.007458180224190057
RP1-288M22.1,0.007457209539035695
RP11-360F5.3,0.007457135018590213
LCT,0.007457021716388612
AC142119.1,0.007456818803498031
C6orf222,0.007456257658234924
CRYGN,0.007456063306133044
SOWAHB,0.007455368731836512
RNF152,0.007455056799536936
RP11-295D4.5,0.007453818518898137
RP11-20J15.2,0.007451689206296632
TARBP2,0.007451418193214279
RP11-285G1.14,0.0074510329025132905
PCDHAC1,0.007447804269525114
RP11-209D14.4,0.007445650032367011
RNF181,0.007445242393076536
OR7E136P,0.007444141399153192
RP4-728D4.2,0.007443707852595198
RNU6-453P,0.007442300129016311
TRAJ47,0.007441829565413192
TSPAN10,0.007441489163484804
RP11-54O7.16,0.007438385161635706
RP11-159L20.2,0.007437374153805212
ZNF180,0.007437124239842508
SRGAP2B,0.007436488391437745
FRMD6-AS2,0.007434861942303751
MIR5700,0.00743471789471559
PTMAP3,0.007434227846235965
RP11-178L8.7,0.007433072055589957
SNAP23P1,0.0074330111129437175
CT83,0.007432802678410716
RPL31P44,0.007432756521018427
AC006000.5,0.00743242882366991
IGHD1-20,0.007432007690809956
TNFAIP8L3,0.007431860762773052
RP1-267L14.6,0.0074314027825486545
SHC1P2,0.007430673821158164
DNAH5,0.007430479793560931
SYCE2,0.0074300466850824535
AP001476.2,0.007429449535870145
PDIA3P2,0.0074290639467106175
NARF-IT1,0.007428338826830104
LYPLAL1-AS1,0.007427369081469368
AP000648.5,0.0074270763877485645
ZFP36L1,0.007425491714335831
RP11-324J3.1,0.007424379356221553
WDR86-AS1,0.007424128979866466
OSBPL11,0.007422467310966328
RN7SL138P,0.00742233282256048
RP3-449M8.9,0.0074204016419869515
PCDHB18P,0.007420211560304858
ZNF189,0.007420057248355953
CMTM2,0.007418672413122904
AC079907.1,0.007416752571568612
TIGD2,0.007416334377599638
AP000593.5,0.007416268028514757
RP11-383C5.5,0.00741415301561265
SIX3,0.007413248700563191
MIR548AT,0.007413170048592419
Y_RNA,0.007411243252828246
COX17P1,0.007410442305190333
RP11-749I16.3,0.007410368679218109
RNA5SP39,0.007409955660476019
ALKBH7,0.007409949550409741
RP5-874C20.6,0.007408916292788974
RBM26-AS1,0.0074030748803483185
ZDHHC20P4,0.007401529980802868
Z69720.3,0.007401434085798756
RIPK2,0.0074004087844646155
CYFIP1,0.007400403433397958
CTD-2340E1.2,0.0073994928859743795
CTB-60B18.10,0.007398419403279437
RP11-449D8.2,0.007393863960579195
OR3A1,0.007393093375200394
HAR1B,0.0073926152249323895
SNORD114-10,0.007392607448725638
TMX4,0.007391302937288174
RPL10P3,0.007389256825821466
ULBP3,0.007387231052818424
MRPL9P1,0.007386374468168021
RP11-310P5.1,0.007385254947868391
RP11-106D4.2,0.007384956282382846
ZNF703,0.007380014513814975
RP13-516M14.8,0.0073799807607066335
Metazoa_SRP,0.007378470028588927
IL13,0.007377428467005937
RP4-654C18.1,0.00737739871370799
SOX9,0.0073773112754310114
KLHL42,0.007375445215971662
C14orf39,0.007375377605036318
JARID2-AS1,0.007375177094497828
SMAD7,0.007373734814551731
CHURC1,0.007372887730391347
Y_RNA,0.007372744352942521
RP3-508I15.10,0.007372001856436941
RP11-613M10.8,0.007370979073151049
VPS4B,0.007370350960923603
LINC00857,0.007367104120534988
MMP7,0.0073667812639552025
ZNF837,0.007366392937425534
LINC01090,0.007362286272222947
RP11-510J16.5,0.0073622600893994885
FAM188B2,0.007360517056182421
RPL31P7,0.007358937530968921
RNU6-549P,0.007358080984454755
LA16c-OS12.2,0.007357624057481022
RBM43,0.007357503386871544
C2orf15,0.007357442355810281
RASGRF2-AS1,0.00735580322785118
EIF3EP1,0.007355380974452266
NEU1,0.0073552126466188104
OR10AB1P,0.0073547275584001995
ITPKB-IT1,0.007353401028109204
TNFSF12,0.007352576778632564
RN7SL32P,0.007351890065243498
RP1-315G1.3,0.007349791226539134
ADRA2C,0.007349728642061349
KCTD19,0.007349595906904816
VDAC2P2,0.00734628801784848
RP11-723D22.3,0.007344680737937428
C6orf120,0.0073431143225874546
LRFN2,0.007342677668674484
AC116609.3,0.007342395420091312
RBP5,0.007342229156511672
CTB-58E17.1,0.0073411601152176915
OR2A1-AS1,0.0073410329576253305
RP5-1142J19.1,0.007340654951859211
RANBP6,0.007340384645268321
RP1-40E16.12,0.0073395460624984124
CTD-2349P21.6,0.007338514447308292
SPRY3,0.007338218317014559
OR51E1,0.0073372628389353845
GEM,0.00733660066713143
KCTD13,0.007336436775039265
HGFAC,0.00733578757496043
ISCA1P4,0.00733561739950434
SLC9A7P1,0.0073354318006051255
CTB-129P6.11,0.007335371120952979
RP11-182J1.18,0.007333083040321334
AP000688.14,0.007331165082979162
RP11-707M1.1,0.0073297028711333725
APOA1-AS,0.007328772284260456
FAM83H-AS1,0.007328203474040566
LL22NC01-116C6.1,0.007327630665108556
SNORA60,0.007327263581470724
RP11-257O5.4,0.0073271730406981135
RP4-570O12.3,0.007327169369913725
AL122127.25,0.007326830340079981
LINC00582,0.007326445055648952
ZBTB45P1,0.007325869178147884
RP4-584D14.6,0.00732542900367514
KRT19P1,0.007325116810724135
RP11-666A20.4,0.007324593376708758
AC009495.3,0.007324231849571745
uc_338,0.007323386693405672
S100A6,0.007322436245834753
CTD-2509G16.5,0.007322297092993061
AC004471.9,0.00732161846052163
RP11-317N8.4,0.007321418428300457
TRAJ60,0.0073212014630357645
AC114814.4,0.007320062770950404
SPECC1L-ADORA2A,0.00731973589887099
RP11-672A2.6,0.00731970654985886
TUBA3E,0.00731907683363258
RP11-513G19.1,0.0073187194341067146
CDKL1,0.007317351284008377
GATSL3,0.007316958408043638
HAR1A,0.007316132319035275
TEN1-CDK3,0.007315972818335785
LL21NC02-1C16.2,0.007313564324213027
LRRC58,0.00731327068475598
CTD-2376I4.2,0.007312714449386126
ZNF845,0.0073122209508970455
RP11-480I12.9,0.007311303031523425
MIR3926-1,0.0073107800533918944
BUD31P2,0.0073090447583625245
RP11-367G6.3,0.007308987574603204
CTD-2223O18.1,0.007308380013248333
CTD-2256P15.1,0.007307335572701829
CTD-2357A8.3,0.007307263781077178
BHLHE22,0.007306990736588353
UQCRQ,0.007306558322919404
RP11-283G6.6,0.007306145935863085
FOXCUT,0.007305973759057691
SPRY2,0.0073058292005298
Metazoa_SRP,0.007305491794766365
RP11-30L15.6,0.007305158259949472
RP11-347C12.12,0.00730347483874233
HLA-DRB1,0.007302258096618314
Z82214.2,0.0073022313462576365
RNU6-125P,0.007302083668691558
LINC01139,0.007301719772012512
LINC01143,0.007301161517995456
RP11-798M19.3,0.0073007872445178335
CTD-2231E14.5,0.007300661004395893
Y_RNA,0.007300434809634035
RP11-432J24.2,0.007299933869565851
RP11-146E13.4,0.007299404476864146
RP11-424G14.1,0.007298914970333801
CTD-2007A10.1,0.007298220781062399
XXbac-BPG27H4.8,0.007295960210553127
SNHG9,0.007294701716509658
RP11-1260E13.4,0.007294684537393342
AC004985.12,0.007293489576652014
ALPK3,0.007293046744365076
RP11-554D14.7,0.007292630076754436
OR6K3,0.0072919053459049995
MIR421,0.007290794887231818
AZGP1P1,0.007290638773737702
PCDHB6,0.007289496985521476
AC006033.22,0.007288870690007389
AC067945.4,0.007288708896291011
GS1-174L6.4,0.007288164172548512
RP11-640L9.2,0.007287881489991949
CPA1,0.007287332056382471
RP11-577H5.1,0.007287222094333039
RP5-908D6.1,0.007286516166249567
RN7SKP173,0.007286250238578638
TRIM44,0.00728320357098345
hsa-mir-548d-2,0.007282266479602891
RP11-451J24.1,0.007281014381421527
PFN3,0.00728026702859021
CKMT1A,0.007279758292761395
CTD-3064M3.4,0.007279753839175622
RP11-452L6.8,0.007279089156066315
RP11-161H23.10,0.0072778499421811416
ZNF592,0.007276905317510432
RP11-60H5.1,0.007276488325289018
RN7SKP272,0.007276283642479994
ACTL6B,0.007276126452422718
CTB-140J7.2,0.007274966092717779
RP11-422P24.10,0.0072747607015695185
HRAT92,0.007273358377632368
OR52V1P,0.007271915957520421
RP11-146F11.1,0.007270682449390007
RPS26P45,0.007269992943790977
C1orf140,0.007269926482635856
FAM205A,0.007269881776696031
LAMP3,0.007269001035010713
DUXA,0.00726611851039666
RP3-404F18.5,0.007265679196237444
XXbac-BPG181B23.7,0.007263957054663647
MAST1,0.007263548053385398
CTD-2194A8.2,0.0072634784788629106
CH17-472G23.4,0.007262700922232433
FUT11,0.007261101448960484
CCDC168,0.007260698780750492
POPDC3,0.007259297995745376
BX842568.2,0.007258167578453184
RPS10P5,0.007257553583324887
RP11-578F21.4,0.007255180992883156
PYY,0.007254468595610636
RP11-388C12.1,0.007254412473566705
MAP2K4P1,0.007253588771435036
RP11-523J2.1,0.007253466205270856
CTC-205M6.1,0.007253332792454347
TTN-AS1,0.007253256373706435
RP11-161I6.2,0.007252665948743048
RP11-709D24.6,0.007250336258314121
CTC-297N7.9,0.007249538046033498
RP11-40F6.1,0.007247179753002023
RP11-356C4.3,0.007244679291949175
AC018816.3,0.007244603131804208
HEXDC-IT1,0.007244512252847596
RP5-884G6.2,0.007243965141475919
IL11,0.00724393402657631
MIR148A,0.007243329908659039
NIPSNAP3A,0.007242004510668829
SLC9A3,0.007241933348478078
RP11-603J24.21,0.007240158594395495
RP11-433O3.1,0.0072383619233331664
RP4-724E16.2,0.007238185924955841
CNPY2,0.007237283163783945
FOXD4L6,0.007237221937295518
MTCO2P22,0.0072370274718940005
MIR646,0.007236987631014394
HADHAP2,0.007236983581673676
CYP4F26P,0.007236035703875194
RP11-1193F23.1,0.007234308943094813
RP11-367G18.1,0.0072342024962142445
CTC-461F20.1,0.007232410426763909
RP11-243M5.2,0.0072313513339202495
RPL23AP53,0.007231324882176161
LINC00524,0.007231079514937707
RNU6-1209P,0.0072306400621950815
CYP2E1,0.007230517643881284
B3GNT3,0.007230059146046057
BLVRA,0.0072285056918284084
RP11-6J21.2,0.007227855219179791
HMGB1P27,0.007227848746156348
RP3-527G5.1,0.0072276794811414625
RNU7-160P,0.0072272449767557
RP11-521C22.2,0.007226180455650304
CACNA1H,0.007225278391631269
TRIM43,0.0072250017482896525
AC073641.2,0.007224681349241188
MTMR9,0.007223906907836851
C19orf73,0.0072232439751461815
SLCO4C1,0.007222945876563202
AC002056.5,0.007220847575379312
EGLN2,0.007219346010598276
RP11-314C9.1,0.007219199588605374
RP11-429J17.2,0.007218801851758048
ZNF441,0.007218033184333319
CTB-102L5.7,0.007217601916236075
THAP12P7,0.007217491230493575
EIF4A1P12,0.007217097493393785
POGLUT1,0.0072165621462614874
DDX11L10,0.007213839152642197
TMX3,0.007213800127767069
AC004549.6,0.007213598114838493
RP11-557H15.3,0.007213023741519393
RP11-355F22.1,0.007212884834721288
PTPN20CP,0.007212725218952961
CTB-50L17.14,0.007210318086514269
PCYT2,0.007210297404603807
FAM209A,0.0072096504177105595
RP11-541E12.1,0.0072095903861514555
HIST2H2BE,0.007208954428002278
SLC35B4,0.007206541538776809
ST14,0.007206351008552946
RP11-222K16.1,0.007206037878576962
RP11-501M7.1,0.0072052594737452525
RP11-832A4.7,0.007204634865634867
CTB-191K22.6,0.007204059423464538
RP11-856M7.2,0.007203319794984841
RP11-542M13.2,0.00720298482265192
AP000347.4,0.007202492622140534
RP1-41C23.4,0.007201479392082888
LINC01093,0.00720135752650904
IGHV3-49,0.007199067965619168
Metazoa_SRP,0.007197145753092991
CCL24,0.007196197509792534
TCIRG1,0.007195716905783857
Z69666.2,0.0071956894349737175
GSTM5P1,0.007195371177558677
RP1-187B23.1,0.007194568671210446
RP11-744D14.1,0.0071925363450839625
RP11-464F9.22,0.007192156860984623
RP3-523K23.2,0.007191849334946067
AF001548.6,0.007190782944695088
MIR4783,0.0071897627482495775
RP11-48G14.1,0.007189706375366148
MIR7856,0.007187658332655079
DPP9-AS1,0.007187410162924312
METRN,0.007186675929314313
RNY4P19,0.00718658031345089
AC010150.1,0.007186211655383815
RP4-569M23.2,0.007186147642908573
RP11-268J15.5,0.007186111479737824
RP11-728F11.4,0.007185486178880165
CEACAM20,0.00718523897350769
RP11-119D18.1,0.007183336831978393
PGAM1P4,0.007182544651942656
RP11-85B7.5,0.007181891911581828
RP11-34P13.16,0.0071817114443111065
RP11-576C2.1,0.007179586548663237
TIMM13,0.007178867992736584
ARMC4P1,0.00717823145708986
CTC-273B12.10,0.007177600239320009
RP11-293P20.2,0.007177262526386381
CXCR1,0.007176530439172009
RNU6-410P,0.007175132457023609
WNT9B,0.007175041025602503
AF064858.11,0.007173032299142674
TRABD,0.007173031983204778
RP11-543P15.1,0.007171972537931867
PTMAP1,0.0071716453370197
DENND5A,0.007168719993288646
IGLJ1,0.007167820426482083
LA16c-359F1.1,0.007167303094204063
CTD-3074O7.5,0.007167137989267597
STRC,0.007166616842534759
RP11-70F11.8,0.007165788334347976
CTD-2012J19.1,0.007165459743959378
MTCO2P32,0.007164954705178895
RP11-216L13.21,0.00716460521146634
RP11-156K13.2,0.0071644302946896315
CTD-2192J16.21,0.007162598255985271
ERP29,0.007162329935292818
IGKV3-20,0.007162186638816702
RHBDL2,0.007161182672167108
TNFSF18,0.007161013290093376
LINC01394,0.007160806526794325
RPSAP20,0.007159718692330776
COQ4,0.007159363808942939
RP11-1038A11.3,0.007158927288306182
NXNL1,0.007158568408452274
RPS27AP17,0.007157720999384353
CNRIP1,0.007157430829684707
RN7SKP70,0.007157348488360932
RNPEP,0.007156225795724891
IGKV3-11,0.00715548771335593
Y_RNA,0.007155067301437568
RP11-897M7.4,0.0071534629566883945
RP11-111M22.5,0.0071529697713970134
RP11-23F23.2,0.007152439517959116
RP3-388N13.3,0.0071521745124528
RP11-73M18.7,0.007151144674046523
RP11-341B24.3,0.007150669220736235
RP11-338K13.1,0.0071470508499069645
ZNF471,0.007145803796889951
ACTG1P10,0.0071454449676188
LINC01436,0.007145325219228552
CDC42EP2,0.007144420649837145
RNU1-38P,0.007144412123781914
RP11-51J9.5,0.007144259201201868
CTD-3096M3.2,0.007143685948987149
RNU6-376P,0.007143614078095394
AC079305.11,0.007143494768008926
LINC00174,0.00714329910956005
FAM229A,0.007143292476294137
HCP5,0.007141795005635718
C5,0.0071416128045507015
CTD-2619J13.27,0.007141326005436929
MRPL58,0.0071406548369080435
RP1-257C22.2,0.007139763649326901
CTD-3149D2.3,0.007139754791449816
RP11-701I24.3,0.0071390052169899515
IGHV3-52,0.007138773461070272
CTA-228A9.3,0.0071382708017264625
IPO8,0.007136834781917188
CTD-2319I12.5,0.007136790277987104
XXbac-BPG308K3.5,0.007136410322421004
RP11-272G22.3,0.007133605054799188
FAM222A,0.007133440471508565
EBP,0.007133189823568752
AC008522.1,0.007132548813501164
RP11-685N10.1,0.0071324566019920176
AP001619.3,0.0071312945773926075
RP11-325K19.2,0.007130710269324566
RNU6-173P,0.007130319923089314
ZNF155,0.00712928979998048
RP11-556O9.3,0.007128901520921851
RP11-14D22.1,0.007126749814243353
MTATP6P16,0.007126324202122582
SLC45A4,0.007125485865462508
LINC00261,0.007125076936973407
TIPARP-AS1,0.007124691484808438
FAM168A,0.00712310847997258
CTB-12O2.1,0.007122229600681752
NME1,0.007121734824677967
KAT6A,0.007121334479039325
AP003774.1,0.007120645921542026
LINC00359,0.007120145793026869
AP002856.4,0.007117744574578038
SNORD46,0.0071177335326477655
RN7SL619P,0.0071150316206976824
LINC00639,0.0071146274334253886
RP11-539G18.3,0.007114121773534892
AC026248.1,0.007110233467751338
TAS2R10,0.007109769178699742
CYYR1-AS1,0.007109725141549617
DCUN1D3,0.007109558077790849
RP11-455F5.4,0.007109397895890145
RP5-1086K13.1,0.007109231803221594
RP11-129M16.4,0.0071087425873977185
CTD-2547L24.4,0.00710863099792447
MIR6165,0.007107482290393026
IFIT2,0.007107168865135937
ARHGAP42P1,0.0071070895161314315
RP11-497E19.2,0.007106154975667985
RP11-542G1.1,0.0071056043860003104
RP11-1C8.7,0.007104873444697616
RP11-398A8.5,0.007104467351841817
TSPAN33,0.007103934041962371
SP1,0.007103827905414195
CTC-548K16.2,0.007103445506527784
NENF,0.007102436464328147
TXNP5,0.007102183629785919
AP000445.1,0.007101788146237628
RP11-855A2.3,0.007101193242499339
NAT14,0.007100774132568516
RP11-736E3.1,0.00710049161184099
SNORA27,0.0071002610672653765
RP11-23J9.5,0.0070992323823516725
TCAF1P1,0.007097507795231759
RP11-405K6.1,0.007093793871787685
IGBP1-AS2,0.007093667589475555
RP11-404K5.2,0.0070927537121741905
NECTIN1,0.007092070632079008
SOX12,0.007091962682803335
C2orf71,0.007090043402673525
RP11-407G23.7,0.007088301337267134
RP11-1058N17.1,0.007087835051014668
RP11-35N6.6,0.007087485643595983
RPS12P10,0.007086790833308515
MIR3945,0.007086493261766704
Metazoa_SRP,0.007083793617539365
LINC01063,0.007083780524389406
TMEM160,0.0070834806227157284
HEBP2,0.007082507821877317
NDUFA7,0.007080389027545743
SRFBP1,0.007078403632628662
RP11-200A1.1,0.00707787505656301
KCNG3,0.007076091069119
RP11-83N9.5,0.007075779003331355
RP5-1057I20.5,0.007075633918348009
RP11-253M7.1,0.007074498070489795
RP11-167N5.5,0.0070735370558206835
RNU6-353P,0.0070727630960327765
RP11-460G11.2,0.007072098752511739
LACTB2-AS1,0.007071648317664858
RP11-977G19.14,0.007069893661590658
CSTP1,0.007069877202930385
RP11-11N9.4,0.007069344421512154
H1F0,0.007065478432380938
PUM3,0.007064840855185591
VPS35P1,0.007064630231124739
HINT2,0.0070641089417905305
RP11-923I11.8,0.0070637936119966275
XXbac-BPG13B8.10,0.007060543463042192
CTB-25B13.5,0.007060434362355321
AC004692.4,0.007060088564903291
RP4-612B15.3,0.007057520720243729
IGHV4-59,0.007056825898396237
RP11-324I22.3,0.007054952332478923
RP11-531A24.7,0.007054899883984652
RFPL3,0.0070546029953035185
FAM86C2P,0.0070539904127778115
CTD-2006C1.13,0.007053864699318473
ZNF22,0.007053433136602713
AGAP13P,0.007053210274616963
CTD-2135J3.4,0.007052606817942441
RHOD,0.007051626902826126
ENO2,0.007050927105058615
RP11-626P14.1,0.007050554114189164
CTD-2021A8.3,0.0070483553925802574
RP11-295K3.1,0.007048132166662909
RP11-29H23.4,0.007047347577800615
REC114,0.007046296189699729
RP1-251M9.3,0.007045949233704001
STRCP1,0.00704488016833535
RNU6-893P,0.0070425903646118525
KRT17P3,0.007042404764139848
TBC1D3L,0.007042241132571477
XXbac-BPG248L24.13,0.0070419994591236715
REEP6,0.007041985318172644
CKMT1B,0.0070414636006741905
RP11-91I20.2,0.007040993301293071
ZNF750,0.007040583564727645
RP11-713P17.4,0.007040144423439382
TMEM236,0.007039850638586297
Y_RNA,0.007039794060944795
RP3-461P17.9,0.0070344961343806476
RP11-513H8.1,0.007033720828642806
RP11-195F19.29,0.007033548864477408
TRAJ25,0.007032716469754854
RPL23AP86,0.007030976081218361
AC073410.1,0.007030690307896447
RP11-335K5.2,0.007030478942715533
ST13P15,0.007030367621869214
FCGR1CP,0.007029356110956409
ZFR2,0.007028470597551481
TRERNA1,0.0070264519137067435
GAPDHP52,0.00702615242730197
LINC01480,0.0070258392322818265
RP11-44K6.4,0.007025593518615015
PTCHD3,0.007024712353655397
RAG1,0.0070233617690098156
RP11-370I10.6,0.007022700212307838
RP11-427L15.2,0.007022307649951539
CCNA1,0.007022006437555648
RP11-348F1.2,0.0070214400060306685
TEX35,0.007021299184268127
MIR6832,0.007020648108546869
RN7SL636P,0.007019561461715502
Y_RNA,0.007019249835282787
TLX3,0.007018671103805749
RP11-463O9.2,0.007018433435240986
RP11-686O6.2,0.007018365318200188
C1QTNF1-AS1,0.007017739777227197
SNORA31,0.007017576223263505
CTC-525D6.2,0.007016234919184601
CTA-397H3.3,0.0070155956206740195
RP11-424I19.2,0.007014792865748257
RP11-387H17.6,0.007014516159967171
NALCN-AS1,0.0070144797063276774
RP11-354M1.2,0.007014277015340299
RP11-213G21.2,0.007014168229320521
LINC01167,0.007012790878114691
RP11-34F20.7,0.007012391058124499
SLC2A12,0.007011817419912184
HMBS,0.007011573559287234
MGAT5,0.007010610589887587
IGLV3-1,0.007009748820182558
RAB19,0.007009255762676209
CTD-2522E6.4,0.0070091657452530575
THRSP,0.007008768805030929
SLC6A18,0.007008653614011392
RP11-367F23.2,0.007008650408799292
RP11-380M21.4,0.007008441253351101
RP11-498P14.3,0.007008151472362441
MIR6796,0.007007576024405105
AC002128.5,0.0070070300684415224
MIR3685,0.0070066630039391
SNORA67,0.007006405050542913
MRPS31P4,0.007005427351374484
HEMK1,0.007004455318467095
MBLAC1,0.007003721321519134
AC073115.6,0.0070008749823162785
ZNF768,0.0070005010901850176
PKMP3,0.007000201905650767
AP006621.6,0.007000087499928836
CYP27A1,0.007000057152479348
MED28P3,0.007000035591881206
INSRR,0.006995439988760764
ACADS,0.006994159519286123
TCN2,0.006993594932278038
HIST2H2BF,0.006992983652757665
RP5-1092A11.2,0.006992768392269798
RP11-598F7.6,0.006990116109021983
CH17-13I23.3,0.006987042485545639
SPINK2,0.006986623069144669
RP11-599B13.3,0.006986150483184572
RP11-54O7.1,0.006984288556599754
AC004854.4,0.006983554964487691
CCL18,0.006983201797672896
FBXL4,0.0069823168199256965
MIR4279,0.006980139714725967
RP11-321E2.5,0.0069792570074862234
CTD-2012K14.6,0.006977859063332451
GABARAPL1,0.00697785865581808
RP11-438B23.2,0.006976219423055365
HRNR,0.006976018012718384
LINC01128,0.006975922440762573
CRYBB1,0.006975848957063614
MIR1270,0.0069757766366808395
RP11-42O15.3,0.006975750823038021
RASD1,0.006975642203788827
RP13-726E6.2,0.006975572150764978
RP11-187E13.2,0.006974703867630219
RP11-433A10.3,0.006974501895105946
MCFD2P1,0.006973211859182184
RP11-420A23.1,0.006973020402647819
RP11-65J3.3,0.0069726859147584775
RP11-54O15.3,0.006971328696306453
GS1-531I17.3,0.0069705951246646905
RP11-1099M24.8,0.0069700143454367374
RP11-484L8.1,0.00696934855328695
RP11-186F10.2,0.0069677262136021755
Metazoa_SRP,0.006966718004931527
RP11-834C11.8,0.006966280568713055
AP001628.7,0.006966123630737091
SOCS5P2,0.006965424866555677
RPS6KA2-IT1,0.006964627397014795
RPL29P24,0.006963927668038523
AF011889.5,0.006963545159644837
DPH3,0.006963536910430056
CTD-3214H19.4,0.006963244637095111
AC007391.2,0.0069629133684147
RNA5SP402,0.006962035679052746
RP11-574O7.1,0.006961535762126743
RP11-83B20.3,0.006959889804695519
AGPAT4-IT1,0.006958113453806384
CTC-525D6.3,0.006957925665653689
AP4E1,0.006957613791198249
FAM83A-AS1,0.006956758808999655
AC009892.9,0.00695634568910909
ZSCAN23,0.006955088765726242
AC087163.2,0.006954789508699216
AC002310.12,0.006952727967948943
BTBD16,0.006951988748312196
CTD-3035K23.3,0.006950011991857687
RP5-903E17.2,0.006949764009236118
RP11-463C8.7,0.0069488592736052885
RP11-158I9.5,0.006947769084525329
RP11-758N13.1,0.006947469982697573
RP11-6E9.4,0.006946229762148685
AC005387.2,0.006944355517890491
RP11-467C18.1,0.0069441711502982945
AP001065.15,0.006943073104283852
RP11-99H20.1,0.006941349389934062
UBE2Q1-AS1,0.00694126026594493
PPIAP2,0.0069410126105363505
LINC01398,0.0069395422521502746
RP11-334J6.6,0.006939394088424847
Y_RNA,0.006939303891456281
RP11-685A21.1,0.006938134486706466
SLCO6A1,0.006937793219488063
RP13-20L14.1,0.006936793844141992
AP001596.6,0.006936398956516238
KIR2DS4,0.006935409655155168
MIR4673,0.0069351300411195325
RRAS,0.006934801663894182
AC015971.2,0.006934334889716872
COPS9,0.0069334890740253355
TRAJ17,0.006932314044835292
IGHV3-47,0.00693189556805102
UBA52P8,0.006931546350050662
RP11-19E11.1,0.0069312081256804985
AC004538.3,0.006930721725086048
HEATR9,0.006927227309497284
CTD-3149D2.2,0.0069268290311275986
IGHD5-24,0.00692663653787684
KRTAP10-6,0.006925495369631867
WDR18,0.00692397469766747
TRDC,0.006923960379453061
MGC27382,0.006923571657926987
NBPF7,0.006922619085559801
CTD-2587H24.10,0.006922595287477102
RP11-793H13.11,0.006922461940081198
ADAMTS7P1,0.006922006599992902
RP5-1142A6.2,0.006921571807805149
AC005539.2,0.00692115997180613
CTD-2316B1.1,0.006920662043031827
MYCNOS,0.006915796107074712
LINC00551,0.006914972649393721
RP11-10C24.3,0.006914661136154002
LINC01524,0.006913941242663495
AC092155.4,0.006912491919898903
BNIP3P10,0.0069112063318935634
MIR149,0.006911033663020757
MARCH9,0.006909666836315445
NT5CP2,0.006909503691528313
TMEM65,0.006909186033939647
HCG4P5,0.006908532046684528
VSTM5,0.006904960224063347
LINC01146,0.006904933752570453
RP11-543E8.2,0.006904925044006839
AC005932.1,0.006903885488074024
RP4-612B18.3,0.006903040398152119
PRKAR2A-AS1,0.006902844538757573
CTD-2583A14.8,0.0069025909915712575
SERPINB2,0.0069024293025376215
RP11-63A1.1,0.006902070299056156
KPNA4,0.0069019569150126445
RP11-265E18.1,0.006899825200021605
RP11-467I20.2,0.006899482732970758
METTL21C,0.006899334152957126
RN7SL744P,0.00689830704464523
RP11-520H14.1,0.006897338620163784
RP11-69H7.2,0.006897103387205498
MIR130A,0.006896484582012859
ZNF648,0.006891877232307225
IGHV1-46,0.006890840826434523
UBE2FP1,0.006890242257741013
RP11-484D2.3,0.006889713163115285
RNU6-181P,0.00688924932936427
CASP16P,0.006887370571806447
BCORP1,0.006886505804745458
FKBP15,0.0068862906638704185
RP4-545C24.1,0.006885908415108913
VENTX,0.006884912343525942
RP11-611O2.2,0.0068846722521329375
RP11-26J3.3,0.006884170523629942
RP11-219A15.1,0.0068827067622878714
CH507-9B2.1,0.006882410408725988
RP11-322E11.3,0.0068816484053611385
XXbac-BPG246D15.9,0.006881412608982267
CCNL2P1,0.006881326826541813
RP11-114F10.2,0.006881310878106491
RNU6-851P,0.0068805423921812795
RP11-30O15.1,0.00687859874700287
RP11-1365D11.1,0.006878473218491737
Y_RNA,0.006877269182438256
HNRNPA1P9,0.0068759660919708665
RP11-416H1.2,0.006874252855275649
NOTCH1,0.006874051849681094
RP4-737E23.5,0.006873829840525417
CTC-232H10.1,0.006872254767359513
RP11-60E8.2,0.006870399908382583
MAFIP,0.006869760883489374
U8,0.006866739305814723
COX6CP1,0.0068665946844602135
LINC01562,0.006866404006788766
RP11-586D19.2,0.006865488851089288
ISOC2,0.00686455312528622
AP001052.1,0.006863877394079699
RP11-123J14.4,0.006863852113278578
RP11-192C21.1,0.006858494315715863
AC022431.3,0.006858389803679817
LTV1,0.006858226671200586
BLOC1S4,0.006857935840967093
RP11-43F13.3,0.006857385723576018
RP11-523O18.1,0.006855701460190717
LINC01376,0.006854864911922227
RP13-467H17.1,0.0068543569353043225
AC003002.6,0.006853674476563016
RP5-935K16.2,0.006853562583011894
NPDC1,0.0068516349554137235
LURAP1,0.006851118552566162
RP4-671O14.6,0.006849064504439733
FOLR3,0.00684882063235233
RELL1,0.006848696915060996
RPRM,0.0068468640191724425
RPS20P33,0.006846796423300244
RP11-89K10.1,0.00684661432215577
GSC2,0.006846254024144253
GLIS2-AS1,0.006846071369930438
RP11-411B10.7,0.0068455438982949375
RP11-408A13.4,0.006843158680357667
RP11-474O21.5,0.006841953416368071
PET117,0.006840014648148212
AATK-AS1,0.0068397012881105486
RP13-494C23.1,0.006839313810907418
AC006003.3,0.0068392388254966355
IGKV2D-29,0.006839209745989468
CHKB-CPT1B,0.006837525945652611
SALRNA1,0.006837448167504441
RP11-266L9.3,0.006835910000627218
HPGDS,0.006834063622305203
RP11-785D18.3,0.006833977398203446
RP1-239B22.5,0.006833072149291997
RP11-381O7.3,0.006832576124400825
RP11-50I19.2,0.006830500160265048
ASH1L-AS1,0.00683034339536643
RYBP,0.0068303292033988425
NLRP10,0.006829161309696601
RP11-95M15.2,0.006829092490423224
AC005537.2,0.006827734336910376
CCDC90B,0.006827658833779113
RP11-667K14.14,0.006827269526141538
JSRP1,0.0068270668799397475
DISP3,0.00682528876658735
SNRPCP1,0.006825101073228682
BPIFA2,0.006824280740223161
AC131056.3,0.00682423164800031
SEC11C,0.0068231677358426696
OLMALINC,0.0068220203460244
RP11-196G18.22,0.006821734596201841
SMC3,0.006821683268018671
NDUFAF4,0.006821307308009718
RNU6-866P,0.006820199764085367
Metazoa_SRP,0.006818597546532364
PGAM1P11,0.006817970906955356
CCDC93,0.0068175879074463
OR3A2,0.0068172975308109915
RPS17P14,0.006816813386949102
MIR589,0.006816337074827048
CHMP2A,0.006815759150437107
RP3-402G11.28,0.006815614491724736
RP11-415D17.4,0.006814616810039819
RP11-152N13.16,0.00681436723939808
ZUFSP,0.006814298144945677
CNTF,0.006813742954474565
CBX3P2,0.006812621263041997
ATOH1,0.006812329368734634
RP11-848P1.3,0.006811612639641889
RAB12,0.006810572048594941
RP11-466A19.1,0.006810056776692461
RP11-819C21.1,0.006809445875200173
SRP54-AS1,0.006809056478871494
ITPRIPL2,0.006808447788066438
MIR496,0.006806402358927576
RP11-235E17.3,0.006805669121259795
FAM150A,0.006804049373172642
UCHL1-AS1,0.0068031536885529344
PNKP,0.0068030855262571095
RP11-54O7.3,0.006802857028205693
RP11-16C1.1,0.006801749080035279
FDX2,0.006800721654049125
RP4-798P15.3,0.006800050007164509
MIR6736,0.0067992894875483455
IFNE,0.006798818257464834
HIST1H4I,0.006797852354550283
PNLIPRP2,0.006797345670851569
RP11-157D23.2,0.006797236423787889
CTC-457L16.2,0.006796619972810644
LINC01529,0.006795735338024685
RP11-384C4.2,0.006795152349795943
RP11-542A14.1,0.006794187247162278
EPHB3,0.006793830872084426
QTRT1,0.006792115435188565
RN7SL569P,0.006791345903715695
RP11-386M24.1,0.006790202681242531
RP11-20I23.10,0.006789712557544509
AGAP1-IT1,0.006788637620311308
RP11-321M21.3,0.006788637071177813
CTD-2619J13.8,0.00678802252697208
ABHD5,0.006787641235626648
SLC25A5P1,0.006786955249559626
RP3-406P24.5,0.006785067299353961
CNN2P3,0.006784377848027785
SNORA69,0.006783276974264697
RP5-1009E24.9,0.006781226701811589
BX322557.13,0.0067806596274675125
RP11-480A16.1,0.006779852966756599
CELA2B,0.00677980561722835
RP11-178D12.2,0.006777551218523484
RPL12P35,0.00677729256649532
RNA5SP462,0.006777161600782683
CCDC167,0.006775906189771806
ACSS3,0.006773871631853005
IGKV2-26,0.006772303264409098
DLX3,0.0067722390853000155
RP3-395M20.3,0.006771985067641029
HMP19,0.006771246722953514
STX16-NPEPL1,0.006771190621476422
NBPF25P,0.006770158577831404
RP11-439A17.9,0.006768489033284105
RP11-778D9.12,0.006768021989826469
SRP68P1,0.0067678908262058775
SCGB1A1,0.006765717780113103
CTC-479C5.10,0.006764513626202861
CTC-301O7.4,0.006763414594639806
RP11-798K3.3,0.006762587079781304
TRPV4,0.0067623259731805505
TLR9,0.006760671208120024
SPINK9,0.006759064758650872
RP11-359B12.2,0.006758724201217589
RP11-257O5.2,0.0067584985354732065
AC002310.7,0.006757899409230588
RP11-635L1.2,0.006757821286617993
RNF168,0.006757478549819651
AC002310.14,0.00675673841579916
EEF1DP1,0.006754727433974446
SELL,0.006753171204634479
CNFN,0.006752679343463223
ARHGAP23,0.0067525366881335345
IGHV4-39,0.006752459303069902
RNU6-884P,0.006752093085467817
RP11-1M18.1,0.006750928029575179
ITPKB,0.0067502843339084725
RP11-181E10.3,0.006750079131857604
RP11-717H13.1,0.006749819227356367
RP11-512C24.3,0.006749304219138613
RP4-669P10.19,0.006746602713421404
AC090617.1,0.006746566294041804
RP11-1078H9.5,0.006746274870893843
RP11-527N22.2,0.006745951320282548
RP11-428J1.4,0.006744414803165206
NR0B1,0.006743242154267652
hsa-mir-3130-1,0.0067420822678602894
RP11-179K3.2,0.006740484609678658
IGHV4-61,0.006740036810125746
NUDT18,0.006739835472328064
PITPNA-AS1,0.006738845967159726
RP11-885B4.2,0.006737524200499031
AC005740.3,0.006736489644682415
IRF2,0.0067363965511405815
FOXD4L1,0.006735939677771357
RP11-70P17.1,0.00673473532270703
NPIPB1P,0.006733469526381274
RP11-816J8.1,0.006731937697034406
SLC25A24P1,0.006730267585275508
C10orf91,0.006729036352073664
RP11-586D19.1,0.006728613908691794
RP11-511H23.2,0.00672835751555821
TMEM242,0.0067264005302698545
RP11-489O18.1,0.006726326162871965
RNU2-69P,0.006725954133964202
RP11-358D14.3,0.006725363152437089
HYI-AS1,0.006725311159531433
IGHV3-66,0.006725037999567705
KB-1572G7.2,0.00672450628859603
CTD-2199O4.4,0.006724179094548429
SPINK6,0.006723475798168761
RP11-2N1.3,0.00672325599380365
PCSK1N,0.006722522300763479
LINC00200,0.006722432518054771
KRT8P44,0.0067224035940522805
RP11-87E22.2,0.006722400107438793
GLYATL1P3,0.006722198653498989
AC064834.1,0.0067221381227384625
CTD-2560E9.3,0.006720189224508565
EHD4-AS1,0.0067199287041085215
RP4-773N10.4,0.006718494467272999
NYNRIN,0.006716494977132762
RN7SKP74,0.006715437516015251
RP11-64K12.8,0.006715223219588567
RP5-1116H23.3,0.006714318362450505
RN7SKP11,0.006714301411322559
RN7SL181P,0.006712699329980165
KRT18P62,0.006712150136376591
RP11-149I23.3,0.006711101463679888
GCKR,0.006710846833941617
RP11-126K1.2,0.0067107469788971605
PTENP1,0.006710557970153906
OGDHL,0.00670973952596273
CTC-353G13.1,0.006709299465333474
RP11-276H7.3,0.006707331188494697
FRAT1,0.006706499233797218
RP11-1O7.1,0.006706362227006087
MIR6827,0.006705195007235956
RP11-323H21.3,0.006704744453901213
RP11-320G10.1,0.006704496745818134
NCOA4,0.006704456643469601
ABCA9-AS1,0.006703277827652768
TARDBPP2,0.006702874205438289
OR2L6P,0.006702843557131196
CTD-2024F21.1,0.006702745997538808
DBH-AS1,0.006702721074449394
LINC01572,0.006702653516414961
CTD-2501M5.1,0.006702394277605917
ZNF724,0.006702383107223455
RP3-425C14.6,0.0067021279459843035
KB-1208A12.3,0.006701482928509425
SPTSSA,0.006701475359353954
RPL26P30,0.006700222138261503
MIR6499,0.006697465422271437
RP11-731D1.4,0.006696867496404286
KLKP1,0.00669671469389556
RP11-401P9.5,0.006695800815645021
CTD-2308N23.2,0.006695562234512227
AC009784.3,0.0066942145875151906
ZNF37BP,0.006694113400858513
OR55B1P,0.006692994941255053
RNU6-1065P,0.006691669046149226
RP13-638C3.5,0.0066905211023562915
RP11-1084A12.1,0.006690494334830269
KRT73,0.006690162300941062
PDCD6,0.006688873691741159
FSIP1,0.006687980774822838
RP11-24F11.2,0.0066862689334353615
Y_RNA,0.0066860512158929885
RP11-452L6.7,0.00668494404983997
RP11-796E10.1,0.0066840589397852675
VANGL2,0.006683942251419644
SEPT14P8,0.006683042408514551
FANK1,0.006682840689552072
RN7SL650P,0.006681955414194828
CTD-2373J6.2,0.00668183087072197
ARHGEF28,0.00668180502206403
RP11-563H6.1,0.006681695498723777
MEOX2-AS1,0.0066816291780903295
Y_RNA,0.006678680820008728
CCL26,0.006678022471664685
AGO1,0.0066746518430313906
LIMS1-AS1,0.0066746432419912925
ZNF708,0.006673941094612541
NAV2-AS2,0.006673620346951769
RP4-686C3.7,0.00667283420071875
RP11-221N13.3,0.006672368064243765
SELENOH,0.006671754107850874
PGAM1P5,0.006671062777003948
SURF2,0.006671055456056627
Y_RNA,0.0066707192943657985
CIRBP-AS1,0.006670259616605185
SSC4D,0.006670072269313152
IGHV3-65,0.00666962167209267
SNRPGP9,0.006669223179944056
C1orf167,0.006669156097384791
RP11-93H24.3,0.0066680366326655124
HLA-B,0.006667906546566637
MT-TF,0.006666554024299146
Y_RNA,0.006665410272063248
NHLRC4,0.006665100402200798
XX-FW83563B9.5,0.006663464203033265
WBP4,0.006662807759221529
OVOL1-AS1,0.0066612521158363755
KRTAP5-9,0.006660910673701551
ZNF705A,0.006660193463258897
RP11-483F11.7,0.006659762565071399
MT-TE,0.00665939557653753
RP11-428J1.5,0.006659315831064003
SMIM18,0.0066591116733505755
POLR2L,0.006659019605330196
RP1-68D18.2,0.006657974224594106
RP11-166P13.3,0.006657932604573311
RP11-360N9.2,0.006657516539276412
RP11-722G7.1,0.006656516803932714
GAB1,0.006656334649576809
ARHGEF7-AS1,0.006655904372598111
CHAMP1,0.006655716321941724
NOC4L,0.006655713729620137
AC112198.1,0.006655207428552587
ZW10,0.0066541557431568825
PSMB9,0.006653981164288539
RP11-1026M7.2,0.006652502393744199
RP11-505K9.5,0.006652247989655315
GTF2IRD2P1,0.006651805445748977
FLVCR2,0.006651130117825096
CTD-2292M16.8,0.006650461893537289
RP11-187A9.3,0.006650134076492025
RP1-178F15.4,0.0066499658666913765
ZFP82,0.006649744880344382
FGF14-AS2,0.006649321068482639
RP11-677M14.3,0.0066472391964920215
FLJ43879,0.006646580534414222
ATP6V1C2,0.006646385632536206
AC098823.3,0.006645574337813312
DLGAP1-AS1,0.006644536227866715
EXTL1,0.006644201024877804
LINC00891,0.0066440351469580355
ZNF259P1,0.0066436355878980455
uc_338,0.006643567736287529
CTD-2537I9.13,0.0066433951201880295
CTD-2330K9.3,0.0066429480862219845
CTD-2008P7.8,0.006642360702734038
RP6-60B16.1,0.006641015863006122
NLRP2B,0.006640785214215711
CTB-37A13.1,0.006640782879232597
RP11-460N20.4,0.006639504974208063
AP002884.2,0.006639403470408611
ZSCAN16,0.006639373034359915
STK39,0.0066379568459138125
RP13-650J16.1,0.006637914161134845
PRSS12,0.006637443346278711
IL4,0.006637411445151869
RP11-69J7.1,0.00663715157432516
RP11-91K8.5,0.00663681478774387
AL672294.1,0.006635407698045252
TSPAN8,0.0066343191940284605
LINC01108,0.006634136644835744
RP3-468B3.2,0.006633968048319503
U8,0.0066337071827816205
CPA3,0.006633187553598778
IGHV3-43,0.006632179356559205
MIR6812,0.00663184238989664
AC016999.2,0.006631641767720794
LA16c-380F5.1,0.006628538378617713
AP001187.11,0.006626831828946802
RP11-384M15.3,0.006625597340761876
TCEB1P19,0.006624069454952264
CTC-510F12.4,0.006623358066816314
LINC00189,0.006622510015932334
RP11-499E14.1,0.006621930175131852
TEX21P,0.006620876562432637
IPMK,0.006620603280512339
SYNGR4,0.006618851039740907
SRGAP2,0.006615793800742642
CTA-796E4.3,0.006615324805262884
CTD-2571L23.8,0.0066153231236830085
USP27X,0.006615213560818997
RP11-19J5.1,0.0066135848532344775
RP11-501C14.9,0.006613244813097784
SPATA31E1,0.006612788272531707
RP11-217E13.1,0.006612611264303691
CTC-529P8.1,0.0066108061381772104
AJ003147.8,0.006610356266212422
LYPLA2,0.006610062711409017
RAB3A,0.006608273620970217
RP11-108L7.15,0.006608268216039354
IGHV3-19,0.006606850548555107
RP11-15F12.6,0.006606213138579065
BBS7,0.006605621535841805
NPIPB10P,0.00660192986863486
RP11-505K9.3,0.006600962386957279
CYB561A3,0.006600280988682145
CTB-175E5.7,0.006597923136293562
RP11-462B18.1,0.0065971167524754145
AL049872.1,0.006597066916624423
AC093375.1,0.006596920331011563
RASSF9,0.006596830134610475
HEATR1,0.006596539508929626
AC074363.1,0.006596275981905095
MIR4263,0.006596128550698941
PPP1R14B,0.006595647601922672
RP11-505P4.6,0.006593229055697097
LINC00997,0.0065929277998322145
UBE4A,0.00659265090910761
RP11-73M7.6,0.0065926057946106295
HTT-AS1_2,0.006591991802684658
AC084809.3,0.006591696453263129
LINC00115,0.00659056717788562
CTD-2320G14.2,0.006589255856153091
AC133633.2,0.006587740958373637
CHRNE,0.0065868098457805176
RP11-128B16.5,0.006585896404266953
CTA-984G1.5,0.00658409378709006
CTD-2083E4.4,0.006583594287765245
FTMT,0.006580799507454424
HIST1H2APS3,0.006580729842313131
ENDOU,0.006579655677204842
RP11-384P7.7,0.006579592362003805
AC096579.15,0.006578614214585211
CTD-2011F17.2,0.006578501332019548
AC012668.2,0.006577604078579615
CTD-2524L6.3,0.006577492782648981
KIAA1522,0.006577347379982778
HIST1H2AD,0.006576730439990303
UNC93B1,0.006576497403077344
RAP2C-AS1,0.006576220316602062
ZXDA,0.006575508359262776
AC136289.1,0.006574009584619258
OR52N3P,0.006572976283415551
CTA-972D3.2,0.00657274663419872
RP4-697K14.3,0.006572205864876919
IGLV1-44,0.006572030747702834
CTD-2410N18.3,0.006571702973165728
Y_RNA,0.006571355452505769
CBY3,0.006570867288563737
AC087499.4,0.006570471232019455
LLNLR-285B5.1,0.006569610362235092
GCHFR,0.006569392363693848
RP11-410N8.1,0.0065693192384398864
IGLV2-11,0.006569292874694206
AC124944.3,0.0065684925230162965
CTD-2201I18.1,0.006568307194965921
DDX58,0.006567419420014007
Y_RNA,0.00656637331129874
RP1-27K12.2,0.00656632388249899
RP4-726N1.2,0.006565547555563621
LINC01389,0.006564899323541357
ENTPD1-AS1,0.006562081203358463
C16orf91,0.006561795743396336
GNRH1,0.006560813834182233
OR5B21,0.0065588051780846
PCNPP3,0.006558461437531051
NCAPD2P1,0.006558129019929182
AP000679.2,0.006557954566796176
RP11-672L10.6,0.006557441098384498
CTD-2047H16.3,0.006556994981235043
AP000318.2,0.006554166137110577
DDX39B-AS1,0.006553691980475934
GAPDHP62,0.006552949560419418
TVP23C-CDRT4,0.00655289528844116
RP11-420L9.2,0.006552439706269821
RP11-222G7.2,0.006551619642276429
BBS10,0.006550876638967012
RP11-463I20.4,0.006550554826627012
HHEX,0.006548892953973221
SSSCA1-AS1,0.006548761995221615
CCDC74BP1,0.006548339091145792
RP11-262I2.2,0.006548243233830292
RNU6-1297P,0.006547714406925264
RP5-875H3.2,0.006547543595149388
AL121657.4,0.006547191566581508
RP1-253P7.4,0.006545540520475795
RP11-64C12.9,0.006544513631067169
IL25,0.006543983429612799
RP11-76C10.3,0.0065436490903382815
RN7SL842P,0.006542210676772933
CEP72,0.006541782791393336
SMIM21,0.0065412526205156285
MIR6870,0.006540487140393216
RP11-428C6.2,0.006540125862022015
HAGLROS,0.006539485928793547
KCNJ2-AS1,0.006539018060942529
CCDC89,0.006538522983825205
RP11-171I2.1,0.006538267749501575
AB019441.29,0.006537792035373179
RP11-33A14.1,0.0065372973920288365
NKX2-8,0.006537099843221803
AC006026.1,0.006536621931237436
RP11-649A18.12,0.006536474443636952
SMIM4,0.00653578503300988
CAB39,0.006535525713661371
RP11-561C5.4,0.006534559728195018
MARVELD3,0.0065340552717877655
C9orf152,0.006533228055731536
WFDC11,0.006532850843025404
HOXA-AS2,0.00653185511923369
TNFSF9,0.006531700501138469
RP11-930O11.1,0.006531452235107368
SRXN1,0.006531368740867124
IGKV3D-20,0.006531060900510888
CTD-2342J14.6,0.006530753919168043
RP11-809O17.1,0.006530709462253554
CRK,0.006529745378066471
COL5A1-AS1,0.006529329920034687
RNU6-50P,0.006528128566157153
LINC00628,0.0065278285856866505
RNU1-138P,0.006526599040751172
UBR2,0.006525979422964295
ANXA9,0.006525893274700273
RP11-20G13.2,0.006525127796966818
BUB1B-PAK6,0.006524649962376277
EEF1G,0.006522932294498556
TMEM44-AS1,0.006522412993069773
AC020743.3,0.006521807562975908
SEBOX,0.006520472791917026
ZNF229,0.006520359259788611
RP11-897M7.1,0.006519993106768153
RARA-AS1,0.006519878473235447
SCN2B,0.006519851360925908
MIR3622A,0.006519040003932391
GPRC5A,0.006518885605233184
RPL12P27,0.006518709180214166
HELQ,0.006518392637374835
TVP23BP1,0.006517361195794224
SPRN,0.006516076094033369
CTD-2140G10.2,0.006516074473083114
DTHD1,0.0065154489873492415
F9,0.006514754534276985
MUC13,0.0065147308430616915
KCNJ3,0.0065145917778650295
AC098614.2,0.006514414589660951
LINC00957,0.006513407449582901
IGHD6-6,0.006511760076500095
KCTD9P4,0.006511690380566306
USP46-AS1,0.006510619331085544
RP11-1277A3.2,0.006510480753823666
AC009227.3,0.006510409483392714
MKRNP2,0.006510327999685821
FAM201A,0.00650992943389127
ST13P5,0.006509910196220441
AC113167.1,0.0065093418109491525
RP4-583P15.16,0.006508782474926075
FOXA1,0.006507891145117374
CXCL5,0.006507818178290807
GOLGA6L22,0.006507265785147398
LRRC37A17P,0.006507052125825549
Y_RNA,0.006505659101492707
CH17-385C13.2,0.006504808368031996
LA16c-431H6.6,0.006503171072939276
RP11-259O2.2,0.006503130581257437
AC005863.1,0.006503039613807487
LDHAL6FP,0.006502459706813337
AP001628.6,0.006500703532143854
NFKBIL1,0.006500469708320484
RNA5SP310,0.006500441549181505
RP11-254F7.4,0.006500307947190909
TRAJ43,0.006500248543185117
RP11-521C20.2,0.006499563401471432
GRAMD3,0.006499044654544747
TMEM249,0.006498169492576058
RP11-229P13.19,0.006497733023602327
RP11-488L18.3,0.00649650734039892
Metazoa_SRP,0.006495196489544169
FAM170B,0.006492361125555097
RP11-112L6.3,0.006491664606522675
CYB561D2,0.0064912891264312335
RP11-647F2.2,0.006490526610128328
IGHV3-38,0.006490297950625596
LRRIQ4,0.006490147499064699
RP11-356J5.13,0.006490068024160562
RP1-140A9.1,0.006489710920001555
AC008268.1,0.0064887138643820895
GPC4,0.006488638715238557
PLEKHJ1,0.00648701973936305
HDDC3,0.006486981770894236
MIR8078,0.00648696534384417
MTCO1P5,0.006486208640683492
IGKJ5,0.006485779119046136
PI4KAP1,0.006482829838769083
RP11-65J3.6,0.006481343163054354
AC144836.1,0.006481043281683633
LINC00609,0.006481029165091928
CTSLP1,0.006480797433707015
RP11-356B19.11,0.00648065499001606
RNU7-8P,0.006479644642646275
HAUS2,0.0064781153833657875
MESTP3,0.006478047301306857
RASD2,0.006477531963122007
LA16c-358B7.3,0.0064751406002417035
RP11-359E3.4,0.006474940919460237
KRT18P5,0.0064734938996162264
RP11-359E8.5,0.006473201958693843
PTGDR,0.006471184214110318
HIST1H2BK,0.0064709972906061815
Y_RNA,0.006470934401277317
RP11-128P10.1,0.006469980812350749
RNF219,0.006469036787481086
DKFZP434L187,0.006469005287147184
LMBRD1,0.006468587379987897
RP11-256L6.3,0.0064678590605838585
RP11-95O2.5,0.006466822618518784
PIK3R6,0.0064667260059451635
RP11-221J22.1,0.00646622006520132
RP11-111F16.2,0.006466211236104133
RP11-529J17.3,0.00646604225148974
RP11-54C4.3,0.006465311301603241
AC024937.4,0.00646480754396506
RAP1BP1,0.006464324784379779
FZD5,0.006463001223909491
RP11-171I2.4,0.0064627864059113435
RP11-76C10.4,0.006462375046478538
RP11-434H6.2,0.006461662702496834
ANKRD20A19P,0.00646141966177751
RP11-136L23.2,0.006461110209432695
INSM1,0.006461037179449387
RP5-991G20.6,0.006460856133806239
SNAI3,0.006459417963646683
RP11-12A20.6,0.006458883794302276
TBC1D3D,0.006458852100357357
TRAJ13,0.0064579697862968055
YBX1P4,0.006457337238768475
RP11-79P5.9,0.006457127028422067
RP11-89K22.1,0.006456754680055812
SNORD72,0.006456483568686485
RP5-875H18.4,0.006456401651085718
RP11-701H24.3,0.006455189628321372
RP5-1096D14.3,0.006455056470674168
Y_RNA,0.00645491404645447
RP11-2C24.3,0.00645486442232898
GLP1R,0.00645472601582408
GCSHP4,0.006454556280476368
CNPY4,0.00645321898196684
GMNC,0.006452708373617017
STAU2-AS1,0.0064522343513390805
TMEM129,0.006451963640229589
SNORA15,0.006451649197128392
HIGD1B,0.006451217906326847
RP11-313P13.5,0.006450776639426459
DLG1-AS1,0.006450703668112044
RPS27P29,0.006449970276640269
AC073316.2,0.0064494788309854365
RP11-519G16.3,0.006448879136036524
RP11-584P21.2,0.006448402488499574
RNU6-233P,0.006448059785429147
AC002116.7,0.0064475996863009605
DNM1P51,0.006447397457767021
MIR4254,0.006447090912551227
RP11-565J7.1,0.006446852368766955
NFYB,0.006445582206598534
PANX1,0.00644525882469017
RP11-449J1.1,0.006444683902021616
Metazoa_SRP,0.006443440774185099
RNU6-322P,0.00644310780447613
REM2,0.00644281998227269
snoU13,0.006442241254554187
CTD-2012K14.8,0.006442013348938564
RP11-272L14.2,0.0064392833994588745
MTHFS,0.006438894235881099
ZBED3,0.006438596203900217
UBOX5-AS1,0.00643766568815287
RP11-274H2.3,0.006436415830373239
CTC-513N18.6,0.006435198488291389
RP4-541C22.5,0.006435111620591966
AP002856.6,0.006434713701360244
RP11-736N17.9,0.006434617822783813
PARD6B,0.006434110402707088
RP11-126K1.9,0.006432749535249711
HS3ST5,0.006432686520894848
BACH1-IT1,0.006431930829740691
RP4-753D10.3,0.006431270604823368
ANKRD34A,0.006430907141413675
RFPL4AP6,0.006430337667666304
C6orf226,0.006428430435009657
ADPGK-AS1,0.006428306884516383
IGKV4-1,0.006428197684508574
RNA5SP65,0.006426956501791565
ARHGAP19-SLIT1,0.006424569538230614
RP11-421P23.2,0.006424199344706653
Y_RNA,0.006423595429908128
SLC25A52,0.006422784313408407
RP11-138I1.3,0.0064197804845356156
SLC25A4,0.0064195578466470435
ATP5D,0.006419379866946391
XX-C283C717.1,0.006419050635572264
LRRC26,0.0064188667173072506
AMH,0.006417740063138254
SNORD113-3,0.006416499261621049
BAG5,0.006416431450652658
RP11-163O19.16,0.006415376718155939
GPR75,0.006415023223442602
GJB2,0.006413326762491735
SOWAHD,0.006412758144505784
RP11-297C4.1,0.006411913595439113
MRPS21P6,0.006411248130423537
RP1-66C13.4,0.006410857004576102
RP13-977J11.6,0.006410325207360757
RP11-1008C21.2,0.006409852216554475
CHAD,0.00640968514096445
RP11-417E7.2,0.006409392635408361
MIR4522,0.0064076268413294805
RP11-708B6.2,0.006407242944813141
CTC-329D1.2,0.006407227911315217
RP11-526I2.5,0.006407087862558306
ATG4D,0.006406076186311897
C4orf51,0.006405962858789474
FAM8A6P,0.006405626676070185
RP11-47A8.5,0.006405125226068411
HBM,0.006404260035621405
PTPRVP,0.006403638407930382
LENG9,0.006403444354802457
HSPE1P18,0.006403182853908823
SRGAP3-AS4,0.006402818498077847
AC008063.3,0.006401118521806103
ZNF849P,0.0064008786166369555
RP11-428K3.1,0.006400785404578008
AC106786.1,0.006400609127988613
FAM92A1P1,0.006400460066824849
TSPYL5,0.006400194793638537
HMGN4,0.006399850464403076
C1orf229,0.006397376602874877
KB-1125A3.11,0.006397023255113782
RP11-252O18.2,0.0063961707876243785
TMEM187,0.006395770084039743
SNORD113-1,0.0063953775864652625
RNU6-968P,0.006395063682169619
RP11-196B3.2,0.006394289366134157
RP11-478C6.5,0.006394118838790615
RP11-686D22.2,0.006393724367258607
RP3-355L5.5,0.006393487723934451
RP11-3D4.2,0.006391338490004854
OR7E94P,0.00638892753797422
GFOD1-AS1,0.006388735580205286
CCDC102A,0.006387897824578946
ZNF234,0.006387798916425319
MED14OS,0.006385394673080828
RP11-1072A3.3,0.0063849218323258385
VSTM2B,0.006384212958801563
DYNC1H1,0.006382411755962346
KB-1589B1.4,0.0063819322595412295
DOK6,0.006381105501573482
RP11-1148L6.9,0.006380957684434519
RP11-415F23.2,0.0063801504734011015
CFL1P5,0.006379048140291383
ZIM2,0.006378767928499739
RP11-364B6.2,0.0063780738309220375
ARL14EP,0.006377604260107085
CTD-2114J12.1,0.006376498490315506
FALEC,0.006375235795338916
AP001626.2,0.0063741173015446516
RP5-907D15.4,0.0063741103281538675
RP11-495K9.6,0.006372312506994741
CTD-2207O23.10,0.006371437112968922
LINC00992,0.006370669734951784
ATP5I,0.006370398808528182
RNA5SP429,0.0063700616149713835
RP11-732A19.9,0.00636990165682118
ZDHHC22,0.006369752206508116
RP11-432J24.5,0.006369739838766757
AC004019.10,0.0063683014879380734
MANEA-AS1,0.006367204937011664
CTB-43E15.1,0.006366533499112423
RP11-348F1.3,0.006365696072684133
XXbac-BPG181M17.5,0.006365586648301023
RP11-109M19.1,0.006365509217149044
RP5-897D18.1,0.00636513700348189
LARP1P1,0.006364312159171729
RP11-399K21.10,0.00636365373324387
TUBG1,0.006362717534620108
SOGA3,0.006362135648199407
LL0XNC01-116E7.1,0.006359641052095837
MARCKS,0.006359593227649203
RP11-777B9.1,0.006359068754694113
SERBP1P6,0.006357580373322029
CTC-241F20.4,0.00635632114808086
RP11-379B18.5,0.006355707712458546
AC010148.1,0.0063529827373365695
PCDHGA3,0.0063522888384946255
PTOV1-AS2,0.006352139106830375
IGHD2-21,0.006351314015873226
IGHV3-6,0.006349188231455719
HS3ST6,0.006346883962487131
AC005786.6,0.006346735870354672
AF064860.7,0.006346683947642071
RP11-288H12.3,0.0063463649255671144
PDLIM1P4,0.006346292664363327
AC010525.4,0.006345454768923675
TONSL-AS1,0.006344430223829545
RP11-186B7.7,0.006344330733845022
GOLGA6L10,0.006343957583588937
RNU6-342P,0.006343792412413627
KRT8P3,0.0063433889720060635
RPL12P23,0.006342659325695271
RNU6-485P,0.006342598141833777
SBDS,0.006342189267712302
RP11-744H18.1,0.006342030430531802
XYLT2,0.006338784557370813
CAMK2N2,0.006338396139371322
PTMAP5,0.006338372981309059
RPP25L,0.006338221394398009
IGHD4-11,0.006337543641457
GS1-600G8.4,0.006336545883113271
RP11-212I21.3,0.0063356700333048336
RP11-119B16.2,0.006335640180674311
MIR4740,0.006334616252036577
AP000654.5,0.006334508301163875
PRR19,0.006334067516445259
CTD-2521M24.13,0.006333987042949194
TMEM30B,0.006333667215223575
GNPTG,0.006333266062762766
ADAT3,0.006332938356056465
THAP12,0.006332759603708819
RN7SL592P,0.006332568544202215
GOLGA8T,0.006332446697481821
BMS1P8,0.006331784678679118
CTD-2576D5.4,0.006330957711429481
RP11-629P16.1,0.006330907487448286
RP11-783L4.1,0.006329619318945824
RP11-341N2.1,0.006329511998001247
RP11-312A15.3,0.006327602061666768
RP11-344P13.1,0.006327197296671052
INTS6P1,0.006326857919500333
CTD-2526A2.2,0.006326556386523051
LINC00240,0.006325781947240847
FAM27E3,0.006325698699591084
TSNAX-DISC1,0.00632451329842248
RP11-337L12.1,0.0063226198013878795
SLC25A1,0.006322019310914386
AF064860.5,0.006321101367628715
CTD-3030D20.1,0.006320656506340582
RP3-500L14.2,0.006320547021970031
RPS20P2,0.00631983896396595
EEF1A1P6,0.006319104085819667
AC083843.4,0.006318419253630103
LINC01431,0.006317936520886033
IGHJ2,0.0063174267648299165
AL022345.10,0.006314690322016033
AC025171.1,0.0063131314468934255
SERPINE3,0.006312762050325748
RBMX2P1,0.006312330903420365
PPP1R14BP2,0.006312291118564664
HADHA,0.006312188466223576
CTD-2527I21.9,0.006311576295737245
RP5-965G21.3,0.006310054402192336
SURF1,0.006308959885786287
SFTPD-AS1,0.006307536663397109
EPYC,0.006307056062721141
APOC1,0.006306821696040831
MIR222HG,0.006306650007479222
SNAP23,0.006306570724961114
RP11-334C17.3,0.0063064246965572075
TSPYL1,0.0063064166482547255
PM20D2,0.006306217977579412
MIR646HG,0.006305840494002704
ZNF787,0.0063054020549325905
RP1-59D14.5,0.006305401221618011
CTC-499J9.1,0.006304864255772276
RNU6-967P,0.006304776465182729
DGCR6L,0.006303957862974076
RP5-1099D15.1,0.006303254884707397
ZFPM1,0.00630310894795613
RP11-568J23.8,0.0063022604835146915
LHFPL3-AS2,0.006301246771169953
RPL21,0.006300998304794194
TOLLIP-AS1,0.0063004207166154555
ASB9P1,0.006299999842567017
MAN2A1,0.006299933639319498
S1PR3,0.006298382775002541
AC024560.2,0.006298079068906063
AC144835.1,0.006297517501076905
RP11-203F10.5,0.006296703301265047
HCG27,0.006296350986091018
RP11-702H23.4,0.00629609701236284
RP11-66N11.8,0.00629562307728672
LINC01104,0.006294442934173212
AC005592.2,0.0062940333443474465
SPATA5,0.0062935827594853295
RP11-196B3.1,0.0062914306278050855
RP11-177C12.4,0.006290850434774782
SLC25A35,0.006290646730805774
RP11-598D12.4,0.00629058733000254
RP1-170O19.17,0.006290278664547442
RP11-779O18.1,0.006290019342652466
COMMD2,0.006290009161142017
RP11-236F9.2,0.006289769963630879
RP11-19G24.2,0.006288244558502421
SLC25A21-AS1,0.006287667064776844
RN7SL153P,0.006284937766764562
DUXAP8,0.006284310776831239
SRD5A3-AS1,0.006284237445282273
RPL7P28,0.0062841020094225
NBPF13P,0.006281496129194237
SMIM8,0.006280708871851031
RP11-513M16.8,0.006280498643157241
RP1-79C4.4,0.006280074819717745
ADM5,0.006279611336210573
RP5-984P4.6,0.006277817660264437
CBLN4,0.006277044909663094
OR7E2P,0.006276934148795709
LINC01333,0.00627575165761162
RP11-122G18.7,0.006274183014138938
THAP12P5,0.006274096532526826
RP11-110H1.8,0.006273178655586175
RP11-661C8.2,0.006273098205070687
RP11-88G17.6,0.006272344649601132
CTD-3064C13.1,0.0062721400509094015
RP1-232L24.2,0.006271888493677408
C15orf48,0.006271005174557464
RP11-419C19.2,0.006270977177423814
AC015849.2,0.006270975690078512
MYBPH,0.006270935659903119
RP11-80B9.1,0.0062708311919152816
MIR4772,0.00627052940814812
AC010492.2,0.006270150219657973
LRRC24,0.006269569420316041
TMEM106A,0.0062693935350144
FURIN,0.006268071787367065
FOXL1,0.0062676367200423435
VIM2P,0.006265967368678299
AC099668.5,0.006264394413562494
LILRP1,0.006263928534319725
SP6,0.00626376704579214
CTC-558O2.2,0.0062634265051515784
RP13-131K19.6,0.006263180461281742
KRTAP5-4,0.00626237879230456
RNA5SP317,0.0062621567189798935
RALA,0.006262086255368188
RP11-335I12.2,0.006261509778873321
Metazoa_SRP,0.0062604852743718496
MIR99B,0.0062602389987161545
RP11-184M15.2,0.006259333218380832
RP11-564C24.1,0.0062575471215704686
CLDN23,0.006256923725321395
RP11-705O1.8,0.00625671919625943
RP11-142E9.1,0.00625663923022293
POLD2P1,0.006256430477458863
RP11-493P1.2,0.006256041070035875
RP4-742C19.13,0.006254506933215571
NUP210P3,0.006254055138442909
IGHV1-18,0.006253663804539651
FABP5,0.006253318239588829
FAM27E2,0.006253076750590144
RP5-827E24.1,0.006252955983136532
PLXNA3,0.006251939572486033
RP11-787D18.1,0.006251795758540154
RP5-915N17.11,0.006250049314778219
C5orf47,0.006250024880632261
RP11-370I10.11,0.00624938200585556
ASB16-AS1,0.006249147203590474
LINC01606,0.006248623377500001
RAB42,0.006248574059054518
RP11-12A20.7,0.006247136763350504
RP11-559M23.1,0.006246191956696607
RN7SL268P,0.006245815734934371
LINC01122,0.006244950339160145
LINC01094,0.006244714214464832
WNT5A-AS1,0.006242017463685
RP11-252A24.2,0.006241840144413414
FMO4,0.00624057022884717
CTC-351M12.1,0.006240425614311495
RP11-454K7.3,0.006240214965031886
GPR25,0.00624006525351124
FCGR2C,0.00623982417776876
RP11-886H22.1,0.006238760645976538
RP11-723O4.3,0.006238614114234897
AC006445.7,0.006238361575719156
OPA1,0.006238211004839275
TYMSOS,0.0062379687248155
FOXI3,0.006237801014553866
CTD-2013N17.1,0.006237273116060979
CYP2C9,0.006237019504862576
RP11-455I9.1,0.006236700437564583
NDUFB9P1,0.006236654259685936
OR7E66P,0.006235746895700253
PLD6,0.006235705532877281
OR13C2,0.006233405993162341
SNORD62B,0.006233221810365919
RPL7P6,0.006232175928763007
RP11-547L9.1,0.006229536894287638
RP11-190A12.9,0.006229317435564809
LINC01115,0.006228940792095437
RP11-814H16.2,0.00622711254804127
Y_RNA,0.006226823589044243
MIR6776,0.006226353131777626
IGHJ2P,0.006225683845396829
KRTAP10-1,0.006225521145271492
RN7SL8P,0.006225216573021547
LSM14A,0.006225207540152854
RP11-879F14.2,0.006224993816480164
TULP3P1,0.006224537420341434
ATP1B3-AS1,0.006224209047545809
RP11-147L13.14,0.006223532725064064
RP11-610P16.1,0.006221898087896719
EFCAB1,0.006221833728358145
RP11-438E8.2,0.0062212782598008755
RP11-274B21.13,0.0062209730624961344
HTRA4,0.00621984312578575
RP11-94C24.13,0.006219783053170139
MIR4479,0.006219625872843437
RNU7-115P,0.006219222300151797
CAPN14,0.0062191440992678225
CREG1,0.006218805912462003
RP11-804A23.4,0.0062187610397618776
RP11-111M22.4,0.0062175413658401655
RP11-849N15.3,0.006216738306430404
RP11-855O10.3,0.00621649019073504
RP5-902P8.12,0.006216405626634544
RP11-472K17.3,0.006215320392297708
RN7SL274P,0.006214762981328775
MORF4L1P1,0.006213959555383976
SHH,0.006213889302744776
RP11-166A12.1,0.0062124432593094366
C16orf82,0.006210062131004915
EIF6,0.0062096421520799775
OPN1SW,0.006209229314163789
XXbac-BPGBPG55C20.2,0.006209107054250053
AC053503.4,0.006209045020123407
AC004461.4,0.0062081922033556365
RP11-73M18.10,0.006207875177244202
XXbac-BPG32J3.20,0.006206750377071998
RP11-338K17.8,0.0062067396875145914
RP11-317J9.1,0.006206339742360651
ADRB1,0.0062056219848280305
AC012363.13,0.006205526634774581
ZNF800,0.006205070885735281
CTC-543D15.3,0.006204717536048045
RP11-941H19.2,0.00620354659630217
CTD-2010I16.1,0.006203162932273219
PRCP,0.006202930121299495
ACOT4,0.006202230793338945
AP002954.3,0.006201949021280288
CTD-2192J16.26,0.0062019366451702435
HCN4,0.0062010800524480375
RP11-204P2.3,0.006198003118741577
COX4I2,0.006197932751531127
RP11-729I10.2,0.006196490466836841
RP11-539L10.3,0.006195262522050168
PON1,0.006194717305476627
RP11-678G14.4,0.006194562009139036
GDF5,0.006193715374367964
CYP4F35P,0.006193155274574876
RP11-34H11.3,0.006192757436909887
RP4-613A2.1,0.00619142214532948
SMIM24,0.00618979777618813
LINC01076,0.006189573124279107
TNFAIP2,0.006188613590567911
MLK7-AS1,0.00618856738197915
RN7SL67P,0.006188513109045412
AC090616.2,0.00618817334632972
AC093627.12,0.006188105155995813
RP11-612B6.2,0.006186823648559566
CTD-2595P9.4,0.006186180833754239
RPS3AP40,0.006185414835841925
RP11-66B24.5,0.006185362214881226
RP11-574K11.32,0.0061845687035496436
RP11-454P21.1,0.006183436596033398
BHLHE40-AS1,0.006182826861018429
RP11-495P10.7,0.0061828171037670125
GTSE1-AS1,0.006182292119766866
AC079741.2,0.006181185212968128
RP1-169K13.3,0.006181131912528809
RP4-737E23.2,0.006180990115952866
RP11-2E11.9,0.006180924357006346
SNORA43,0.006179714007197425
AK4P1,0.006179615889154151
IGLV4-69,0.006179460202891962
HRH1,0.006178574022379134
HRASLS2,0.006178104294233767
OR52N1,0.006177992310964233
LSM4,0.00617768304311048
ZNF570,0.006176691024709485
RCN1,0.006176659517309672
RN7SL833P,0.00617657997253028
CTB-147C13.1,0.006176471250685406
RP11-69E11.4,0.006176466096384779
AC061961.2,0.006176197460477784
RP11-981P6.1,0.006175441039862705
SSTR5-AS1,0.00617427739009495
AC068831.6,0.006172555666239253
SNORD114-1,0.006172545238615146
PPP1R14A,0.006172159435546905
AC093620.5,0.006172111432837891
CRABP2,0.006171073777173669
B3GALT1,0.006170230373366501
DPYD-AS1,0.006169287288082414
RBMS3-AS3,0.00616921679792643
RP5-836N17.4,0.006168995559867532
RP11-217B1.2,0.006168910519042383
GNAI3,0.006168656845107652
VENTXP3,0.006168325960608763
RP11-328J6.1,0.006167539914129769
LINC01195,0.006167362510080814
ENO1-AS1,0.006166893816909397
AC104654.2,0.006166712681774122
XKR6,0.006165087330205968
RP3-323A16.1,0.006164479145333272
CTD-2529P6.4,0.006164173149050276
RP11-159D12.5,0.006163429433447842
RP11-568J23.2,0.006163133028400308
ZNF439,0.006161686790273474
KB-1980E6.2,0.006161544105201642
RNU6-817P,0.00616047405329216
RP11-6D1.3,0.00615978055155684
GALR2,0.006159591896684481
RP11-501J20.5,0.006159450666995678
CTD-2516K3.3,0.006159181053305122
CTB-179K24.3,0.006158925989009218
RP11-1348G14.1,0.006158284912252005
TMEM37,0.006158126237219271
RP11-517P14.2,0.00615779310359312
RNF11,0.00615762147156666
ANOS1,0.006156941719363408
SNORD114-9,0.006156128192574914
SIRPAP1,0.006156093976132737
RP4-756G23.5,0.006154938081778673
XXbac-BPG294E21.9,0.006154583755746685
RP11-356M6.1,0.006153988689775456
RP11-423H2.3,0.0061539457795288435
CTD-2341M24.1,0.006153749263232384
RP11-547C13.1,0.006152619580134406
AC079781.8,0.006152606343431675
ZNF14,0.006152496649450195
ZNF213-AS1,0.006152402669081764
RP11-554F20.1,0.006151433931531225
GOLGA8IP,0.006150544714851457
VTI1BP1,0.006150269288525459
RP11-29B2.6,0.006149977396027455
RP11-613F22.7,0.006149252023584645
RP11-810P12.7,0.006148061577814954
PIGU,0.006147850307372253
C19orf18,0.006147336647641987
RIMBP3C,0.006146735555860838
MIR4666A,0.006146645908003175
RNU6-1146P,0.0061466158650819004
ZNF114,0.006146256066767979
MAOA,0.006145920419669962
DLL3,0.006145820418023503
TTPA,0.006145684784251468
RP11-60L3.3,0.006143335518279316
GAPDHP76,0.00614255590781134
PCF11,0.006141571857719579
RP13-870H17.3,0.006141406469455946
AC074117.13,0.0061413621689923
IFNL3P1,0.006141260731007695
RP11-213G2.5,0.006140984821598471
CTC-498J12.1,0.006140784257574352
ANKRD18B,0.006140250742590059
ST3GAL6-AS1,0.006136885540831069
RP5-827C21.4,0.006136339784374094
RN7SKP26,0.006135761373377594
MAP3K5,0.006135456239431753
LINC00574,0.006134343233323321
RP5-1052I5.2,0.006132303812612872
RP11-384J4.2,0.006132276008019377
AC009948.5,0.006131155322920652
RP11-23P13.6,0.00613093895384756
TLL2,0.006130914171620105
RP11-405A12.2,0.006130742506784662
AC006042.8,0.00613050039893541
TUBB4B,0.006130466424977949
AC069542.1,0.006130361799104878
AKAP3,0.006130322725328661
RP11-10H3.1,0.0061303219355377594
TAOK1,0.006130023051458766
LINC01448,0.00612910632196594
RP11-449D8.5,0.006128828916084086
SLC27A5,0.006128423026373703
TMEM47,0.006127665659904915
MRPS28,0.006127581774948256
CYP3A52P,0.006126425024972745
CTD-2006H14.2,0.006125986221691339
RP11-379F4.6,0.00612258290144863
RP11-680F8.3,0.006122279132306083
MVD,0.006122226635642441
ID4,0.00612153258200195
snoU109,0.006121109709816703
TRAJ42,0.006121022715535353
LINC01474,0.006120903523356482
SCRT2,0.006116450923026576
RAP2A,0.006116203957752381
TRAJ38,0.0061156604532295235
KBTBD7,0.006115071080306715
RP11-632K20.6,0.00611484204864039
CTD-2184D3.7,0.006114835722564167
RP11-582E3.6,0.0061147796908315654
HMGB3P1,0.006113796253171454
RPL13AP23,0.006111624262992693
TUBB8P2,0.006110604151498313
RP11-317G6.1,0.006108499805791944
PEX5L-AS1,0.0061064674485780505
RP11-762H8.3,0.0061059181133876796
LGALS4,0.006105748591405653
RP11-143K11.7,0.006105667047644714
ENHO,0.006105159743659315
AP000350.10,0.006105013848378856
RP11-59C5.3,0.0061042932229194375
AC027124.2,0.0061039148074405625
AF003625.3,0.006103866635318132
RP11-354E23.5,0.006103518218900722
DEPDC7,0.006103147816667524
RP11-961A15.3,0.006102087841605339
ENPP7P8,0.006101132331584314
RHOG,0.006101041135177095
NAT16,0.006100742439026242
CTB-92J24.2,0.006099418242963803
RP11-295P9.3,0.006099129491714611
RP13-297E16.4,0.006098623777714802
SLC25A24P2,0.006098241160225955
AC020594.5,0.006097875367456044
RP11-80H8.4,0.0060975046149364
CLRN1-AS1,0.006097329482720848
RP11-150O12.4,0.006097253797678711
CNOT11,0.006096769688718044
RPAP2,0.006096554041618126
NDST4,0.006095626250451847
FDPSP7,0.006092732349318984
CTB-63M22.1,0.006092280016159721
RP4-595K12.2,0.006091060877834297
HTRA3,0.0060901114272066395
RP11-863P13.6,0.006088500630305087
MIR7158,0.006087310452245966
Metazoa_SRP,0.006085761834773889
RNU6-878P,0.006085718368306232
RP11-1136G11.8,0.006083385854400271
CTC-756D1.2,0.00608312465909359
RP11-103J8.1,0.006082822965511766
RP11-707G14.8,0.006081750001455824
FAM27E4,0.006081229638406247
RP11-802E16.3,0.00608104518440168
ZNF876P,0.00608030250398226
MYO19,0.00608005156508276
CTD-2199O4.3,0.006079852221211206
MIR3939,0.006079410415712871
CSRP2,0.006079202593201643
MIR568,0.0060789710663542405
MED28P7,0.0060789391716444055
PLA2G4C-AS1,0.006078542057251032
Y_RNA,0.006077045685468048
DUSP27,0.006076758724719884
IFNL3,0.006075416721897931
KLRC2,0.006074597645850878
RP11-324P9.1,0.006072017111261992
AC005786.5,0.006071398198521719
ZEB2-AS1,0.006069897240250652
ALDH1B1,0.0060684743849558145
RP11-326N17.2,0.0060680156483928
LINC00284,0.006066732767173064
RPS29P15,0.006064628151997683
RP3-405J10.4,0.006064389324778193
ZCCHC2,0.006064232372472313
KCNU1,0.0060637805066824264
ONECUT2,0.006063067450772569
XX-CR54.1,0.006060835450535158
ITGA9-AS1,0.006060423637200586
GGTLC4P,0.006059865134170722
RP11-2E11.6,0.0060597548334609605
RP11-386M24.10,0.006057338881447809
CTB-176F20.3,0.006057273360069418
RP11-356C4.6,0.006057230997142556
RP11-407H12.8,0.00605674208054018
RP11-513G11.4,0.0060564833106656925
BANF1P2,0.006055676839595102
C2orf88,0.006055632429676187
SOWAHC,0.006055417265811637
TRNAU1AP,0.006055079381860007
RP11-163O19.11,0.006055029853822305
RP11-20G13.3,0.00605475521283364
CRIP2,0.0060540800802213615
RP11-120K24.4,0.0060529085204068375
C4orf32,0.006052692294075898
RP1-302G2.5,0.006049769876562497
AP000704.5,0.0060492860106215116
RNU6ATAC24P,0.006048982126044179
RP11-10A14.4,0.006048227626999795
RP11-73M7.9,0.006047725217396606
C1QTNF9B,0.0060460953056918985
TBPL1,0.006044908282540266
MZT1P2,0.006044278024669068
GPR180,0.006043906995854166
COX14,0.006043903678410661
FAM157B,0.006042647535784038
EXOC3L2,0.0060423629229323615
RPS4XP22,0.006041127274301943
RP11-342A23.2,0.006040912555857296
RP11-757A13.1,0.006040884023700559
ZNF792,0.006040826322726308
HOXA7,0.006040290846735625
CTD-2072I24.1,0.0060390027861323015
B3GALT4,0.006038213383394615
DTX4,0.006037885113966983
RP11-69L16.6,0.0060378239036021145
TAPT1-AS1,0.006037637753492881
RP11-248B24.1,0.00603728196700132
AC007392.3,0.006036896019903833
TCAF1,0.006036568233725653
ATG16L2,0.0060360631065941505
RP4-631H13.4,0.006035815476149848
IGHV3-53,0.006035458051453733
FKBP11,0.006035442839849784
KRT18P46,0.006035278861077957
Y_RNA,0.006030915850824569
LINC00440,0.006030835263447425
RP11-467H10.2,0.006029321105139827
Y_RNA,0.0060288060780960065
B3GAT3,0.006027878557790208
RP11-268G12.3,0.0060270462982700305
ZNF569,0.006026748486218071
LINC01498,0.0060257862890549145
AC145124.2,0.0060244679347474525
RP11-318A15.2,0.006023260376913917
CADM2-AS1,0.006022315212921754
TBC1D3K,0.00602162769156453
CTD-2196E14.3,0.006020775270868124
RP11-616M22.11,0.006020284527984546
RP11-240M16.1,0.006019515628164773
RN7SL394P,0.006018917840411402
RP11-153M7.5,0.006017946467279025
AC023469.1,0.0060179227557256845
LINC00689,0.0060164478596330725
RP11-187E13.1,0.006015710711235661
RP1-149A16.17,0.006015198007603971
RP11-73M18.6,0.006014631799311819
RP1-199J3.6,0.006014076544833856
MGC15885,0.006013413738937908
C2orf91,0.006013383650390586
SZT2-AS1,0.006013130885998419
RP11-121C6.5,0.006013003373452778
ARID3C,0.00601274889521258
CTA-941F9.10,0.006012056706523465
SNORD116-4,0.0060106963626914535
EID3,0.006009798968056954
RP11-425D10.10,0.006009291185533592
CHMP6,0.0060089340627223365
IGLV1-62,0.006008649612923534
MIR5693,0.0060082462241401275
TRGV11,0.006006009603460333
RPL37P6,0.006003375532782448
NCLP1,0.00600336836677801
RP11-343C2.11,0.0060028851979604435
ABCE1,0.006002110423532484
Y_RNA,0.006001079564027336
AC114814.2,0.0060007130700248075
DGUOK-AS1,0.006000537541967778
MIR138-1,0.005999764918975167
AL137067.1,0.0059980418848455674
MIR4730,0.005997859712349933
JRKL,0.005997462866432622
RP11-325P15.2,0.0059972480361195814
PTPN4,0.00599717102797294
MIR6781,0.005995640878321585
IGHD2-2,0.005995107131654791
RP11-1023L17.1,0.005993263025935646
RP11-168K11.2,0.0059927844022770824
RP11-712C19.1,0.0059926170039903085
RP11-83B20.4,0.005992415898102507
SPTY2D1-AS1,0.005992325223995912
SSSCA1,0.005991084358308932
CEP57,0.005990744211067036
DHFRP2,0.00599033889191738
RP11-390B4.3,0.0059900692301094426
HAND2,0.005989877067704878
HGH1,0.00598844682187478
RP11-677M24.1,0.005986588859876863
PHLDB3,0.005986314487532206
RP11-166B2.3,0.005986001145497463
RP11-365N19.2,0.0059859815939697645
ACAD11,0.005985829333184774
ZFP28,0.005985813381895762
RPL18AP2,0.005983664008622955
JMY,0.005983167479268422
RNU6-323P,0.00598196444889926
OR10H1,0.005980942662285957
SMIM9,0.005980831463447166
RP11-456H18.2,0.005979458227249583
ATP1B3,0.005979250379077054
ZNF793-AS1,0.005978676939655347
CYP4A26P,0.005978048881633444
RP1-67A8.3,0.005976876212337222
PQLC2L,0.00597674853937757
CTC-428G20.6,0.005976561252334957
RNA5SP247,0.005976349972696519
KRT89P,0.005974025885496263
RP11-439C15.5,0.005973677665449084
RP11-36I17.2,0.005973544808628369
RP11-227G15.10,0.005972477117872772
RP11-697K23.3,0.005971997267485565
RP11-432M24.4,0.0059713925993104995
GAPDHP14,0.005971028417237436
SNORD116-2,0.005970913959847547
SH3RF3-AS1,0.005970602386302209
RP11-354I13.2,0.005969851112501041
LINC01341,0.005969646924628178
NMRAL2P,0.005969412353553827
RP11-173A8.2,0.0059679910429961186
RP11-1036E20.9,0.005967275601682577
ALG11,0.005965601678491782
COLCA1,0.005964905506705598
EFNA2,0.0059648611022963685
CMTM8,0.0059641273363512165
SNORD67,0.0059641138838753445
MAK16,0.005963593342679433
LINC01600,0.005962732896939493
MIR23C,0.005961139852525911
SNORD69,0.0059608605276520515
CTD-3092A11.2,0.005958858521871025
RP11-425D10.1,0.005957793482883495
AF246928.1,0.005957314869496934
SGK223,0.005957046723825158
PCGF7P,0.005955832730287168
ETFB,0.005955598372458703
INHBA-AS1,0.005955412838871073
RP11-1191J2.5,0.005955317092277312
SNORA11,0.005955301276651302
ISPD,0.005954778997023429
TUB,0.005954378995302919
RNA5SP465,0.005954173849515912
AC011380.1,0.005952683720168177
NGF,0.005952604998794847
RP11-256L11.3,0.005951996990719511
LMLN-AS1,0.005951950354925107
RP11-762H8.5,0.005951914974115539
Y_RNA,0.005950736394183602
RP3-414A15.2,0.00594956980133786
ZNF99,0.005949150040353117
MAPT-AS1,0.005948169446190271
SNORA80B,0.005946552388756573
RP1-164F3.8,0.005946133186039984
ESPNP,0.00594605360374138
MIR326,0.005945670080027305
WEE1,0.0059447614011778754
RNU6-1016P,0.005944343820141721
FAM106A,0.005943354949499552
LINC01136,0.005942490711293775
ZNF407,0.005942373171198377
RPS3AP34,0.00594236254746798
AC009060.2,0.005942254259340323
EXOSC5,0.005941890302134994
RP11-155G14.1,0.00594178200123923
RP11-452G18.1,0.005941763365768504
COX8A,0.005940635920627694
PSMC1P9,0.005940616382633957
Y_RNA,0.00594033691505089
DNMBP-AS1,0.005940258630026809
MIR4731,0.005939333822067105
RP11-706D8.3,0.005937867904896566
RTP4,0.005937574244347968
RP1-161N10.1,0.005937531787578905
LINC01393,0.005937501525351848
AC093642.5,0.00593599090774916
Y_RNA,0.005935566682164626
RNU6ATAC42P,0.005934782674852896
PHKA2-AS1,0.005933849126570018
RP1-41C23.1,0.005933437984977343
APOD,0.005931155342955641
GNL2P1,0.0059307769342967906
CDC34,0.0059300470392192675
IL9RP3,0.005929052321034115
RP13-895J2.3,0.005928812087626143
CTD-2014B16.5,0.005928737827522808
AC108868.3,0.005928563407602837
MT1L,0.005928015584415165
RP11-132N15.3,0.005927206121992806
RP11-48B3.4,0.0059263647882839355
TNRC6C-AS1,0.005926290899053053
ARHGEF38-IT1,0.005926099969419318
RP13-539J13.1,0.005925592533092275
RP11-327P2.5,0.005924973221414875
RP11-261N11.8,0.005924881179529645
CTD-2008P7.1,0.00592460352801682
RP3-412A9.16,0.005920227482756625
CCDC87,0.005919889460562895
WASH7P,0.0059195610869002485
AC011718.2,0.005917946310972416
AC008622.1,0.0059176977923187735
HMGA1P8,0.005914647052526545
ASH1L,0.005913604350650724
VSIG8,0.005913510969272965
MIR3168,0.005913463596971964
RP11-4B16.4,0.005911329508669273
PRR29-AS1,0.005909770120185134
RP11-104F15.9,0.005909617828285052
RP11-1430O6.1,0.005909259531794255
RP11-561I11.3,0.005908476598038133
C9orf92,0.005908404627129569
AC079922.2,0.005907821277241201
CTC-559E9.4,0.005907564667921622
CTD-2349P21.12,0.0059074703341567055
PPP1R26P1,0.005907392842491304
MIR10B,0.005907227512121465
CTD-2542C24.3,0.005906755061486486
TPBGL,0.005906439996319945
PCSK2,0.005906131246877678
SNHG10,0.005906016214108903
RP11-92B11.3,0.005905837924626061
LRRC52,0.005905720944450047
TDO2,0.005904964236330121
RP1-101K10.6,0.005904077693796544
IGHV1-67,0.00590378439651291
RP1-191J18.66,0.00590307617120138
RPS26P28,0.005902661949196851
TFF1,0.0059021453963776635
MIR6864,0.005901141377670234
AC092159.1,0.00590055803036117
SDHAF1,0.005900086017861073
GOLGA6L7P,0.005898959320605314
IGHJ3P,0.005898766115847156
RP13-616I3.1,0.005898451266469595
RP11-134G8.5,0.0058982012234459836
AF131215.9,0.005898154170585055
CCDC106,0.005898060500634633
CTD-2542C24.2,0.005897979134569503
RP11-363N22.3,0.005897779301052696
PCDHB14,0.005897543908540575
RP11-264E20.1,0.005897154336665615
FAM27C,0.005896870554980728
PPY2P,0.00589664587591225
RP11-358N4.3,0.005896530679159184
RP11-1055B8.3,0.005895315628702174
RP1-153P14.8,0.005893557727244438
RP11-279F6.2,0.005893286068598994
RNU7-192P,0.0058932449874579745
AC007880.1,0.0058929913214404465
MIR6858,0.005892958532005521
RNA5SP61,0.005889885135614044
OIP5-AS1,0.005888147930956247
RP11-115C21.2,0.005887315831958154
RP11-571L19.8,0.00588682574147466
USP51,0.005886630283163211
FOXL2,0.005885540736475062
MIR100HG,0.005885277364994104
CTD-2530N21.4,0.005884930197725247
FAM174A,0.005884196640172121
RP11-1277A3.3,0.005884084770298877
RP11-15B24.5,0.005883856220953311
RP11-476D10.1,0.005883147630002477
NAP1L2,0.005882780362602036
RP11-307N16.6,0.005882361588242503
RP11-503D12.1,0.005881780034732732
XKR7,0.005881498073699342
KLHL23,0.005881232919580286
CTC-472C24.1,0.00588121646858466
RN7SKP43,0.0058810783116931605
CTD-2014B16.3,0.0058797115025006185
RBM7,0.005879355966374283
FRG2FP,0.005879301037293294
RP11-317F20.3,0.005878872759552378
CTAGE16P,0.005878378418663921
MIR762HG,0.005877674956236875
Y_RNA,0.005877661426842057
RP1-137K24.1,0.005877307342646469
LINC00659,0.00587701865830606
CDRT15P1,0.005876534876885202
RP11-174N3.4,0.005875133981226159
MGMT,0.005874643143717261
TRBV20OR9-2,0.0058745359866980065
RP1-161P9.5,0.005874523733660109
RP11-386M24.6,0.005874368291599562
AC000123.2,0.005874041534446837
PGM5P2,0.005874019667788241
IGLV1-47,0.005873266198048755
C2orf48,0.005873125889755864
RP11-622A1.1,0.005872317475824054
TBC1D3B,0.005871755799488565
IGHV3OR16-13,0.005871564583075467
TMOD2,0.005871230261628888
SRP68P2,0.005870798964439334
RP11-602N24.3,0.0058703969294363716
AP001056.1,0.005869642596967194
RP11-277P12.9,0.0058693878559291585
CHPT1,0.005869025040894085
BATF,0.0058689762547535565
AC007557.3,0.005868342873191128
POLR2M,0.005867958702581865
AZGP1P2,0.005867872866007239
TTC3P1,0.00586770893656934
RP11-463I20.2,0.005866422571598086
RP11-701H24.8,0.005866168907844161
DLEU7,0.005866005972004853
RP11-1008C21.1,0.0058656758936103445
TANGO6,0.005864655845478187
RP11-357G3.2,0.005864421073109157
RASL12,0.005864345278146062
ZNF667-AS1,0.005863359782848697
RP5-1039K5.16,0.005862795776856825
C1orf145,0.005861963312880744
RNASE2,0.005860069339602611
RP11-327F22.6,0.005859585886889583
RP11-295D4.3,0.005859444032509778
RP11-346D14.1,0.005858901319629097
RP1-228P16.1,0.005857719565514037
XPOTP1,0.0058575807669605925
RP11-575F12.3,0.005857379315601597
RN7SL219P,0.005857367291187796
RP11-768F21.1,0.00585694552595682
RP11-783K16.5,0.005856167020997784
RP11-700H6.1,0.005856102202719499
PIK3R4,0.0058555606855794085
C8orf58,0.005855400483047599
RNU2-19P,0.00585510127024574
RPL21P32,0.005854679493762529
PTP4A2P2,0.005854337464583361
KRT72,0.005852281866563195
ZRANB2-AS1,0.005852024051692198
RP11-212D19.5,0.005851107439950668
HSPE1P9,0.0058509676971568135
METTL15P3,0.005850146427879944
RP11-100M12.2,0.005849334670115884
ERVK-28,0.005849127765733406
ACA64,0.005847829916148036
CKS1BP2,0.005847096307939012
LINC00501,0.005846876621078456
GINS2,0.005846642634554793
C1orf132,0.005846518631671395
IQCF4,0.005846359979863847
NDUFB7,0.005846027708538632
TUFM,0.0058450960826064175
CTC-235G5.3,0.005845041167095586
RP4-550H1.5,0.0058449062383786905
FAM222A-AS1,0.005844654326278403
TTC37,0.005844456731367149
RP11-141O15.1,0.005844085206508385
CTB-138E5.1,0.00584378243762932
LINC01500,0.005842980539279042
GS1-5L10.1,0.005842169079926668
CTA-228A9.4,0.005841941118142474
DUSP8P3,0.005841909259084611
KRT8P15,0.005841668124819514
RP11-202H2.1,0.005841093515305265
LINC01415,0.0058406337396031864
CAPN7,0.00583942708100303
LA16c-312E8.4,0.0058391598838796075
RP5-1033H2.1,0.005839114234260529
FLJ45079,0.005838121131335059
AC128709.3,0.00583706740571129
ANKRD18EP,0.0058364276333371335
AC024361.1,0.005836189191942878
ZNF879,0.005835540116771916
RP11-394O2.3,0.005833556681654167
NBPF1,0.005833364954387392
GNMT,0.00583319145957756
LDHAL6B,0.005832695389831135
UNGP3,0.005832247133172361
RPL23AP32,0.005832175279681302
RP11-840I19.5,0.005831868946998964
AP000295.9,0.005830489304326061
VN2R17P,0.005830299345282793
RP11-517I3.1,0.005829828986857684
RP11-134N1.2,0.005829556003690061
RGAG4,0.005829109880222292
ITGB8,0.005828646542820607
RP4-533D7.6,0.005828625203209489
POP1,0.0058283867886220544
RP11-544O24.2,0.005827963281988346
CTD-2349P21.9,0.005827809638892513
U47924.31,0.00582679052147266
CPEB1,0.005826502063497984
MYCBP2-AS1,0.0058261569585439585
CTC-523E23.4,0.00582614302546307
RP11-447D11.3,0.005823513194904112
RP11-57H14.2,0.0058231852651411
OLFM5P,0.005823127012420168
RPS12,0.005822855522487342
RP11-616M22.2,0.005821864929206404
RPL23AP10,0.0058212622106834635
AC007750.5,0.005820378571173398
GOLGA8N,0.0058200973125120195
AC019050.1,0.005819486097375418
RP11-255E6.5,0.005819224909436843
ZNF492,0.005816759723270951
RP11-881M11.1,0.005816613719592116
RP11-245D16.4,0.005816136397343775
MYDGF,0.005816130969762593
RP11-140A10.3,0.005816044560277627
CLCN3P1,0.005815212942919217
SLC40A1,0.005814683538838635
C11orf45,0.005814169131277367
RP5-1049N15.2,0.005814007104048954
KCNA3,0.005813075631778554
CDKN2AIPNL,0.005812953807229223
PPP4R3B,0.005812031930343169
MIR5585,0.005811097777224029
RP11-1C8.4,0.005810297053747295
RNF144A-AS1,0.005808544537786634
RP11-1029J19.4,0.005808484650726672
SH3D21,0.005808268890807971
RNU6-1137P,0.005807849310863406
ARRDC1-AS1,0.005807752700569095
TACO1,0.005807534979262694
VAV1,0.005807190958229916
C14orf132,0.005805872401396434
VRTN,0.005805426581445326
CTD-2336H13.2,0.005805352199796843
RPL31P11,0.005804884669178524
RP11-459I19.1,0.005804426312192373
RP5-1189B24.1,0.005804327271732861
RP11-91G21.1,0.005803340432464016
RP11-283I3.2,0.005802826732852619
RP11-272B17.2,0.005802262445490681
AC093702.1,0.005801653320814657
RP11-134D3.1,0.005800690147349261
TIGAR,0.005800451026306836
UBTD2,0.005800070898344927
CYS1,0.005799246579689681
SDF2,0.00579911853369215
RP11-108P20.2,0.00579909716780093
SNORD56,0.005798697469765427
LINC00484,0.005797677104768664
RP11-556I14.1,0.005797282349266634
RXFP3,0.005796462130098696
RP11-159D12.2,0.005796198876787464
FGF7P7,0.0057951893934259265
AC023115.2,0.0057949976060892505
RP11-109N23.1,0.005794931012657748
RP11-115D19.3,0.00579481173484404
AC006994.2,0.005794646581140116
CTD-2555O16.4,0.005794513432905069
NOTCH3,0.005793777330941306
DNM1P38,0.005792376366316623
HCAR3,0.005792194747251673
LAMTOR4,0.005791784310500631
RP1-135L22.1,0.005791660306181734
STMN1P1,0.005791392055356974
RP11-313J2.1,0.005791054512625841
MIR6804,0.0057902179210981555
MS4A6E,0.0057894889476179465
CSTF2T,0.005789050291341294
RP11-973D8.5,0.005788785585921225
AC114752.3,0.005788740785601354
RP11-316K19.3,0.00578869947735349
RP11-360D2.2,0.0057884433108302685
AC005592.3,0.00578798834530965
RP5-899B16.1,0.005787988028264356
MT-ND5,0.00578753681463345
RP11-109A6.3,0.005786450581746191
RP11-753N8.1,0.005786083428445194
RP5-1186P10.2,0.005784969702264734
RP11-23J9.4,0.005784351997340082
IGIP,0.005783846150719554
GOLGA2P9,0.005783436903474532
MIR561,0.005783150105620874
SMAD9-IT1,0.005782617939748224
SRSF10P1,0.005781954568363376
RP11-359J14.2,0.005781255677221949
CTD-2135D7.5,0.005780250391230777
RP1-196A12.1,0.0057799068358870736
RPL17P50,0.005779231814535207
SNHG7,0.005778105327687916
RP5-994D16.9,0.005777831670322458
RP11-261P13.6,0.0057773293420483865
FAM210B,0.005777319619374495
RP11-159D12.6,0.005775219078870434
MEIS3P1,0.005773524785571357
LINC00619,0.005772724413622674
RP11-111I12.1,0.005772411240176464
RP11-820I16.3,0.005772383321915034
SNORA7,0.005771968185477029
AC004158.1,0.0057712393873856314
LINC01348,0.005770101060542597
LINC01597,0.005770046368592329
OVCH1,0.005768628491515908
ZNF225,0.005768039272632884
PDIA4,0.005767745916031595
PDE4DIPP1,0.005767560719680086
SNORD19,0.005767543270016124
RP11-618K16.4,0.005766849476815508
AC022182.3,0.005766652684505163
RP11-561O23.7,0.005766416115576873
RPL36AP15,0.0057661906324149095
VMP1,0.0057657079094884656
PCDHA9,0.005765315273905965
CTD-2619J13.5,0.0057646492357681335
SLC39A2,0.005763307014615247
RP11-473E2.4,0.00576329261216892
DDX10P1,0.005763222913135618
COA4,0.00576312653624847
RP11-159N11.3,0.005762494419720477
LINC01170,0.0057622235579335174
CTD-2339F6.1,0.005762026387438258
MIR3976HG,0.005761519629568307
SCNN1G,0.0057614992361027535
SMPD4P1,0.005761249951924824
RP11-150C16.1,0.005760877170256772
NRIP3,0.0057598147874855805
RP11-771K4.1,0.005759147944200146
GS1-24F4.2,0.005758615256292443
RP11-214K3.19,0.005758546870810234
IGHD6-19,0.005758488734972972
FBLL1,0.0057575919111289495
CTD-2588E21.1,0.005756903804244841
RP1-310O13.13,0.00575574982407878
CATIP-AS2,0.005755583379551358
RP11-521B24.3,0.005755323195097399
HCG4P7,0.005755203388165199
RP11-127B20.3,0.005754514613795125
PPP1R26,0.005754159315554543
BLOC1S1,0.005753557936102864
OR2B6,0.005753066378187023
IGLL5,0.005752972151310047
RELL2,0.005752396443909104
CA5A,0.005751918093606035
RP11-337C18.10,0.005751917458369966
RP11-706O15.3,0.0057509382291340535
MIR6075,0.005750828530639377
SMIM13,0.005750807106431278
PURB,0.00574993559302055
TMEM223,0.0057485781437165194
BTNL2,0.005748082115530564
Y_RNA,0.005747442614088333
RPS6P12,0.005747065843936326
RP13-554M15.7,0.005746678322916334
RP11-527D7.1,0.005746146449394413
RP11-350N15.5,0.005744695791316705
CNTFR-AS1,0.005743570999421425
TXNDC5,0.005743034946611394
CTC-435M10.3,0.005741148546086764
SLC29A4,0.005740705521169947
RP11-532F6.4,0.005739563745757166
CTD-2649C14.3,0.005738523820091184
AC104653.1,0.005738521642204856
AC087651.2,0.005737526902191538
PRRT4,0.005737513054985144
RP11-488L18.10,0.005736767676801529
AC012506.1,0.005735706521921223
NOCT,0.00573533756052943
CTC-542B22.2,0.005733881784323108
Z84812.4,0.005733565018664523
ACKR3,0.005732670009639997
G6PC3,0.005732102630281056
FRY-AS1,0.005731481449498484
PSMB3,0.00573144925477241
PLPP7,0.005730309453059084
CYC1,0.005729682291633224
RP11-544L8__B.4,0.005729638652140731
FLJ20021,0.00572962599932863
RP11-67L2.2,0.005729359021550851
RP11-452L6.1,0.0057289331443570735
BSN-AS2,0.005726727945854124
SNORD116-24,0.005726656488854383
FTLP12,0.0057256281346440615
GS1-393G12.13,0.005724940232576853
LINC01089,0.005724352187255051
RP1-80N2.3,0.005723312034355429
AC084149.2,0.00572273921428814
RP11-685B14.3,0.005722530442924779
ERAS,0.005722331333520398
UFL1,0.005721504881829607
ABHD17AP5,0.005721071539980524
LINC00578,0.0057207308332657214
ZNF48,0.005720668438807572
HP,0.005719731099256826
CTD-2027I19.2,0.005718961954374644
CTD-2531D15.4,0.005718541450341518
RP11-20I20.1,0.0057185296393157245
AC004893.11,0.005717135713957229
ISX-AS1,0.005717098756187527
C9orf40,0.005716870911665195
ANKRD61,0.0057166762614746704
TRAJ41,0.005716284650939573
CTD-2583P5.3,0.005715374687977671
PLA2G2A,0.005714898121557947
AC093850.1,0.005714677477139321
VPS25,0.005713447044481441
RP3-369A17.4,0.005712647037304328
RP11-496D24.2,0.005712217878583153
PDCD2L,0.005711985625963194
FANCM,0.005711404784293301
RP11-419K12.1,0.0057110824609229996
MIR4697HG,0.005709930636018119
PKI55,0.005707829522319369
ZNF670,0.005707668969383519
RNU4-62P,0.005706939494614138
CTC-573M9.1,0.005706928855371619
ATMIN,0.005706043992140141
RP11-479O9.3,0.005705802396263869
RAB21,0.005705725346878189
RP3-331H24.7,0.005704229746029969
RP11-703I16.3,0.005703860598241774
CTD-3023L14.3,0.005703615992474802
RP11-169K16.4,0.005703236008853907
GS1-124K5.4,0.005703190414961623
RP11-123B3.2,0.005703180795091738
AGA,0.005701819325388194
AP003068.9,0.005701641108480954
KB-1836B5.4,0.005701159954021566
CTC-525D6.1,0.005699753623969253
ARL16,0.0056994705335351595
CHMP4B,0.005698867171351097
GTF2IP14,0.005698479470247947
VDAC1P13,0.005697315840927219
RP11-218F10.3,0.005696916986468718
RP3-448I9.2,0.005695634164350582
CTC-492K19.4,0.00569522683001073
RP1-111C20.4,0.005694978500516299
RBP3,0.0056948942676776845
PHF2,0.005693913286946251
AP000640.2,0.005693801615538933
RP1-76B20.11,0.005693749602202271
TEKT4,0.0056928337423178535
RP5-1125A11.6,0.005692166835935408
AP001619.2,0.00569061061430819
ELOVL4,0.0056901095476490585
PABPN1,0.005688983677036155
RP11-64C12.4,0.00568881313696733
RNU6-103P,0.005687833012719954
AF127936.9,0.0056876379177101775
RRM1-AS1,0.0056875443911638904
ITGB1BP2,0.005686872491736882
RP11-552D8.1,0.005686188505194023
CH17-262A2.1,0.005686052323765607
BCL2L2,0.0056859897619474095
AC073657.1,0.005685519539150787
CTD-2267D19.4,0.0056848911989876
CTA-796E4.4,0.0056843616965006226
LINC00316,0.005684341448083048
MIR1271,0.005683766240183452
CTD-2555A7.2,0.005683263210452553
DYNLT3P1,0.005683086451121806
ZBTB2,0.005682873611996215
RHOXF1-AS1,0.005682783331799575
OR52K3P,0.005682753182763299
MIR33A,0.005682722433083036
UTP14C,0.005682559193914908
LINC00563,0.005681214291791513
MT2A,0.005680634437326388
RP1-92O14.3,0.005680457505014244
RP11-285F7.2,0.0056784911004455485
CTC-277H1.7,0.005677109446567307
AC083867.4,0.005675978233486807
AC013463.2,0.0056747760506696285
RP11-734K23.9,0.005674266690518016
RP11-434C1.6,0.005673660181198769
LINC01553,0.005673611080634477
ABTB2,0.005672309931790268
RP11-378A12.1,0.005671919611931858
RP1-296L11.1,0.005671918664687544
U3,0.005671689184479272
RP11-550F7.1,0.005671408262460218
NANOGNBP3,0.005671097282146661
SMCO2,0.005670778524202075
IPMKP1,0.005670187306333615
DDTP1,0.005668394988277443
RP11-197O8.1,0.005668359841395056
CTD-2284J15.1,0.0056683545581883744
HIGD2B,0.005668184544380721
MIR374B,0.005667506904795095
RP11-290F5.2,0.005667023947873631
RP5-1056H1.2,0.005666840299034036
POLR2I,0.0056668154414429815
AC009404.2,0.005666800144799904
ETV5,0.005666233876333533
RP5-1025A1.3,0.00566583094883762
RP5-1011O1.2,0.005665685635472333
FAM86EP,0.005664470487123634
RP4-669K10.8,0.005662121880255531
RP11-421M1.8,0.0056604152597012165
DCTN1-AS1,0.005660376304952164
RP11-482M8.1,0.005659502292589558
C6orf229,0.005658835594659877
SLC35D1,0.005658821999929069
PRR5-ARHGAP8,0.005658290073973542
TWISTNB,0.00565803673668677
HES7,0.005657845786744464
RP1-13D10.2,0.005656545019075503
AC007204.3,0.005655905116759355
ANOS2P,0.0056558728972925625
FLRT1,0.005655550200955625
CTC-281M20.1,0.005654883260512407
BRI3P1,0.00565419661271172
AP001046.6,0.005653517647023961
RP11-1166P10.8,0.0056529237065662
LIPN,0.005652902385892347
DHRS11,0.005652797397434095
SNX18P7,0.0056509201878136295
RP6-74O6.2,0.005650823852663798
RP11-715J22.4,0.005650507263452253
LRIT1,0.00564959421550236
RP11-141C7.3,0.005649509541189103
ZBTB46,0.005647870237670832
RSL24D1P9,0.005646693772105048
CNTD1,0.005646671007760791
TEN1,0.00564641542066312
HACD2,0.0056463457783948725
RP11-1166P10.1,0.0056455566093493136
EXOSC3P2,0.005645381712015885
RP11-373N22.3,0.005644779995226154
FNDC8,0.005644637205496775
AC093627.11,0.005644471669359766
RP11-87C12.6,0.005643972750012248
RP11-132M7.2,0.005643547031517504
ANO8,0.005642866863288688
SCAMP3,0.0056419000271820995
RP11-149P24.1,0.005641616236479542
AC006129.1,0.005640401273818423
RP11-85O21.2,0.005640277591455125
XRN2,0.005639813757726753
AC131263.1,0.005639175385982031
CCL13,0.005639129330129229
RP11-174G6.5,0.005639072221485093
STK17A,0.005638368115413954
AC000124.1,0.005637433067494527
AC012354.6,0.005636080387531689
AC007255.8,0.005635547689389784
RP13-297E16.5,0.005634009698426487
OXSR1,0.005633897930151308
RP11-203H19.2,0.005633806246073571
CTD-2124B8.2,0.005633067304108667
RP11-260A9.6,0.005632782733442382
TEX2,0.005630707294311304
LINC01583,0.0056298530072309075
AP000438.2,0.005629467337033691
RP5-1157M23.2,0.005628188537085382
MARCH3,0.005627345120647245
SESN3,0.005626005505309671
RP11-644F5.11,0.005624563228838277
CTSLP8,0.005624492221466648
CTB-118N6.2,0.005623605808514793
C2orf69,0.005623005103294173
PAPPA,0.005622457057590063
RP4-784A16.1,0.005621370509637682
IFNB1,0.005620693709855146
RP11-446F3.2,0.005620117230182664
RP11-31H5.3,0.005619419453042017
QTRT2,0.005617951284799522
AP000320.7,0.005617784883913895
RP11-1236K1.8,0.005617631555743929
KLHDC1,0.005617285768954719
POLR2J4,0.005617159867410484
RP3-388M5.9,0.005617070275006946
RP11-460B17.3,0.005615995337357957
SNORD113-2,0.005615824454355025
LL21NC02-21A1.1,0.005615727012035042
RP1-92O14.6,0.005615392820816943
PCDHGB7,0.005614442132785099
HSD17B14,0.005614063991496615
DCLRE1B,0.005613981531671582
RP11-180I4.2,0.005612330916248449
RPL29P19,0.005610895533209038
CRIPAK,0.005608570834802932
NOL12,0.005607695010281313
MTND4P26,0.005606363118831886
MTND3P25,0.005606335180704692
CHCHD10,0.005606214791121067
NTAN1P2,0.005605965576922997
CTC-550B14.6,0.005605779430167368
TFDP3,0.005603896136128506
RP11-214O1.3,0.005603668527034162
HIST1H2AE,0.005603592257671937
RNY1P11,0.005603312223377718
Metazoa_SRP,0.005602600446806613
LRRC4C,0.005601540733077516
HTR3C,0.00560111229673446
RP11-632K5.2,0.0056007977560016495
ZNF517,0.0056003369948863235
KDM4D,0.005600235879774555
RP11-666A8.7,0.0055995623597734565
RP11-521C20.5,0.005599404910883148
PRDX2P2,0.005599059918595926
STAG3L5P,0.005598849496086176
RP11-474N24.6,0.0055988075721894225
KRTAP8-1,0.005598394262038896
KAT2B,0.005598256346832525
GALR3,0.005597757227233034
LINC00676,0.005596637150100642
RP3-438O4.4,0.0055964744317749905
RERGL,0.005595452314965953
U82670.9,0.00559406508056253
RP11-284J1.1,0.005593752714564647
RBAKDN,0.0055937158375038605
RP11-164P12.4,0.005592925303763974
TULP2,0.005592779010127207
RP11-54D18.2,0.00559071727754051
RP11-415C15.2,0.00559000844849236
SLITRK1,0.005589875232715175
PLAC4,0.005589854529083635
RP3-339A18.6,0.0055897654271094745
TMEM186,0.005589665177218162
CTD-2012K14.7,0.005589601190249127
ZNF391,0.00558928492369999
RPL7AP57,0.005588635614021954
RP11-227G15.9,0.005588311241933635
RP11-291L22.9,0.0055874120418867405
SNORA2A,0.00558735566266276
UBE2T,0.00558673995055097
RP11-405M12.4,0.005586599393505933
RP3-508I15.14,0.005585985678682731
CTC-450M9.1,0.005585875553690118
MIR194-2HG,0.005585360665848271
RNU4-36P,0.005584814862796926
FAM157C,0.005583642371063409
HSPB1P2,0.00558195150282039
RP11-15J22.8,0.00558156144463347
GSPT2,0.005581178420604525
GTF3C2-AS1,0.00558024652302531
AC097468.7,0.005580058116489293
LINC01198,0.0055786497989723
PRSS27,0.0055775476812279234
AC144831.3,0.0055770035130887075
FLT1P1,0.005576973902205913
SULT1A3,0.0055755304994360814
AQR,0.0055754040410211925
RP11-251G23.5,0.005573304655826128
RP11-662M24.2,0.005572938864914062
AOAH-IT1,0.005572418569279671
AP000351.4,0.005571856857417283
ZNF486,0.005571765264515258
CTC-332L22.1,0.005571463713909093
RP11-383C5.3,0.005571463301426322
ARHGEF38,0.005571249374695178
RP11-510M2.2,0.005570933973507896
C2CD4D,0.005570776906009117
ENPP7P7,0.005569945854057218
SEPT14P4,0.005569759466155744
MT-TG,0.005569466800079234
AC241585.1,0.005569255678234873
MIR5692B,0.005569067243753397
RP4-592A1.4,0.005568472971895043
VN1R108P,0.005568326173063432
PIGCP1,0.005567461544121934
RPL6P7,0.005567113986844014
AC106876.2,0.005567053266214468
MRVI1-AS1,0.005566519062243226
RP5-882O7.1,0.005566104806743995
C19orf70,0.005565894200786531
AP001891.1,0.00556574679700315
RP1-29C18.9,0.005565652838573473
MIR450A1,0.005564527534487184
RP11-1000B6.7,0.00556448938381788
RP11-351J23.2,0.005563684118908869
RP11-296E3.2,0.005561258446725895
RP11-648M2.1,0.0055603884291866475
RP11-903H12.5,0.00556027326417716
IFITM4P,0.0055601747992960835
RP11-1K3.1,0.005560051003196277
TPMTP1,0.0055598274106873
PLA2G4E-AS1,0.005559373736353905
CTB-58E17.5,0.005558600829889098
ADNP2,0.005558055575625443
AK4P4,0.0055577823898317275
ANKRD20A6P,0.005557355025389214
VN1R13P,0.005556215083174402
RP11-300A12.2,0.005556010993414509
CTXN1,0.005555984825926986
Y_RNA,0.005555525692546184
AC004980.10,0.00555462584009961
TBC1D3J,0.0055545164596552
KCNH1-IT1,0.005554406194229711
LINC01336,0.005553905422667278
RP1-122P22.4,0.005553341613833405
RP11-554J4.1,0.005553024993804477
S100A12,0.005552713948820103
ARID3A,0.005552448486975527
DCLK3,0.005552227597482401
RP11-116D17.3,0.005551745613823345
TCEAL9,0.005551021013020151
RP11-85K15.3,0.005550083086463347
RP11-255H23.5,0.005549499140034987
CTC-265N9.1,0.005549144532963732
GPAA1,0.005548747943178467
PRMT5-AS1,0.005548574294975254
RP11-1398P2.1,0.005548207764493899
MIR320D1,0.00554813932568727
RP11-93B14.9,0.005548136949948517
TMEM63C,0.005546222456726214
RP13-254B10.1,0.005545655551274967
MYL6P4,0.005545450433154317
RP11-234B24.4,0.005544523922880118
CTC-360G5.9,0.005544452052160849
CTD-3035K23.7,0.005543857587456579
TCF23,0.005543551540737762
CASKIN2,0.0055426918712807
NNMT,0.005542158604837953
MYSM1,0.005541286207780601
DHFR2,0.005541141111769177
RP11-312B8.1,0.0055409126303532855
AC012531.1,0.005540445756967689
AC130469.1,0.005540112085968601
RP11-17E2.2,0.005539745492673298
CTD-2287O16.5,0.005539641680720313
TTC9,0.005539522610912172
SMARCA5,0.005538677116344001
RP11-400G3.5,0.005538292956909867
IMPDH1P10,0.005537969128968306
TUBB8P7,0.0055368798039325175
MIR596,0.005536652424007998
CTC-338M12.5,0.005536201848236535
RP11-508N22.12,0.005535921335092404
H2AFX,0.005534991214498947
PLCH1-AS1,0.005534991030615218
RP4-739H11.3,0.005534955642609322
RP11-406A20.1,0.005534561803952387
RP11-531F16.4,0.005534128226042365
TUBG1P,0.005533355897688199
CTC-297N7.1,0.005532856263252729
IGHD6-13,0.005532724290044438
PLEKHD1,0.005532677132098528
CTC-492K19.7,0.0055322448266570574
PXMP2,0.005532183388287273
RP11-74E22.6,0.005531894355964161
HTR3B,0.005531707100182222
LIN28AP2,0.00553096705861364
RP11-434E6.4,0.005530462387968442
MIR7976,0.005528394893378207
AC007879.3,0.005527806817800877
UBE2Q2P6,0.005527429457942869
RP11-96D1.10,0.005524141869604318
THAP12P3,0.005523963808901252
HSPA8P11,0.005523664153809821
AC115617.2,0.005522923604771581
SLC2A3P2,0.005521697950522087
TSSK1A,0.005521632814560445
SNHG15,0.005521219553313032
AC005041.11,0.005520984893713129
PPP1CB,0.005520927199470612
RP11-510C10.2,0.005520771250272028
TEX29,0.005518317799361545
TMEM88B,0.005517765879757433
HCFC1R1,0.005517159476030314
ZNF594,0.005516492466912264
RP11-51M24.1,0.005515507868942905
AC004967.7,0.005515326617138684
GTF2F2P1,0.005513459795912347
POLR3G,0.005512228103983488
RP11-344B5.4,0.005512116451458771
ERICH5,0.005511711591414271
CDCA4P4,0.005511501975595152
RP11-972P1.8,0.005511197916882695
CITED1,0.005509633813957464
RP11-359P5.1,0.005509327445122467
XX-C2158C6.3,0.005509092754233885
CTA-363E19.2,0.005508986360524572
RP11-284F21.11,0.005508957161945201
AC074117.10,0.005508911623099883
RP11-932O9.7,0.005507612527842387
RP11-434P11.1,0.0055075413729543535
TTTY15,0.005507223783347233
RP11-819M15.2,0.005507152579884673
DNAH17-AS1,0.005507100210806655
HSPBP1,0.005506943584096945
SDC4,0.005506810540692827
AL590762.6,0.005506737170114599
AKR7A2P1,0.005506478656540486
RAP2B,0.005506473258529125
HBBP1,0.00550634925112384
PWRN3,0.0055059832014052535
RP11-341D18.5,0.005505752032183026
ANKRD9,0.005505637969016959
RP13-895J2.2,0.005504757713116692
RP11-967K21.1,0.0055040490571654456
P2RX5-TAX1BP3,0.005503879902053428
HIST2H2BD,0.005503753582231062
ZNF660,0.005503271262652943
CSTA,0.0055027244612616865
PPP1R1C,0.005501886435631297
ZNF579,0.005500689425905232
TMPRSS11E,0.005500594113837044
AGRP,0.0055002586086212064
ZNF562,0.005499880914849429
SAMD11,0.005499570505275815
CLEC4D,0.005499513591393181
CTD-2324A24.2,0.005499108309752901
RP11-613D13.5,0.005499013532284513
RP11-568K15.1,0.005497694437172191
AC034220.3,0.005497339460515075
RP4-756H11.3,0.005497145781850404
RP11-429E11.2,0.005497016962111647
PARD3-AS1,0.005495816919380091
SLC9A3P3,0.005495807344748027
LRRC3,0.00549562707715639
RP11-697N18.3,0.005495375412619884
MIR3177,0.005495119432469459
MRPS21P3,0.005494762099355121
SNORA81,0.005493666420907275
XXbac-BPGBPG55C20.3,0.0054935565630622905
IGHV3-74,0.005492241640058264
RP11-37N22.1,0.00549165551850963
RP11-417L19.4,0.005490921922267905
RPL22P19,0.005490866404272792
RP11-566K19.9,0.00549035208980382
CGGBP1,0.005490195749310593
GAPLINC,0.005490190425129066
RP11-229P13.2,0.0054901899640648994
RP11-582J16.5,0.0054897524294595015
ACTG1P17,0.005489569519265998
RP11-603B24.1,0.005489084479634027
RP11-391H12.8,0.005488794078145748
TLR12P,0.005488291183868191
RP1-50J22.4,0.005487640969492842
PEX5L-AS2,0.005486837556599096
ADGRF5P2,0.005486047993724446
RP11-87F15.2,0.005486025383107482
OR7E22P,0.005484590493042139
MTCO3P11,0.005482958318207683
RN7SL23P,0.005482106894025262
TRIM36-IT1,0.005482099315971182
RP11-136K14.1,0.005481572184874786
RP11-563N4.1,0.005480736582169953
AC092171.2,0.005479442334397036
FOXD4,0.005479389175945401
OR2B7P,0.005478692532478512
FGF7P3,0.005478683073044269
RP1-68D18.3,0.005478087062810186
RP11-229P13.15,0.005478056712743114
PTRHD1,0.005477117628840864
LYRM2,0.0054769792844263695
RP11-84C10.4,0.0054768335001139585
CTD-2561J22.2,0.005476492806960476
PIN1P1,0.0054763742706965355
NPPA-AS1,0.005476139317010051
PRSS51,0.005475964054588879
CAPN15,0.005475853192276852
RP11-818O24.3,0.0054757231500048385
RP11-407P15.1,0.005475421459920078
MMGT1,0.005473697885562408
CTB-50L17.9,0.00547359374376937
ACA64,0.005472065741135764
PRICKLE2-AS1,0.0054714353586027544
BMPR1B,0.005471220831607345
KRT81,0.0054711674253608
RNA5SP483,0.005470798023315199
CTD-2547L16.3,0.005470206217381235
RP11-569A11.2,0.005470043127234349
LAPTM4A,0.005469419640323541
IGHV3-30,0.005468893875853141
KDM4A-AS1,0.00546718696305157
RP11-806J6.1,0.005467181361869152
RNU2-27P,0.005466578253546299
CACNA1C-IT2,0.005465968731942889
CHST2,0.005464876139527122
AC079781.5,0.005463620978353144
ARL6IP5,0.005463552206766271
LINC01221,0.005463278851901554
RP11-530N7.2,0.0054629451458885715
MLN,0.005462768516268841
RP11-494O16.4,0.0054626380427603176
FOXC2-AS1,0.005462457114247997
LINC00517,0.005462204706209519
ZBTB5,0.0054621775876283534
SOCS6,0.005461900208168478
AC139100.4,0.005461245890783852
CYP24A1,0.005459698295323973
KRT18P44,0.005459518874073559
RP11-164H5.1,0.005458181714388191
RPL3P13,0.0054580475319767376
RP11-291I6.2,0.0054561521897022475
PRKAB2,0.005455060926965073
SNORD116-8,0.005453206902695701
NXPE2,0.005453023359123048
OR2L9P,0.005452862798013712
MTND1P10,0.0054526935435493095
AP000251.3,0.005452208646472082
DLGAP1-AS5,0.005451812129717764
RP11-554D14.6,0.005450668776186935
KRT8P11,0.0054490788765699915
IGHV4-55,0.005447524827166149
RP11-3K24.1,0.005446561062826481
COX7A1,0.005446100686600497
Y_RNA,0.005445997358430219
TRMT112,0.0054456570052435855
RP11-309L24.10,0.005445405486987849
CTC-340A15.2,0.005445095411285779
MIR4767,0.00544498927453427
RP3-477M7.5,0.005444422466531504
RP3-391O22.1,0.005444050218940199
RP11-159D12.10,0.0054439668553035855
AC137723.5,0.0054426333574295075
NEAT1,0.00544262953587996
LENG8-AS1,0.005441836353975948
RP11-335O4.3,0.005441835406861211
CTD-3065J16.9,0.005441466374349322
RP11-259N19.1,0.005441147640812038
TRIM21,0.005439915849810983
RPL7P41,0.005439764417621808
SIPA1L1,0.005439474183862183
CCND1,0.005439153724893712
RP11-67K19.3,0.005438539182952429
CTD-2540B15.12,0.005438404919654079
BOLA3-AS1,0.005436362587335059
RP1-225E12.2,0.005436205016578135
MGARP,0.005435232736638078
KB-1552D7.2,0.005434781132571719
MRPS21,0.005433826275912759
CACNG4,0.005433822060042694
RP11-641D5.2,0.005433406806738774
RNA5SP139,0.005433331030199032
AC007557.2,0.0054325233283593
DOCK9-AS2,0.005429273730261461
MDP1,0.005428698487047553
TRAJ8,0.005427777046870821
RP11-770J1.3,0.0054273019091889306
ABCG2,0.0054270799659093035
TCERG1L-AS1,0.005427070959709389
CTD-2320J21.1,0.005426729856777227
CTD-2335A18.2,0.005426393241745025
RP5-967N21.11,0.00542634148162146
CTD-2203K17.1,0.0054259682288168125
HCG4B,0.005425428860502399
LINC01176,0.00542484568353409
RP11-64C12.7,0.005424634404728081
COX7C,0.005424109972998741
TUBB8P11,0.005424088619933621
GMPSP1,0.005423638574780556
RP11-535M15.1,0.005423114017280662
C9orf41-AS1,0.005421928115459955
RP4-777L9.3,0.005421525713960029
RP11-195F19.9,0.005420997773005518
RP11-85G18.6,0.0054186929213914355
RP11-529K1.2,0.005417908010466163
AC108448.2,0.005417856904525158
RP11-60C6.3,0.005417717316449058
RP11-669M16.1,0.0054168043706617494
RP11-440L14.1,0.00541676113843203
RP11-325E5.1,0.005416652022058642
DBP,0.005416242617331262
RP11-17E13.2,0.005415834254501964
SPX,0.0054156808602717705
RP11-351J23.1,0.005415069586094319
CTD-2062F14.3,0.005414947934370509
APOL5,0.00541460277261978
RP11-15K2.2,0.005413880243444983
RP11-203P23.2,0.0054136516523064695
DTWD2,0.005413540219540737
AC005954.4,0.0054133775074047975
JRK,0.00541336026340203
RP11-260M19.1,0.005413140082163198
RP11-488C13.5,0.005412629060789649
RP11-822E23.7,0.005412104506857203
LRRC18,0.005412084961018988
CEP295NL,0.005410954073743862
AC012531.25,0.005410347255465783
RP11-489G11.3,0.005407641911621466
R3HDM4,0.005407629939419838
PROCR,0.005407574159022994
SATB1-AS1,0.005406190906311066
COL11A2,0.0054056489771720645
SUZ12P1,0.005403529083030417
TCF24,0.00540330230319515
RP4-758J18.2,0.0054023189620807325
RP11-368I7.6,0.0054022798980733824
AC226119.5,0.005402260883088851
PPP2R3A,0.005401930536686051
RP11-336N8.1,0.005401566774975309
RP11-83M16.5,0.005401350664936496
RP11-365O16.6,0.005400723979228081
RP11-53O19.3,0.005400474011902256
RP1-261D10.2,0.005400454181712669
RNU6-1289P,0.0053995559784214935
RP11-1109F11.5,0.005399334694902802
PDLIM1,0.005398535501711146
ATP5F1P2,0.0053981432455786635
MT-TI,0.005396429010402701
CTC-268N12.2,0.005394349417670191
GHET1,0.005393976774558272
TMEM45A,0.005391609974084461
CYP2C19,0.005390824074946593
RCN3,0.005390768953841299
RP11-258F22.1,0.005389895314048865
DKFZP434K028,0.005389828631234044
Metazoa_SRP,0.005389111129920999
FIG4,0.005388985278835974
RP11-350G24.1,0.005388824284940679
ZNF264,0.005388806527579858
NDUFB1P2,0.005388092327301678
RP11-530A18.1,0.005388004022006414
SNORD14A,0.005387230980709574
OR2AE1,0.005387146620407632
RNU1-51P,0.005386766062776026
P4HA2-AS1,0.005386728723866217
HMGN1P13,0.005386707371374289
RP11-296L22.7,0.0053857258298416815
CTB-1I21.1,0.0053853699794279555
LA16c-431H6.7,0.005385293845339357
RP11-21A7A.4,0.005384701157470723
OR7E47P,0.005384076708798136
KB-1991G8.1,0.005383640812470104
MEX3B,0.0053833012408088365
HMGB1P24,0.005382932692067201
AP000593.6,0.005381714189011453
MTCO3P38,0.005381609892581875
MTAPP2,0.005381083725299971
RP11-831H9.11,0.005381025040986198
JOSD1,0.005380876510800448
Y_RNA,0.005379950817272472
CTC-232P5.1,0.005379738627400768
CTD-2535L24.2,0.005378325244722305
RP11-1134I14.6,0.005378310815846521
RP11-723O4.9,0.005377734430766299
RP11-863P13.4,0.005376442912899618
RP11-258C19.4,0.005376216945912264
BTBD8,0.005375837046082004
SLC35G5,0.005375817251924735
FOXD2,0.0053757672333930254
GKN2,0.005375598631173129
RP11-115J16.1,0.005375362478530953
AC017104.6,0.005374547962696001
POC1A,0.005373929234120132
AC093585.6,0.0053738370568369
GPR50,0.005373804806366573
HIST1H2AI,0.005373686338474077
METTL12,0.005373300696122798
CEP70,0.00537251710016256
RP1-90G24.11,0.005372158486482392
FGFBP1,0.005371621180944664
TRNP1,0.005371123269608786
RP11-799B12.2,0.005370921856080068
UBXN10,0.005370847612344649
RPL39P5,0.005370828892083202
AC018738.2,0.005370787830888814
ULK1,0.00537073860046334
RP4-676L2.1,0.005370275422192017
RP4-647C14.3,0.0053697997724216065
CACNA1C-AS1,0.005368491861644718
RP11-265N7.1,0.0053681875861772
RP11-575H3.1,0.005368160684775396
RP11-290F24.6,0.0053679640103201035
EIF2B5-IT1,0.005367211773754458
AC116050.1,0.005367005788000834
RP11-417N10.4,0.00536666274670109
SNF8,0.005366603537435781
RP11-10J21.4,0.00536598547142746
LINC01252,0.005365787018204567
MIR3142HG,0.005364819952335486
RP11-88H12.2,0.005364038940198946
CTD-2319I12.3,0.005363894355622262
RP11-588P8.1,0.005362995648739258
RP11-554E23.4,0.005362431962369724
LINCMD1,0.0053619068238962555
RNU6-762P,0.005361902621124954
VCPIP1,0.005361319887592819
KB-318B8.7,0.005360975851846149
IGHV4-28,0.005360596850848966
RNA5SP383,0.005360565665829317
RP11-10G12.1,0.005360461190923407
RP11-503C24.6,0.005360316319248593
RP11-795J1.1,0.005359926871298105
LINC01489,0.005359714116460845
CTB-78F1.2,0.005358793893599568
ACOT1,0.005358699426088054
CTC-453G23.8,0.005357639263193231
MT-TM,0.005357585649508476
GPR82,0.00535739796290954
AC006372.5,0.005357080964480791
TTC9B,0.005356735231015722
RP11-302F12.2,0.005356681414390001
RP11-162J8.3,0.005356557616651974
LOC401913,0.00535644481513615
RPL7P14,0.0053563472194300505
UCN3,0.005356085970487128
LEF1,0.0053552921294886474
Metazoa_SRP,0.005355192189832047
RP4-614O4.11,0.005354977457364846
RP11-399K21.14,0.005354733697451587
RPL3P4,0.005353950663263302
SEL1L3,0.00535361915836061
RP5-1053E7.2,0.005353407284618031
RP11-626A5.2,0.005352404426011363
Y_RNA,0.00535227686674978
LA16c-361A3.3,0.005352147226667488
RAMP1,0.005351943282076094
RP11-578F21.9,0.005351886095522101
AC109826.1,0.005351494643907142
AC005306.3,0.005351432270201323
ZNF676,0.0053513461804781505
LINC01422,0.005350707062490519
RPL23AP6,0.00535038439154251
CHRM5,0.005350295922684952
KBTBD2,0.005348624241483906
CA13,0.0053484038155107655
RP11-245C17.2,0.005347796711738916
B3GLCT,0.005347469667996409
CTB-131B5.5,0.005346646040044065
SLC15A4,0.005346547579093768
RP11-434H14.1,0.005346415042538905
MIR6722,0.00534548781604795
TBC1D3E,0.005345363902202269
AC016831.5,0.005345034814895025
RNU6-88P,0.005344757722666035
EDDM3A,0.005344393437819693
RP11-521B24.5,0.005344237370893998
RPLP1P6,0.00534403066037776
RP11-2C15.1,0.005343118217864126
RP11-264B17.3,0.005343039215302548
MRPL53,0.005341179559436281
TAF1A-AS1,0.005340821503213269
RP11-163E9.1,0.0053407912022628
RN7SL111P,0.005340654308373216
HIST2H3D,0.005339860545234304
RP11-401N18.1,0.00533916386086496
RP11-19J3.5,0.00533897892205811
MIR6762,0.005338475940169768
RN7SL752P,0.005338387020950543
KRT8P19,0.005338041854531666
BOK,0.005337687260327955
RP11-1006G14.2,0.005335746063779568
AC007879.5,0.005335469453357063
PROX1-AS1,0.005335150421532681
RP13-314C10.5,0.0053349875737139455
RP11-135M8__A.1,0.005334763002694986
RP11-1021O19.2,0.005333973875658653
GAN,0.005332814450756396
AC019181.2,0.0053325641140542475
SERBP1P1,0.005332516957622539
RP5-1112D6.4,0.005331844087087733
IFI44,0.005331530781588937
IRF9,0.005331438508723052
SHISA3,0.005330357930513204
LINC00898,0.0053294744627713315
RN7SL45P,0.005328819192804472
AC079988.3,0.0053285046956259
CUBNP2,0.00532848524481228
AF064858.8,0.0053280009211535305
CTD-3193O13.8,0.005327361515979133
LINC00520,0.00532728128151711
POLA1,0.0053272546863004635
CDC42EP4,0.005326630040473199
FAM126B,0.005326584365696397
CD320,0.005324927938319377
GAPDHP74,0.005324304835160377
FADS2P1,0.0053240269334969385
AC064834.3,0.00532393734635894
OR8X1P,0.005323647817472801
GZMM,0.005323629288909648
AC004895.4,0.005323583595427908
CALR4P,0.005322701131331759
CTAGE12P,0.005322392162219416
OR7E128P,0.0053222218686545565
RP5-1154L15.2,0.005322192588810559
RP11-528N21.1,0.0053218642324855655
RP11-406H21.2,0.005321318457972147
COLCA2,0.005321316305648447
IGHM,0.005321082781632404
CYP2R1,0.0053210295657423
LINC01585,0.0053206362823436035
MRPL40P1,0.005319501697755212
AC000068.10,0.005319115674424517
RP3-467K16.7,0.005318949973479105
RP11-114H24.4,0.005317586487337076
CBX3P4,0.005317195120162389
RP11-77H9.2,0.0053168954701010495
TRAJ27,0.005315139381207184
LPP-AS2,0.005314864286304269
RP5-1031D4.3,0.005313421979634906
RP11-148B18.4,0.005312860342005652
RNU6-1082P,0.005312633940819801
LINC01105,0.005312514403093789
CH17-140K24.6,0.005311774552405461
UTP20,0.005311651811787628
RPL23AP69,0.0053109299244535725
P2RY1,0.005310832244579159
RP11-686D22.4,0.005310431223851807
BORCS8,0.005310396102654969
BTBD1,0.005309243737815873
RP3-425P12.2,0.0053090790303324115
RP3-416H24.1,0.00530882752371061
RP11-283I3.6,0.005308456253492142
ZNF337-AS1,0.005308326278231435
RP1-30M3.6,0.005307340570332472
RP11-1079J22.1,0.005306908808228179
RN7SL589P,0.005306855209748485
ABHD17AP6,0.005306640127525903
RP11-90B9.3,0.005306306892168169
bP-21264C1.1,0.005305734617635184
RP11-383G6.3,0.005305676973700643
LRRC40,0.005305549603849925
RP5-1024G6.2,0.005304634200134667
ARX,0.005304431136952125
RP1-20B11.2,0.005304232249065061
5S_rRNA,0.005304210024985843
RNU6-903P,0.005303673671291082
LRRC31,0.005302419245741458
SNORA11,0.005301963508172294
HCG2040054,0.005301754643365609
RP11-4B16.3,0.005301600977442324
FAM167B,0.0053012405400252064
RP11-512M8.11,0.005301203836958113
RP11-219G17.4,0.005299247547067766
MIR4514,0.005299192888806137
ZNF812P,0.005298668834708323
RP11-327J17.7,0.00529851369652529
RP11-820I16.1,0.005298421967201452
PCDHGA7,0.005297985734425988
HOXB-AS3,0.005297327007475023
AL157902.3,0.005296961106865988
RP11-115D19.4,0.0052962203107370705
RP11-484K9.4,0.005296134912396825
HIST1H1PS1,0.005296072205946778
AC105399.2,0.00529598980431127
Z69890.1,0.005295791030569515
MC1R,0.005295596443688158
RP11-128L5.1,0.005295256466152895
SHPK,0.005295069917644945
GNG4,0.0052939243294758435
CTD-2135D7.4,0.005293661729329615
NUCB1-AS1,0.005292665456980289
RP11-104H15.10,0.005292074891768211
FAUP2,0.005292005523658677
MAST4-AS1,0.005291713926009516
RP11-92K15.3,0.005291684233927944
MIR766,0.00529124369346491
AC093162.3,0.005290623345271158
AC091729.7,0.005290182198816224
CTD-2256P15.3,0.0052901143522827015
MIR6859-4,0.005289905349913221
RNU6-574P,0.00528980778057813
AC068580.6,0.005289310351897048
RP11-483G21.3,0.005289199264340004
CTC-338M12.4,0.0052884016351867425
UROC1,0.00528722987400507
RP11-848G14.5,0.005287003762716485
RP11-665J16.1,0.005286431079793872
RP11-133K1.8,0.0052856877647188575
RHOT1P3,0.005285617523766624
CPA4,0.005283941738262588
RP11-161M6.2,0.005283742546774889
CCDC42,0.00528320573132998
AC107983.4,0.005283059822873637
RP11-345N11.1,0.005282564448105804
AC024937.6,0.005282408938746783
CTD-3244O18.5,0.0052819631277426895
RPL31P57,0.005281846408361823
GPC5-IT1,0.0052806453362530936
RNU4-86P,0.0052805719618883706
CASC10,0.005280485677659316
RP11-367N14.3,0.005279065462659999
RP11-756H6.1,0.005279056495986226
RP11-169E6.1,0.005277951994983826
RP11-88H9.2,0.0052775068795669336
STX17-AS1,0.0052771114900926515
SNORD113,0.005277100848721503
RP11-181K3.4,0.005275273703357831
RP11-10A14.3,0.005275082525517943
DDX55P1,0.005275056457938858
RP11-10K17.3,0.005273548347895769
IGHV3-62,0.005273024369855568
TMEM179,0.005272841908483359
ACE2,0.005272740434592513
CTBP1-AS,0.005271860681482159
RP11-734K21.3,0.005271431783505855
ASPA,0.00527098799514901
RPL37P2,0.005270729906498721
RP11-23J9.7,0.005270134144858683
RP11-464F9.20,0.005269663444906203
RP11-94A24.1,0.005269159220210594
RP11-475D10.5,0.005267867865776807
XXbac-BPG299F13.17,0.005267658016393914
RP11-326A13.1,0.0052667647523567465
RP11-855A2.2,0.0052667255409511
ZNF583,0.005266647668707381
AC090286.2,0.005266269455028699
Y_RNA,0.005266097882459489
RP11-6L6.7,0.005266056841984815
SWSAP1,0.005265566356831817
GPR21,0.005265463344353801
CTD-2184C24.2,0.005265328189375696
EEF1E1P1,0.0052651773611160765
RP11-389C8.1,0.005264896336342313
FAM175B,0.005264754925312389
RP11-301L8.2,0.005264157546784199
PCDHGA8,0.005263444096405063
RP5-1103B4.3,0.005262587118875851
ATOH7,0.005262242553222936
SPATA18,0.005261225044878654
PRELID3BP5,0.005260872509481479
LINC01012,0.005260736244733652
IRS1,0.005260718047757224
RANBP3L,0.005260337115283271
MTCO2P20,0.005260127231287429
IFNL4,0.005260104211409962
GADD45GIP1,0.005260072294700276
MT1DP,0.005259822485078143
TUG1,0.005258793226174688
MIR548AG2,0.005258678182986367
TCEAL7,0.005258531361876078
ARL6,0.0052583995820740526
NPM1P42,0.005257697684939634
SHD,0.005257101703779241
RP11-71L14.3,0.005255749973383507
IGHV3-20,0.005255442072590231
GTF2I,0.00525505066070684
RP11-120K24.5,0.0052540863904310675
AC003988.1,0.005254055872557117
ZDHHC24,0.00525317810898114
RP11-190A12.7,0.005252550208541012
RP13-43E11.1,0.005252243930770969
RP11-251G23.2,0.005251904825327302
RNU6-140P,0.005251870481702581
RP11-390K5.6,0.005250725027108524
C2orf69P1,0.005250600376707403
CTD-2555K7.2,0.0052490292853077025
TBC1D19,0.005248875302421866
LRTM2,0.005248757178376479
C8orf44-SGK3,0.0052484543803890706
RP11-390P24.1,0.005248088202594756
CTC-436P18.5,0.005248072576153245
RP11-123G9.1,0.005247855306533409
AP000357.4,0.005247173702430854
RP11-22P6.2,0.005247109797423598
RP3-507I15.2,0.0052451180428333905
COL10A1,0.005244504551013487
GNA14-AS1,0.005243801228579
IGHV2-5,0.005243577290636961
RNA5SP282,0.0052429995067085665
IGLV3-13,0.005242329972060379
SNX18P26,0.005241884996564737
DGKD,0.005240109163880607
BRD2-IT1,0.005239901209500606
TGFB1,0.005239152059268584
AC073321.4,0.005238429728773895
RP1-272L16.1,0.0052381810419717765
RP11-545E17.3,0.005237615525607759
RP11-121L10.2,0.005237421908603953
CMTM6,0.0052371943871567855
IGHV1-69-2,0.005236795388436466
RP11-432J9.6,0.005236660035474378
CTD-2639E6.4,0.0052357619299444125
RP11-1148L6.5,0.005232717653043157
RP11-706C16.8,0.005232629317866983
Y_RNA,0.005232593531225947
Y_RNA,0.005231634063288254
SPDYE6,0.005231507678263161
RN7SL838P,0.005231244851207639
LA16c-444G7.2,0.005230873337269087
P2RY12,0.005230674064322749
OR52B3P,0.005230554657120374
RP11-67A1.2,0.005230526686299705
AC005593.2,0.005230119697145952
RPL36P16,0.005229919440066565
RP4-612B18.1,0.005229914464394338
GSX1,0.005229452952121827
RP11-253I19.3,0.005229407217337342
RP11-3D4.4,0.005228858770851128
RP11-781M16.1,0.005228795835431594
RP11-616M22.5,0.00522847349875373
EIF4EBP1P1,0.005227985172919873
OR7E14P,0.00522795075373356
RP11-671M22.4,0.005227495887673624
RP11-417N10.3,0.0052271699056842605
OGFR-AS1,0.0052269038177110705
AP000437.3,0.005226761822024264
RP4-761J14.9,0.005226596143900043
FRG1HP,0.005225921371542331
RNU4-22P,0.005225880747875386
AKIRIN2,0.0052258779396400865
RP11-150O12.5,0.005225615881794287
SNORD114-2,0.005225408068818007
SIAH2-AS1,0.005225236965390122
TRAJ29,0.005224523101066722
UBE2E2-AS1,0.005223917955105424
ENTPD7,0.005223620995263119
AL162759.1,0.005223550771241199
RP11-863K10.7,0.005222162914802976
CNTNAP3P1,0.005222059351757541
ABCD1P5,0.00522204331309204
RP11-380I10.4,0.005221277795462539
SULT1C4,0.005220722643689889
MAGEC1,0.005220687031193913
GMIP,0.005220396649524393
RP11-348N5.9,0.005220353979313545
CDK17,0.005220289774359198
CTD-2031P19.4,0.005219727127133664
EEF1GP5,0.005219507402915023
NFYC-AS1,0.005219452184807765
MYCBP2-AS2,0.005218525292031842
RP11-271K11.5,0.005217439787907153
RP11-268G12.1,0.005217234098239376
C2orf42,0.00521681377410297
CEACAMP5,0.005216575042676179
LINC00863,0.005216439371595846
LBX1-AS1,0.005216401692613446
PARGP1,0.005216303746418088
RP3-413H6.2,0.005214287917124979
uc_338,0.005213953813748005
RP3-461F17.1,0.0052139262941857945
RP11-676J12.9,0.005213924074103237
MAFK,0.005213841097264757
FDCSP,0.005212730160442223
KB-67B5.17,0.0052126341835841685
RP11-349G13.2,0.005212083381687329
AC093899.3,0.0052112944848912626
RP11-65J21.4,0.005210478830949806
TMPOP1,0.005210107935423477
RPL13AP17,0.005209300063653533
RP4-684O24.5,0.005208537422788103
RNA5SP124,0.0052071443399011865
CTA-992D9.8,0.00520594067118106
AC104699.1,0.0052056599394479704
SNORA3B,0.005205528146681617
ALG1L11P,0.005205521513687052
SNORD51,0.005202967457281925
CDO1,0.005202646924743569
AF186192.1,0.005201397244316462
RNA5SP300,0.005201316239378656
GRM5-AS1,0.005200332136314743
RP11-197P3.5,0.005199274174676978
CH507-42P11.7,0.005199245821014528
KCCAT333,0.005199142314135759
CTD-2199O4.1,0.0051991422874643955
RP11-708L7.6,0.005199091513140797
AC020915.2,0.005198721002003432
NGB,0.0051987059279507315
DDX39BP1,0.005197791254990919
RP11-15A1.9,0.005197026385484338
AP001042.1,0.00519624535664626
AC138649.1,0.005196193875390604
CTD-2568A17.1,0.005196120929395713
AC002519.8,0.0051955021993974
TRIM59,0.005195493250362875
RP11-25O10.2,0.005195285545120134
PKD1P6,0.005195229620747061
RNU7-170P,0.0051952012864961575
LINC01511,0.005195126910114812
RP11-113D6.6,0.005194539695162781
KHDRBS2,0.005193408553998217
RP1-10C16.1,0.005192861422750674
RP11-862L9.2,0.0051928119631128285
CTD-2020K17.3,0.005192019545646162
RP11-766F14.2,0.005191868780282357
RP11-100G15.7,0.005191809833844567
AC020956.3,0.00519140463375701
RP11-950C14.10,0.005191404111146581
RP11-432I5.2,0.005190947475716388
CTD-2007H13.3,0.005190866235899655
SLC25A2,0.005189711054203311
Z69720.2,0.005189184539605025
RP11-141O11.2,0.005188655893394883
IGHV7-56,0.005188527327449398
RP11-478C1.7,0.0051882724540388515
RP11-411K7.1,0.005187409867242828
ZBTB12,0.005187366599662779
WDR82P2,0.005187279515796779
LINC01277,0.005186897859640344
RP11-4K16.2,0.005186565166620727
HNRNPA1P31,0.005185813453907736
SDHD,0.005185660161190715
RP11-30K9.1,0.005184998528510923
CCDC92B,0.005184207743118263
RP11-434H6.7,0.00518383054274468
CTD-2026D20.2,0.005183652222522564
RP11-434P11.2,0.005183591212654101
AC124861.1,0.005183533174436186
SLC25A25-AS1,0.005182991808865843
TOP3BP1,0.005182868562856543
TMEM159,0.005182331082064155
RPL13P6,0.005182112132658597
RP4-585I14.3,0.005181919543313328
IGLV8-61,0.005181882165537077
SNORA40,0.005181616380240344
RP11-23D24.2,0.005181562838838054
ACER2,0.005181459833261655
FAM41C,0.005180737580317385
LZTS1-AS1,0.005180261282381706
RP11-467L13.7,0.00517932228861966
GCNT4,0.005178932568563662
RN7SL856P,0.005178400892398955
NHS-AS1,0.005178283116414412
IGKV1-12,0.005178059272904308
AC018755.17,0.005177579293800609
FAM133CP,0.005176707601858958
KCND1,0.00517645071967304
RP11-196G11.5,0.005176387176936697
RPL7AP26,0.005175660505716996
RP11-699C17.1,0.005175452098432691
RP11-514P8.2,0.005175170218382637
Y_RNA,0.005174803868807946
AC002551.1,0.005174171945596576
ADGRA1-AS1,0.00517412044889705
ERP44,0.005174016941687719
WFDC1,0.005173853271298956
PLEKHG7,0.005172523845673861
CTD-2012K14.2,0.005172371355512754
C14orf28,0.005170854005782252
RP11-181B11.2,0.005169690341831808
AP000343.2,0.005169689382758009
RP11-343B18.2,0.005169179241235424
RP4-614C15.2,0.005168735324476791
TUBB1,0.005167932652609295
RP11-143J12.3,0.005167690337777292
RP11-260E18.1,0.005167598776791244
SLC16A13,0.005167184534059053
H3F3BP1,0.005166503367752977
GJA3,0.005165880103666092
CTC-281F24.1,0.005165348188478219
AP001062.9,0.005163225425591412
TMEM99,0.0051630064510877205
DDIT3,0.00516276215385916
RP11-114M1.3,0.005162373367104674
CTD-2196E14.6,0.005162331352584359
RP11-324D17.2,0.005161424022147616
RP11-388C12.5,0.0051613080779716524
BCRP5,0.0051600098613901945
GPR156,0.005159245875310187
MIR320E,0.0051586187383262745
TCEANC,0.00515729197415488
ISY1-RAB43,0.005154265389235489
LA16c-316G12.2,0.005153930276226296
RNF133,0.0051538745397674635
AC009110.1,0.00515385511815741
UFSP2,0.0051530719649534
SUCLA2P1,0.005152774577058778
GPR79,0.0051521313439003265
DOHH,0.0051506515460179
NPM1P25,0.005149971770958569
MIRLET7DHG,0.005149405349886498
RP11-266I3.1,0.005149389169258662
RP11-159F24.2,0.005149332114866493
PHLDA3,0.005149111829383719
MIR548AR,0.005148267037046977
SPATA13,0.005147456573792075
RP3-507I15.1,0.0051466551880023645
CTD-2644I21.1,0.005145992457432774
ARHGEF12,0.005145808049045938
RP11-77P16.4,0.0051454793033826884
RNA5SP122,0.0051453427446861415
RP11-511I11.1,0.005144983967037847
COX7A2P1,0.0051446806845675975
LINC00562,0.005144215334543479
RP1-4G17.2,0.0051440144815033334
RN7SL12P,0.005143988466198577
Y_RNA,0.005143749672529783
RP11-1086I4.2,0.00514352121532713
HNRNPA1P16,0.005143038528066083
VN1R104P,0.0051426662242976574
RP11-151G12.2,0.005142175774884597
RP11-848G14.2,0.005141897111870737
ZNF543,0.00514179131946672
AC005775.2,0.00514133540451852
CTB-102L5.8,0.005140821373105727
RP11-379L18.3,0.005140747784127324
RP11-517B11.7,0.005140248969892583
RP3-395M20.2,0.0051396945305446605
IGKV1-8,0.005137645265040635
MIR573,0.005137542686471269
RP11-900F13.2,0.005136914563274287
PHBP13,0.005135988100875562
LINC00593,0.0051359373327968
ZNF784,0.005135086471159849
EIF1AY,0.005134736225935652
CCND2-AS2,0.005134670306975398
LINC00865,0.005134629578807942
MCPH1-AS1,0.0051329221569886415
MIR320B2,0.005132853610738335
LINC00921,0.005132730909426408
RP11-78O7.2,0.0051326308102753035
RP11-476H16.1,0.005131679854702925
GPR150,0.005131657372112436
STXBP3,0.005131579302351408
CTD-3222D19.12,0.005131539480285268
MIR3178,0.005131380332045184
CSH2,0.005128467174473179
MAP3K10,0.005128231887397414
RPL21P92,0.005127661833827716
RP11-91H12.4,0.00512645712807623
LINC00552,0.0051264565563681344
RP11-756P10.5,0.005124860130225514
RP11-690D19.3,0.005124725479868118
RP11-439M15.1,0.005124676296878443
FAM221A,0.005123576492334439
RP11-386M24.4,0.005123278319041614
LINC00599,0.005122411714637426
FGF9,0.005120776191210496
MRPS7,0.005120769133034946
RP13-942N8.1,0.005120127742422382
QRFP,0.005119804576866852
PCDHA13,0.005119673545850785
CTD-2588J6.2,0.005119488597286148
AC005614.5,0.005119377186381367
CTD-2026D20.3,0.005118181233129117
AC002066.1,0.005117414327613507
GSTM5,0.005117336143704994
ADAM21,0.005117166515526448
RP11-459E5.1,0.0051170516028261155
EIF1AX,0.0051159734279964345
RP11-603J24.5,0.005115961320660898
PCDHGA9,0.00511593273493243
CTD-2021A8.2,0.005115902208237696
AC018685.1,0.005115845831164704
MTDHP1,0.005115442452414766
ANKRD62P1,0.005114593169829968
RNA5SP218,0.005113939563312483
HCG14,0.005113346483403263
ZNF710,0.005113081712959757
RP11-626H12.3,0.005112419160654789
FTLP15,0.005112418991542253
GOLGA8S,0.005111007038064037
C12orf54,0.005110934639877462
RP11-49I11.4,0.0051107352666229225
RP11-368P15.2,0.005109750753320712
ZFP2,0.005109708255500599
RN7SL594P,0.005109624931616995
RP11-434I12.5,0.005109104901138998
RNA5SP490,0.005108821447430298
RP5-864K19.4,0.005108459856922839
PCDHGA5,0.0051082234764837356
LINC00237,0.005107925605250244
TMEM150C,0.005106472592255428
UBTFL6,0.005106400723843766
MIR6069,0.005105993295096765
RP5-968P14.2,0.005105326986910401
TMEM158,0.005105135173583221
RP11-122C5.3,0.005104366859351212
KB-1517D11.3,0.005103776241348176
RP11-812E19.9,0.005103308670160469
Y_RNA,0.005102933811128607
CTA-384D8.31,0.005102229359172294
CHST7,0.005101074100414726
RP11-302B13.5,0.005100280914514005
FAM230B,0.005099928786792409
RNA5SP283,0.005098419813352726
AC007040.8,0.005097506453315778
RP11-483H20.4,0.00509721218979058
KRTAP5-11,0.005096040093916189
CTD-3162L10.5,0.0050959815920467244
RP11-116D17.5,0.005095879936022284
NSMCE3,0.00509537418768626
PNMA6B,0.005094747251170803
ATP6V1B1-AS1,0.005094052417534219
AC016894.1,0.005094023988750305
ZNF611,0.005092749604350609
ANKRD34C,0.005092684687681741
NFE2L3,0.005092612832077995
CSNK2A2,0.005092203734414138
LINC00310,0.005092040520486516
AC019185.4,0.005091664462885994
HYPM,0.005091414245090102
C2CD4A,0.005090948620250413
RN7SL812P,0.00508974694537749
RN7SKP5,0.005088997654857122
RP11-78B10.2,0.005088790125921796
VN1R11P,0.00508870860788468
RP11-397O8.7,0.00508857663570112
KARSP2,0.0050878936043479706
LINC00545,0.00508713987197038
RP11-432J24.3,0.005086940662259069
RN7SL520P,0.005086909163806125
UQCRHP2,0.005086715928955181
ZNF883,0.005085796885467817
BCL2L12P1,0.005085793871726666
HAMP,0.005084955599979106
HMGB3P4,0.005084801871518727
AC109815.2,0.0050845682837817145
GLIS2,0.0050845166423509666
RPSAP16,0.005083554209992591
MIR3174,0.005083528649085226
EEF1A1P5,0.005083158686045119
Y_RNA,0.005082239035005238
LA16c-352F7.1,0.005081623861249277
KB-1183D5.13,0.0050812057850834385
MIR548XHG,0.005080797656589521
RP13-228J13.6,0.005080266443797587
RP11-368L12.1,0.005080246910651994
GP9,0.005079886038590983
RPL36AP36,0.005079675297189432
C11orf52,0.005079651195993408
ASB12,0.0050788968344355504
RP3-395M20.9,0.005078866595940431
ZNF885P,0.0050768665478559405
RP11-345J4.6,0.005076368809284113
GABRD,0.005076162491978131
C19orf81,0.005075934138517158
RP11-463O9.1,0.005075849028434366
NT5CP1,0.005075658689168184
PGAM1P7,0.005075523973215725
SNORD113-4,0.00507453878432516
FER1L5,0.005074298319513497
RNU6-611P,0.005073831734359255
SLC25A47P1,0.005073547401109708
TUBB8P8,0.00507327269197021
AC114730.3,0.005072380629940658
SMG7-AS1,0.005071942656450364
TESMIN,0.005071449346287469
AC092570.1,0.005070770063641072
CTD-2574D22.3,0.005070589006972518
MTND4P20,0.005069978711717315
RP11-499P20.2,0.005069929353874676
LL22NC03-88E1.18,0.0050698612253294905
DACT3,0.005069565994134184
RNASE3,0.005069373359427172
RP11-234K24.3,0.0050684998017603905
AC012485.2,0.005068495230784645
HMGB1P31,0.005068021824586988
C2orf82,0.0050678693655111925
RP11-667M19.2,0.0050670176518096315
GEMIN5,0.005066994273133798
HSPD1P16,0.005066916088991042
AC005757.6,0.005065709038552962
IGLV5-48,0.005065690946444781
PPP3R1,0.00506534454111053
RP11-533O20.2,0.0050650234846398075
AC007285.6,0.0050646292259048644
RP11-455F5.5,0.005063658450922344
IER5L,0.005062254331586432
RP5-827A12.2,0.005062066121942195
RP11-774O3.3,0.005061964044102442
ZNF256,0.005061118387226421
RP11-1069G10.2,0.005060867084138325
CTAGE9,0.00506054651170477
CTD-2533K21.3,0.0050605148611658005
RP11-440D17.4,0.005060201832710578
MIR4648,0.005059579910663134
RP11-500G22.4,0.005059295602549356
SLCO1B7,0.005059046398740414
NRADDP,0.005058988061989771
NAV2-AS4,0.00505840176350523
LINC00701,0.0050582547634644695
PWWP2AP1,0.005057646345135373
RP13-93L13.1,0.005057438749919111
RP11-64C12.5,0.005057270293368976
OPA3,0.005057187774901382
RP11-393I2.4,0.00505708184670361
Y_RNA,0.0050569779449904035
EEF1A1P40,0.005056907778940715
MIR4725,0.005055432555458228
SNORD73B,0.005055209947873756
ELANE,0.005053346636233444
RP11-405F3.2,0.005052762099496326
RP11-861E21.3,0.00505263308037474
LINC00704,0.0050524902832622025
RN7SL263P,0.005051818889766876
KRT17P8,0.005051454297352978
AC104024.1,0.0050509008696549675
RP11-607P23.1,0.005050690083312906
RP4-635E18.7,0.005050681159761811
RP11-219B4.5,0.005050134309359672
RP4-660H19.1,0.005050028243995744
CRYGC,0.005049866437000929
IGKV1-5,0.005049499447986552
RP11-384K6.6,0.005049189887479325
HOXC5,0.005049042105068942
WHAMM,0.0050484026807485404
DDIT4L,0.005048235703539866
RP11-368I7.4,0.005048005953649208
ZNF595,0.005047685448990304
RP11-504A18.1,0.005047354486484234
RSPO2,0.005046783113875855
RP11-697E2.10,0.005046747148536675
RP11-213G2.2,0.005046485190708176
IGKV2D-30,0.005045553986689666
RP3-395P12.2,0.005045540878338152
MTATP6P26,0.005045326864163933
ENPP7P14,0.0050449548624536995
LINC01296,0.0050445891744598905
LINC00954,0.00504417473700872
GGNBP1,0.005044124524645355
IGKV7-3,0.005043994431186309
RP11-116K4.1,0.005043689032931522
AC107081.5,0.005043662335035827
RP1-90J4.1,0.005043475652828667
RP11-521B24.4,0.0050430354373931065
Y_RNA,0.005042768202429326
BACH1-AS1,0.005042606608800022
EIF4BP4,0.005040676993757918
CTD-3157E16.1,0.005040674277398382
AC019118.3,0.005038865380036848
RP11-374M1.9,0.00503813621190961
PHC1,0.005037574667026711
EPGN,0.005037328463807096
AC068492.1,0.005036291176942882
ECH1,0.00503628278653648
NDUFB1,0.005036275552645622
CTD-3138B18.6,0.0050352946092484
RP11-190P13.2,0.00503413127150206
SNORD114-30,0.005034044759890813
RP11-110G21.2,0.005032656043234506
RP11-278C7.3,0.005032548654252381
CPSF4L,0.005032350703327549
NPPA,0.005032294916363016
RNU6-226P,0.005031501266705977
PLPP4,0.005031139100322276
RP11-227G15.2,0.005030911067966639
RP11-416N2.3,0.005030775972726825
ZNF585A,0.005030609192642464
RP11-90P5.2,0.00503044684838996
RP11-796I2.1,0.005030316075453355
RP11-44N11.2,0.005030017384394504
MRPL17,0.005028472616366739
RAD9A,0.005027526253386101
ST8SIA3,0.0050270227678090714
RP4-733B9.1,0.005026953293922199
THAP12P8,0.005025385702770627
PKD1P6-NPIPP1,0.005025176544535211
TMEM167B,0.005024774552019817
CTC-499B15.5,0.005024261181221768
RP1-197B17.5,0.005023893478984761
RP3-418A9.3,0.005023213349984434
RP5-1174N9.2,0.005022877889316519
OR1F1,0.005022787802536414
EVA1B,0.005022081912004657
RAB33B,0.005022040596529582
RP11-70D24.2,0.005021740517322524
RP11-73B2.6,0.0050216770664004646
C16orf90,0.005021506713231025
CCDC183-AS1,0.00502128630853741
CCDC61,0.005021043428691464
CATIP,0.0050203564597519216
AC013480.2,0.0050195932963565705
CTC-529G1.1,0.005019588501204392
RP11-115A15.2,0.005019535813123705
OR13C9,0.005019359653489384
CTD-3032H12.2,0.005019123235984238
HIST1H4D,0.005018704906505398
LRRC14,0.00501865568212723
RP11-350N15.6,0.00501841036340756
HMGN2P41,0.005018250251795974
LEMD3,0.005017957673063181
DDTL,0.005017471000913847
RNU6-307P,0.005017435550969615
LINC01125,0.005017324128923947
CD2BP2,0.00501700164195772
MRPS30,0.00501662424598559
BAZ1B,0.005016296845222382
RP11-1100L3.7,0.005015927040463551
RP5-836J3.1,0.005015598713125433
RPSAP50,0.005015389520431123
NRIP1,0.005015187681638941
MIR4284,0.00501442042454311
MUCL1,0.005013864577320063
RP11-544M22.8,0.005013647587472854
MTCO3P43,0.0050133820620363884
RABAC1,0.005013094680551589
ANKRD28,0.005012923358206881
AC009312.1,0.005012838802963682
RP11-718B12.5,0.00501188778814343
EIF4EP1,0.005010512201090887
C1DP3,0.005010450499585584
RP5-837M10.4,0.005009927104444434
RNY4P6,0.005009718374716856
HSPA8P4,0.005009564842725772
RIOK1,0.005008246335280397
LLPHP2,0.005007030598345057
LINC00535,0.005006828069156116
PRSS53,0.005006694496530777
SNRPGP4,0.005005104987178073
EFCAB14,0.005004500639098706
ZNF696,0.005003286258762829
RP11-24M17.4,0.005002285919352443
RP11-719K4.3,0.005002258341355867
RP11-640N20.8,0.005002058641022281
PSAT1P1,0.00500182935082286
CEBPG,0.005001777054270992
CLCA2,0.005001521544288801
FAM166AP4,0.005001232750161513
RP11-429P3.2,0.005000400988335702
AC016734.1,0.005000189211573534
XKR4,0.005000168867527574
EMILIN3,0.004999846209555204
FGD5-AS1,0.00499922038562468
CHRNA2,0.0049989022136567455
LDOC1,0.004998455305358182
KIAA0907,0.004998016160568856
LA16c-380H5.1,0.004997961663806897
FIS1,0.00499737914777445
RN7SL351P,0.004997121932067281
AC002310.10,0.004996662485841744
TBC1D3P7,0.0049957990917632025
ANKRD20A8P,0.004995795861463478
SNORD42B,0.00499535636153766
CTC-448F2.3,0.004993957992961268
LA16c-444G7.1,0.004993307987912108
C3orf38,0.004993240427326598
RP11-43F13.4,0.004992598727881825
SECISBP2L,0.004992419458712555
CILP2,0.0049920103352348415
RP11-546D6.3,0.0049919630764015755
RP11-417F21.2,0.004991621672513611
FEM1C,0.004991455272567722
IGKV1-6,0.004991432437906516
MTDH,0.004989159952246919
ORAI3,0.0049878345094216715
ERICH3-AS1,0.0049878061448915606
CTD-3194G12.1,0.004987587683022093
PSENEN,0.00498693370064295
ZFP91-CNTF,0.0049865833230293664
POP7,0.004985206506772999
NHP2,0.0049848886737881345
RP11-6I2.4,0.004983715573233055
EQTN,0.004983386816068142
UNC119B,0.004981938787255121
GLYATL2,0.00498039183526871
RP11-348J24.1,0.004979369198151301
EIF5,0.004978346954386602
DLX6-AS1,0.004978225881430087
HIST1H4PS1,0.004977491484841845
SNORA25,0.004976700580890912
IRS3P,0.004976644669696447
MRPS31,0.004976162434717047
C11orf96,0.0049757004016659475
RP3-449H6.1,0.004975636220555244
CCDC124,0.004975580574677945
RP11-298I3.1,0.0049743891998960624
RNU6-529P,0.004974355738874426
LINCR-0001,0.00497399014736025
RP13-884E18.4,0.004972729827005106
RP11-229D13.3,0.0049706280034497
PNOC,0.004970158334688804
RP1-90J20.14,0.004970041485323115
RN7SL385P,0.004967964098249379
RP11-427M20.1,0.004967785766101724
MIR6881,0.0049677406954242295
RP11-705C15.4,0.004967171083329361
RP11-398G24.2,0.004966386123503401
HIST1H4H,0.004965573219715644
CTD-2006C1.12,0.004964909553979327
BMS1P4,0.004964780289556673
RP11-666E17.1,0.004964340802532469
MT-ND6,0.00496399086575163
NDUFAB1,0.004963282153951511
LINGO1-AS1,0.004963113360177999
ELAC1,0.004962877476958053
RP11-466H18.1,0.004962620148641821
RP11-524C21.2,0.004962240784764158
RP11-357K6.1,0.004962016568458505
ARFGEF2,0.00496189784177789
GXYLT1,0.004961213980415676
YBX1P10,0.0049599196773542605
RP11-120M18.5,0.004958496152662664
AC006042.7,0.004958447929457044
RP11-713N11.6,0.004957654996070173
RNU6-118P,0.004956498269897948
HLA-DRB6,0.004956227037711255
RP5-1067M6.3,0.004956201941148229
RPL7AP34,0.004955631848071999
PSMA6P1,0.004954639026488955
FZD10-AS1,0.004954032097922701
SMU1,0.00495333419318856
RP11-250B2.5,0.004951219548522455
RP11-152F13.8,0.004951139218810267
HM13-IT1,0.004950563744553539
CTA-363E6.5,0.004949484788972458
SNRK-AS1,0.004949457262098365
RP11-650P15.1,0.004948814244389854
GBX1,0.00494761566160007
RP11-41O4.2,0.004947560039645524
FOXRED1,0.004947515052314157
Y_RNA,0.004947423959801316
RP11-469N6.1,0.004947316590859819
PDRG1,0.004946499956335561
GEMIN7,0.004946472513605278
RP11-902B17.1,0.00494605689768889
MIR3065,0.004945164845029457
RP11-381N20.2,0.004945030674030945
AC104024.2,0.004943826688308114
RP11-77K12.10,0.004943199138625696
RP11-101E7.2,0.004943050597540177
AC005329.7,0.00494294380091537
MIIP,0.004942257915191781
RP11-524L6.4,0.00494216559793234
RN7SL204P,0.004941780781098219
AC013460.1,0.0049417150938700204
ZNF764,0.004941624538479761
RPL6P9,0.0049410042399078025
RNU6-1104P,0.004940870936927396
AMER3,0.004940797810535026
RP5-966M1.4,0.004940683084195948
RP11-574K11.5,0.004940592979657639
RP11-269C23.5,0.004940412760323383
OR7E7P,0.004940318143667595
RHPN1-AS1,0.004940115061641341
CTD-2210P24.2,0.004939935727027497
UBE2M,0.0049394036982239285
LA16c-381G6.1,0.004939386228445998
LCN9,0.004939353985860796
RP11-21K12.3,0.004939193272159743
MIR455,0.004939060946707057
YY2,0.004938282575827107
SNORD116-12,0.004938279910847328
RP1-309F20.4,0.0049382529233667205
RP11-403B2.7,0.004938160253306777
RP11-458J1.1,0.004937363340828106
FLJ35934,0.004937163327271192
RNU1-85P,0.004937056955596582
CST6,0.004936514618116469
SUSD5,0.004936415450634093
RIPPLY2,0.004936248060293199
RP11-532F6.5,0.004935693009812083
HES5,0.004935650121777458
GGT6,0.004935159432475008
CTD-2022H16.3,0.004934881170866084
RP11-6J24.3,0.004934072819553576
IER2,0.004933945308527485
MIR4641,0.00493376772463359
AL360294.1,0.00493306790718065
RNA5SP160,0.004932905934000404
TMEM213,0.004932705085988452
RP11-348N5.7,0.004932535269328582
COX5B,0.0049320458889508005
RP11-619A14.3,0.00493183161922698
AC092597.3,0.004931736533340957
LRPAP1,0.0049316751740920576
IGKC,0.004931609940978821
AC064875.2,0.004931548120178747
IGHV1-69,0.004931404096282074
Metazoa_SRP,0.0049312332042229
RP5-832C2.5,0.004930707095435958
RP11-43P5.1,0.004930319218622312
HADHAP1,0.004930112573955356
RP11-477J21.6,0.004930087888223787
RP11-84C10.2,0.004930050546176119
AC079779.5,0.004929840583710605
ALG1L15P,0.004929238114139118
RP4-555L14.4,0.004927849441309735
PLBD2,0.004927363463786839
RP6-109B7.2,0.004927347494537214
KIAA1143,0.004927252109303352
ZNF880,0.004927052269155057
LRRN1,0.00492626003969955
RP11-323F24.3,0.0049256765749682635
ZNF616,0.004924662803847901
RP3-382I10.7,0.0049245858587507445
RP11-108M9.6,0.004924173486107072
RP11-536P16.4,0.004924153252809879
RP3-467L1.4,0.004924095452163287
RPL26P3,0.004923989999460475
LINC00173,0.0049239021672188394
CCSAP,0.004923848484151216
AKR1B10,0.004922922305144413
SRRM5,0.00492279617317424
RTL1,0.004920980509049369
RN7SL468P,0.004920976563366163
RP11-274H2.2,0.00492093320773616
USP17L7,0.0049208419360049615
RP3-522D1.2,0.004920698558482684
ZNF587B,0.00492010226017938
TUBB3,0.00491960303906487
RP11-16L21.7,0.004919003732052329
RP4-535B20.1,0.004918819806020122
IGHV3-21,0.004918645650417661
RP11-148O21.6,0.0049186034798691
RNU4-78P,0.004918537443071482
C11orf53,0.004917591584608771
KCNK15-AS1,0.004916950966443979
RNU1-22P,0.004916879451216834
PRDX2P4,0.004916377529360469
LIMD1-AS1,0.004916215679909109
RP6-201G10.2,0.004915992820121092
CTD-2089N3.3,0.004915390592572515
CTC-370J7.1,0.0049148622960441864
MIR4513,0.004914007432363128
MRGBP,0.004913763558880421
RP11-600F24.7,0.0049137156833382765
PTP4A1,0.004913127977344286
MIR497HG,0.004911200200261436
ATP5EP1,0.0049109369492664175
HOXB6,0.004910824875512329
TEX40,0.004910359889460454
ARMT1,0.004910074058491005
RP11-686G8.5,0.004910004342521605
AC006548.28,0.004909171443505191
PIR,0.004908726540273238
RP11-286N3.2,0.004908601222613171
RP11-12D24.10,0.004908503728213925
C2CD4B,0.00490817134405874
RNU6-554P,0.004907812222994368
PTPN20,0.004906810692120089
NBPF14,0.00490608471730752
RP11-561B11.6,0.0049060213103788285
CNIH3,0.004905859504889205
RP11-141O11.1,0.004904610732904523
MIR32,0.004903993525227731
RP11-365D9.1,0.004903520660969416
ZNF134,0.004903279592647072
ZHX2,0.004903046934339058
RP11-556I14.2,0.004902755456259822
RP11-383C6.2,0.00490268767791587
RP11-696D21.2,0.004902388858968871
HSPD1P5,0.004902028563512767
RP11-74C1.2,0.004901744438155512
WI2-8325B5.1,0.004901667859485725
OPTC,0.004900671195821833
AL772307.1,0.004900620983837641
RP11-372B4.3,0.00490055947731236
RP11-325D8.1,0.004900141695000083
KLHL20,0.004900031712082994
SCGB3A1,0.00489992874559375
RP11-248E9.6,0.0048995000853905854
DIO1,0.00489912512193976
RP11-407G23.5,0.004899091075816605
RP13-685P2.8,0.004898541101399583
CTD-2130F23.1,0.004897880247964265
ZNF70,0.004897595442597471
RP11-313P22.1,0.004897456256178359
EXTL3,0.004897316264724259
RP11-817I4.2,0.004897196907965938
RP11-407B7.3,0.004895797777896538
CTD-2369P2.5,0.004895476727484608
RP11-2L8.2,0.004893405386127869
RP11-93O14.3,0.00489303947521535
COX6CP3,0.004892865501088384
CTB-83J4.1,0.004892771217110568
RP11-323J4.1,0.004892295777263425
CCDC81,0.004891859288057865
CRAT37,0.0048917304721628465
RP11-617D20.2,0.004890118058920394
RP11-96H17.3,0.004890010402656042
RP11-746P2.5,0.004889665367775182
RP1-128O3.6,0.004889465489216088
RP5-940J5.8,0.0048894586116493095
AC005391.2,0.00488941117107243
CST9LP2,0.004889339698443034
AL773572.7,0.004889307171547164
IGKV2-30,0.004889244173996188
CEP135,0.004888606265754126
C17orf75,0.004888042424258109
RP11-176D17.3,0.004887806097328105
RP5-1101C3.1,0.0048874382945074835
MSH4,0.0048871190849657156
AC083899.3,0.00488656751757945
PLA2G3,0.004886318294841384
RP11-839D17.3,0.004886310932068029
RP4-694A7.2,0.0048863087475622844
CMB9-55A18.1,0.004886280284570539
RP11-495K9.2,0.004886112385515122
CTD-2369P2.8,0.004885691275194023
AC024704.2,0.004885508978932954
PCDHAC2,0.004884833431390974
SNORD82,0.004884197192716905
SENP5,0.004883910899248906
MIR3180-3,0.004883052840725267
TNFRSF25,0.004882964371569144
CCDC157,0.0048829255322666585
ZBTB39,0.0048827039508236355
RP11-242G20.1,0.004881446379099167
LL0XNC01-240C2.1,0.004881059546090586
INAFM2,0.0048801328377843615
CTD-3154N5.1,0.004879231928366485
RP11-238K6.1,0.004879072372910142
RP11-466G12.3,0.004879061202332906
ALLC,0.004878573786997503
RP11-255E6.6,0.004878179505759779
RNU2-34P,0.004877833890908083
GRK6P1,0.0048778071860690175
RP13-735L24.1,0.004877779433098312
RP3-436N22.3,0.004877613801129322
SLC5A5,0.0048764963730875445
RP11-573D15.2,0.004876476754834457
RNU6-1301P,0.004876049777986795
SCML2P2,0.004875907247461586
RP11-175B9.3,0.004874922084447074
TMEM262,0.004874515365177744
TRIM60P17,0.004874371972097959
SYNJ2BP,0.0048731364479031175
LINC01372,0.004872969603087356
RP11-4C20.3,0.004872831775512327
RGP1,0.004872041817864477
LINC-PINT,0.0048718574699202115
MPHOSPH6,0.004871784245356748
CTD-2525P14.5,0.004871013699933142
RP11-5C23.1,0.004870842306415105
RP11-174M13.2,0.004870726825532536
FBXO48,0.004870503686958689
RP1-224A6.9,0.0048691115136531085
BNIP3P22,0.004868863428890438
SNORA68,0.004868147642222413
HBQ1,0.0048681147256876235
CTA-503F6.2,0.004867793071853456
RP11-20J15.3,0.00486699196589296
NKX3-2,0.004866833691743571
SCARNA11,0.00486615886893936
CTB-58E17.3,0.004865932196848516
TTK,0.004865901537679736
TUBB8P1,0.004865618898454325
OTULIN,0.004864736698635867
DDX10,0.004864489260867251
RP11-563E2.2,0.004863626081129662
AP001625.4,0.004863382059595286
LY6G6E,0.00486314809930555
RP11-522B15.6,0.004862998890042872
RIMKLBP2,0.0048626835810726176
RP11-390N6.1,0.004862680217184723
ZNF35,0.004862181126333391
SLC22A4,0.004861819112003579
RP11-54A4.2,0.004861735913284748
RP11-196G11.1,0.004861120745732588
CLEC5A,0.004859520409876439
RNU6-460P,0.004859380198604402
CTD-2525I3.2,0.0048583994864587355
FRMPD3,0.004858016291595128
GS1-293C5.1,0.004857456284874478
AC010894.3,0.004857410341697317
RP11-673F18.1,0.004855909278492385
CCNT1,0.004855823540210539
RP11-544I20.2,0.004855465518315624
RP11-793I11.1,0.0048553430339415785
CDH17,0.004853961743211178
AC010226.4,0.004853428274499693
ITCH-AS1,0.004853253433176806
BPIFB1,0.004853041318730302
RP11-300J18.2,0.00485296819418425
AC064853.3,0.004852399119760586
CTC-436K13.1,0.0048521653876502655
AP001055.6,0.004852111273610377
CLIC4P3,0.00485140291828966
CPTP,0.004851088498253896
RP11-27G22.1,0.0048505473589976165
C3orf14,0.00485048489988392
ZSCAN5A,0.00485024632214769
RP11-249C24.10,0.00484998005012551
RNU6-1278P,0.004849814186941291
ZNF639,0.004849562228571616
RP11-165E7.1,0.004849397640305893
RAB39A,0.004848887518620185
RNU6-510P,0.004848188063422077
RP11-342M1.6,0.004847148101167086
RP5-1002M8.4,0.004846439964015772
RP11-462G12.4,0.004846377661017596
MAN1B1-AS1,0.004846267348214961
RPL12P30,0.004846109657230782
AC104135.2,0.004844847329123208
CTB-55O6.12,0.004844645247251344
FLJ21408,0.0048440913048079645
RP3-382I10.3,0.004844037979227409
AC135050.5,0.004843539465530701
RNU4-28P,0.0048433122780185455
RP11-576N17.3,0.004843012302224547
FAM66C,0.0048430089532649
HECW2,0.004842324314270478
SLC20A1,0.004841616344361408
FAM91A3P,0.004841312561446148
ZCCHC12,0.004841241823086332
RP11-93I21.3,0.004840587163573762
RP11-192H23.5,0.004840267665634211
MIR3680-1,0.0048389886728137065
RP11-13K12.6,0.004837669601759606
RNU6-1157P,0.0048375672833272185
MED21,0.004837270512944591
RP11-379P15.1,0.004837183093877237
AP001469.9,0.0048369796604504495
PF4,0.004836799826752484
PIM2,0.004835691532889708
RP11-10N16.3,0.0048353569728897755
RP1-90G24.6,0.004835125546819671
SNORA31,0.004834318785629179
CTC-455F18.3,0.004834300457481276
RP3-499B10.3,0.004833633011314599
RP11-276H7.2,0.00483323082119273
RP4-794I6.4,0.004833050697472341
LIN28B-AS1,0.00483248806003314
EMC6,0.004831958093077488
C12orf74,0.004831530394977097
AP002856.7,0.004831355670319112
LY6G6D,0.004831321673530693
ZBTB6,0.004831273724992294
RNU6-1248P,0.004829736498850747
RN7SL280P,0.004829307266616672
CHD1,0.004828583894680973
LINC01625,0.004828212077649858
RN7SL804P,0.004827808549568434
RP11-271C24.2,0.00482735894961973
RP3-468K18.6,0.004827016186396315
SYPL1,0.004826808142880314
CXADRP3,0.00482579892203293
RP11-46J23.1,0.004825713552291948
RP11-888D10.3,0.0048250178731031445
RP3-405J10.3,0.004823951666581259
FOXE1,0.004823895462768587
MTCO3P22,0.004823444131384262
Y_RNA,0.0048230228913852475
TAF10,0.004822465108520112
RP11-480N24.4,0.00482194420358198
RPL12P47,0.004821647971532412
RP11-81K2.1,0.004821024716156524
TMEM86B,0.0048208622283113425
AOC2,0.0048203544485308815
RP11-208N14.4,0.0048200137997961735
SNORD37,0.004819577041616304
HOTAIR,0.004819268400609943
SNORA51,0.00481918216373597
RP11-394B2.6,0.004819088638588333
ARL9,0.004817807129737924
FXYD7,0.0048178022553385285
RP11-411B10.8,0.004817414366870992
snoZ196,0.004817234992782681
Metazoa_SRP,0.004817080708820601
RP11-167N24.3,0.00481636843166723
uc_338,0.004815526100586855
NKAPP1,0.004814572952729042
ZNF575,0.004814302643529035
EMBP1,0.004813550778126966
RP11-274B21.3,0.004812570095385729
RP11-1102P22.1,0.004812528269552932
RPS7P11,0.004812489085724333
SLAMF6P1,0.004812419550693105
MYL12BP2,0.004812299239636393
RP11-455B3.1,0.004812150178700797
RPL7P17,0.004812051192244478
CTD-2514C3.1,0.004811943219292527
RP11-932O9.8,0.004811745718842081
IGHV4-31,0.004811072638195284
Y_RNA,0.004810989877197634
LINC01623,0.004809990097783547
CTD-2147F2.1,0.004809919379628135
RP5-1119A7.17,0.004809891909396286
CTB-1144G6.6,0.0048097010441583215
OPRD1,0.0048089748249321865
RNU6-1084P,0.004808801054713551
N4BP2L2,0.004808492347107018
MIR4322,0.004808299781360584
RP11-273G15.2,0.004807845486289618
CICP27,0.0048070379402551525
GPRIN1,0.004806054216522475
PGLS,0.004805794540043095
ZSWIM5P1,0.004805635175503977
AP002962.1,0.004805357720602203
STEAP1,0.00480520763085856
RP11-281O15.2,0.004804959341896091
RP11-1096G20.5,0.004804753907805877
C5orf60,0.004804142919880732
RP4-719C8.1,0.004804001137002953
NTNG2,0.004803386713784762
LL0XNC01-105G4.3,0.004802074399318957
RP11-1105G2.4,0.004802009806144424
ZNF460,0.0048016993559332494
RP11-80I3.1,0.004801695523510166
AC004004.2,0.004800894553733168
C12orf73,0.00480081527305263
RP11-435F13.2,0.004800235823819296
LINC01300,0.004797982322638551
LINC01354,0.004797892729849374
SERTAD1,0.004797094949363636
IGSF23,0.004797022426658313
GPR3,0.004796397352573705
FBXL7,0.004796285834767416
AC104794.4,0.0047959533176169375
HLA-DPB2,0.004795428017652494
ZNF552,0.004795270192321629
WARSP1,0.004794569602175659
RP11-348H3.2,0.004794551000009297
ITPR1-AS1,0.0047938850938434455
RP11-96K19.5,0.004793686615670003
RP4-569D19.5,0.004793053660293306
RP11-693J15.3,0.004792698104631134
RP11-298E9.5,0.004792494356708269
RP11-552F3.9,0.004792260295762359
RP11-347C12.3,0.004792258555071132
AC145676.2,0.00479223792966747
RP11-561N12.5,0.004791223896528184
TRAJ19,0.004790965814800376
AC008781.7,0.004790551665902097
RNU6-1091P,0.0047900017757212966
RP11-447L10.1,0.00478983336753542
DNAJA1P6,0.004789714047780254
RP11-123K19.1,0.00478906186005239
C17orf58,0.004788497770801841
PLLP,0.004788469004944157
UPK1A-AS1,0.004788271187630779
BMS1P4,0.004788005056653859
FKBPL,0.004787039808490052
RP11-53O19.1,0.004786822071639624
MRPL33,0.004786182512782049
C9orf16,0.004786103148297381
ZNF649,0.004785784564372761
ACTBP13,0.004785739973725431
AL133493.2,0.004785372405531443
Y_RNA,0.004785318233481027
CTB-36H16.2,0.004785299112724167
ASS1P12,0.004784961318726743
TCEANC2,0.0047847162467476246
RPL7P16,0.004784216524036693
RP11-400L8.2,0.004783711423741106
KCNK13,0.004783336599200701
RP11-702L15.4,0.004783247360359167
GTF2IRD1,0.0047821864358403585
CETN3,0.00478178342394579
5S_rRNA,0.004781576273759762
RNU2-25P,0.00478150688697596
RP11-49I11.2,0.004781464729983912
MIR3186,0.004781178940503547
RP11-651L5.3,0.004780982625346237
AC002306.1,0.0047806071718946045
KRT18P34,0.004780550032080178
AF196972.9,0.004780164845374921
THEG,0.004779759723030311
RP1-111C20.3,0.004779718629213233
AC015849.16,0.004779610535255151
TIGD5,0.00477935188477047
MIR378J,0.004779313895024555
RP11-17M24.2,0.004777823105826579
AC083822.2,0.004777426575684939
TBPL2,0.0047773834039189595
MRPL57,0.004776721214131558
RPS6KA2-AS1,0.004775686510929781
UBQLN2,0.004774762901302884
RNU6-301P,0.004774406159534279
CORT,0.0047737906438449235
FOXN3-AS1,0.004773301245595332
LINC01554,0.004773256669054704
RP11-511H9.3,0.0047728566965046315
SNORA9,0.004772295276749107
PRG2,0.004772221651642921
OR10V3P,0.004772167135192512
LETM1P2,0.004771289066955589
RPS11P6,0.004771142031542958
RP11-80I15.1,0.004770984849067022
BMS1P9,0.004770933636544784
RP11-442P12.2,0.0047697915410011334
NPIPB6,0.004769549727242448
RBM17P4,0.0047694752234242795
RPL21P42,0.004769405498917106
FAXDC2,0.0047682813552661265
RP3-368A4.5,0.004767616492508176
ZNF402P,0.004767509302740993
HOXD10,0.004767029056653233
AP000997.2,0.00476603185940021
Y_RNA,0.0047658087680465455
Y_RNA,0.004765446440205965
AC021188.4,0.004763837934016082
SETP17,0.0047636571116835376
RP3-453C12.15,0.00476288503197357
RP11-13A1.1,0.004762819411160405
PSMC1P12,0.0047626135781883155
RNF5,0.004762301344998526
RP11-98D18.7,0.004762107888620242
CHIAP1,0.004761382709990107
B3GALT2,0.004759381306396599
RP11-127L20.3,0.004758712262985764
ZNF790,0.004758641365088187
RP11-358M14.2,0.004758448496019507
SNORA5C,0.0047578118208447965
MIR4520-1,0.004757420026411042
LINC01396,0.004757126771065727
DPP3,0.004754167523589893
FRZB,0.004753833556714124
RP11-274B21.14,0.004753214485108322
ANG,0.004751599604247019
FLJ37453,0.00475155728994106
RPS21P1,0.004751309239723537
RP4-777L9.2,0.004751270907222429
LYG2,0.00475068797630477
MED28P8,0.00474957195078143
BIVM-ERCC5,0.004748980459417397
GTF2IP5,0.004748439899663558
RP11-701H24.4,0.00474797907091381
SLC46A2,0.0047477515295233285
CTD-2193P3.2,0.004747189873620058
COX6B1P5,0.004746956734287416
CTC-501O10.1,0.0047457141140555435
IGHD3-3,0.004745572072344212
RP11-1L9.1,0.0047454954963656966
RP11-517C16.4,0.004745339015256532
SOX8,0.004745337499462292
RP11-40E6.2,0.004745277242488218
AP003900.6,0.004744775958315717
LINC01477,0.004744719764456257
HNRNPA1P3,0.004744401659977271
RP11-7I15.4,0.004742082135729058
HCG25,0.004741438748398827
RP11-243M5.3,0.004741155690802361
UCN2,0.004741015986004458
Metazoa_SRP,0.004740365668987686
IGHV3-42,0.004739769604566233
RP11-15A1.3,0.0047397018379543385
HSD17B1P1,0.004739587853229336
ZBTB14,0.004739231380313738
UST,0.004738449095826712
FGD1,0.004738383915310362
RP11-5O23.2,0.004738273400837898
CTA-384D8.33,0.004738257275263433
SIGLEC12,0.00473825263754538
SPRY4,0.00473787015609724
NUFIP1,0.004737579368912575
MIR7156,0.004737474655083109
SLC39A3,0.004737368795416964
KB-1615E4.2,0.004736960257575097
RNY4P17,0.0047361070219916895
ALMS1P1,0.004735908085909155
TMEM229A,0.00473579502871782
PABPC1P7,0.004735745423856132
Y_RNA,0.00473543194835879
CTC-250I14.3,0.004735243488636571
SCARB2,0.004734820733652503
RP11-10K17.6,0.004734756651411574
RP3-522J7.6,0.004734509086358208
FTLP6,0.0047341169847300146
PCDHB3,0.00473358176447916
OPCML-IT1,0.004733206816456107
RP11-717F1.2,0.004732850876022087
RPL22,0.004732597250096839
RP11-20O24.1,0.0047325585433477535
CDCP1,0.0047321998954634745
RNU6-965P,0.004732151920290423
MGAT4EP,0.004732041508401959
ZNF385D-AS1,0.004731468658442127
RP11-37B2.1,0.004731073624272443
RP11-215D10.1,0.004730751066895556
NECTIN4,0.004730090607295435
RP11-309L24.2,0.00472934522411529
RAB14,0.004729071473156778
F2RL3,0.004728981524245369
CTD-2555A7.1,0.004728769933092867
RP11-124N14.3,0.004728357833377578
HOXA-AS3,0.004728030233488119
RP11-326I11.5,0.004727440144651306
RP11-351O2.2,0.004726883187438799
INHBB,0.0047265791985123436
ATP6V0C,0.004726511798449227
RP11-205M3.3,0.004725500603273705
RNU6-101P,0.0047249192192708065
TMEM185B,0.004724851522447849
RP11-12G12.7,0.004724811130656141
IPPK,0.004724044933716699
RP11-667K14.3,0.0047235533870345365
HSPE1P10,0.004723474103625109
RP11-248E9.7,0.004723218735424615
RP11-481J2.3,0.0047224863898819225
ASNSD1,0.0047224356536137374
KLF3-AS1,0.004722043244627325
MTCO3P20,0.004721946415968049
ZNF551,0.004721733756734471
RP11-171I2.5,0.004721600391927918
LINC00881,0.004721554297553204
RMI2,0.004721248080619079
ELAVL3,0.004721153422686905
HIST1H3E,0.004720957322479007
PROKR2,0.004720803656470448
MYO15B,0.0047206610137630195
PPIAP9,0.004720160787009268
RP11-643G16.4,0.0047201328858983765
ZAR1,0.004720120024752912
AC009299.4,0.004719252477461194
HERPUD2,0.00471891375371668
AC008592.8,0.004718206561603709
MSH3,0.004718077345969021
SBDSP1,0.004717173483270274
PCDHB2,0.004717117108866394
TPSG1,0.004717002409304791
RAB9A,0.004716910516904051
ZBTB11,0.004716612726012894
DBIL5P2,0.004716150505862937
AP000577.2,0.00471592057924178
RP11-278A23.1,0.004714884030923916
RP11-435O5.6,0.004714854311612835
CTD-2529O21.2,0.004714113876461142
AP000350.5,0.004714031897994016
RP11-1109F11.3,0.004712563513321256
MIR4298,0.004711858728880408
GTF2IP23,0.004711829827754156
RP11-14O19.2,0.004711681896240254
CABP7,0.004711657002889634
RP11-38C17.1,0.00471116726629316
KCNJ12,0.004711119185168805
LINC00484,0.004710684238584919
SBF1P1,0.004709264569335369
GVQW2,0.004708933537337676
TRIM60P19,0.00470844391843538
SNCA-AS1,0.004708235503562223
GS1-306C12.1,0.004707791743320675
RP11-1096D5.2,0.004707155527985742
AC004221.2,0.004706972726822077
PRO1804,0.004706118903797378
RPL17P22,0.00470607415375391
RP11-317G22.2,0.004705240518886837
ATP1B1P1,0.00470516536112325
SSU72P8,0.004704564214935106
RP11-6F2.5,0.004704469579785595
IGKV3D-11,0.004704294990074676
LINC00092,0.004704087711107238
RP11-61J19.5,0.004703489637988348
RP11-747H7.3,0.0047030949817204095
STK33P1,0.004702642138785292
LINC00930,0.004702616265767486
ROCK1P1,0.00470247854946094
RP13-977J11.3,0.004702411342419524
RP11-116D17.1,0.0047022620400073495
AC092316.1,0.00470147640887495
TPRG1,0.004701408932957876
CTD-2621I17.6,0.004701358872226564
NBAT1,0.004701240927323985
CAHM,0.004700401821039477
DNAJC30,0.004700259237514697
RP11-101E3.5,0.004699856459351885
POM121L4P,0.004699684751918961
AC068279.3,0.004699122145542865
LINC00111,0.004697966071795396
MIR26A1,0.004697074597168949
AC078899.3,0.004696798296523759
ANKHD1-EIF4EBP3,0.00469662404720726
RP11-433A10.2,0.004695699979058678
AC142472.6,0.00469537180593529
AC034187.2,0.00469527249527288
NLRP8,0.00469470033315226
RNU6-678P,0.00469428126538436
DUSP3,0.004693697898598043
OR1F2P,0.0046930571294334835
RNU6-871P,0.004692582500224934
NCOR1P2,0.004691886175436987
ASF1A,0.004691651774902117
HSPE1P6,0.004690927541638397
CTC-529I10.1,0.004690842348263184
KRT8P13,0.004690736218057178
RP11-723O4.7,0.004690292673781707
RP11-710M11.1,0.004690252161597212
HLA-DPA2,0.0046896869959439265
RP11-506H20.1,0.004688558107252366
RP5-1057I20.6,0.004688181475011638
IVL,0.0046875277363039635
RP11-378E13.3,0.004686938929068471
VENTXP7,0.0046862384416796465
RN7SL823P,0.0046854563748450415
TRAPPC2L,0.004685412188625768
SLC9A6,0.004684512636329307
RP4-604G5.3,0.004684465957141978
MED17,0.004684446176898369
RP11-158H5.8,0.004683508537139273
AC010894.5,0.004682444168745253
RP11-124N19.3,0.00468228175481489
CTA-313A17.5,0.004681070922322728
ZNF653,0.004680846357381606
RP11-212P7.3,0.004680575253762683
RNU6-1187P,0.004680044251508798
RP11-483E23.2,0.004679260868080258
CTB-40H15.4,0.004678633302331126
RRAGA,0.0046786005918930985
RP11-45A17.2,0.004678479894795981
AC091180.1,0.00467836370300862
EEF1DP5,0.004677480573084124
GAPDHP27,0.00467735182545714
RP11-675F6.4,0.00467713415180136
RP11-2I17.4,0.00467709664985738
LINC01220,0.0046768332767954885
PPIAP3,0.004676144218873984
BCYRN1,0.00467549426615111
SNORD114-14,0.004674932407020495
CTD-3179P9.1,0.004674314561227668
HRASLS5,0.004673767093198879
RP5-856G1.2,0.004673743156344183
P3H2-AS1,0.004673545325617577
HSPA1A,0.004673359325750218
CCT6P1,0.0046733455574136575
RP11-107N15.1,0.004673321855290899
MIR1180,0.004673152861919536
RP11-418J17.3,0.004672752763755815
RP11-476I15.5,0.004672194648330188
RP11-381O6.1,0.004672161817945884
BX322557.10,0.004672103810761595
AC116614.1,0.004671860749309686
AL137067.2,0.004671029327085394
HMGN1P35,0.0046699621975872085
RP11-480D4.6,0.004669950617687744
TRIM36,0.004669689900516581
RP11-230G5.2,0.004669514572766735
CTA-384D8.35,0.004669459972156246
LINC01388,0.0046690249994261026
CYTL1,0.00466875553314435
RP11-1376P16.1,0.004667998971060875
HEBP1,0.00466740145495525
LINC00621,0.004667253623407124
RAD18,0.004666778013574857
RP11-166B2.7,0.00466674384913331
C1QBPP2,0.004666561444566563
RP11-47G11.2,0.004666072134832961
RP11-338N10.1,0.004665849105961842
KRT8P33,0.004665562393587727
C5orf67,0.004665434248272828
RP4-620E11.8,0.004665375134944852
RP11-712B9.2,0.0046645857508842105
MIR623,0.004664029498671162
NAP1L1P2,0.004663551873602277
RN7SKP97,0.004663260509663695
LINC00332,0.004661922359268351
RNU6-724P,0.004661142421271743
RP3-475N16.1,0.004660902782188595
CTD-2647E9.1,0.004660554791324516
snoZ6,0.004660481362047759
RN7SL182P,0.004660316885110662
RP11-561B11.2,0.00466015421560049
RNA5SP203,0.004660072373598487
EIF1P2,0.004659631872445891
RP11-498E2.9,0.004658950195632431
RN7SL316P,0.004658929394212718
IGLC3,0.004658580069043434
RP11-732A19.6,0.004658235631990851
SEPT14P12,0.00465715036247423
XXyac-YM21GA2.4,0.004656955888245582
ARL11,0.004656888705443559
LRRC37A7P,0.0046568447588819974
GCNT6,0.004656838767255951
MIR26B,0.004656627176515723
CDK2AP1,0.0046556218466792445
RPL29P14,0.004655337304593752
GVINP2,0.00465491610973179
AC005578.3,0.004654469315978169
RP11-70C1.3,0.004654219069725349
AGGF1P3,0.004653749092472064
RP1-68D18.4,0.004653264877576272
RP11-981G7.3,0.004653239328055215
MTBP,0.004653071130479572
RP11-688I9.4,0.0046530559242959
RNU6-30P,0.004652905464741431
DCTPP1,0.004652856976593461
RP11-77H9.8,0.004652314403693939
OR2A9P,0.004650183461550918
IGKV1D-8,0.004649973726172342
FAM86B3P,0.0046497888027938325
RPL7P29,0.004648836098794062
TFAM,0.0046487553528727086
RP11-624D11.2,0.00464846892343438
CIC,0.004648296892853306
RP11-1100L3.8,0.004647236526534975
RNU1-47P,0.0046471841881238225
KIAA1147,0.004646584990756712
HIST3H3,0.004645932736947933
RP11-466P24.6,0.0046452817925346675
RNF139-AS1,0.004645155850136906
LINC00337,0.004644853214135196
RNU6-1098P,0.004644632774807401
TAS2R3,0.004644482933751931
RP3-465N24.6,0.00464362126967857
RP1-20N2.8,0.0046433209114101915
RP11-125O18.1,0.004643215030474732
RP1-153G14.4,0.004642281296836326
RPL21P23,0.004641875589597923
RPS2P55,0.004640748834376613
AC019206.1,0.004640268881064376
RP11-191G24.1,0.0046400994428653555
AC002064.4,0.004639847814196493
AC002451.3,0.004639823037641001
RP11-70D24.4,0.0046397464943676026
RP11-441O15.3,0.004639476434469615
CALHM1,0.004638984107111558
RP11-356M20.1,0.0046388734598790254
IGHV1-2,0.004637587614183765
CTD-2515H24.2,0.004637577816000277
STK38,0.004637435906898187
SYNJ2BP-COX16,0.004637324441448532
RP13-152O15.5,0.004637157154614002
AL590763.5,0.004637018145571589
RP4-785G19.2,0.0046363949615047485
Y_RNA,0.004635924077436387
OSM,0.0046358321492735765
RP11-461A8.4,0.00463572600179757
STAC3,0.004635719112658022
ZC3H3,0.004635671121403456
CTB-105N12.2,0.004635569130107831
RP3-337O18.9,0.004635429827267789
OR2A20P,0.004635070470013987
STRADBP1,0.004634365762516433
IGLC2,0.004634014614048169
RP11-325L7.2,0.004633796402397785
RP11-476C8.2,0.0046334165532654495
RP11-982M15.6,0.004633403307073854
ZDHHC1,0.004633169209691287
RP11-573D15.1,0.00463279660176198
RP11-303G3.9,0.004632737961513966
RNA5SP151,0.004631862100473158
RP11-205K6.1,0.004630144905964141
TRIB1,0.0046292408572655664
RPL39P3,0.004629083106998105
RP11-214K3.25,0.004628986355613278
CYP27B1,0.004628978032382347
IKBKGP1,0.004628071470058594
GUCY2GP,0.004627674053292285
AC133785.1,0.00462739581626376
LINC01269,0.004626958167139939
ISM1-AS1,0.004625002913634083
RP11-244N9.4,0.004624933692172245
RP4-564M11.2,0.004624931449255872
IGLV3-25,0.004624842852968076
AC002539.1,0.004624215392432178
SBK2,0.004623234471915165
RP11-669B18.1,0.004623056117381767
LINC01358,0.004622831790095884
TRAPPC4,0.004622752016131406
CTD-2302E22.5,0.004622650933661337
PRELID1P4,0.004622527092789681
RP5-890O3.9,0.0046218467087788696
AC007362.3,0.004621741966589549
SHISA4,0.004621075128949932
U3,0.004620645962434319
RPS6P22,0.004619932353243833
RP11-579O24.1,0.004619813650379861
RP11-417L19.2,0.004619474431591467
IGLV4-60,0.004618932840911262
RPL5P8,0.004618767724846152
RNU6-624P,0.004618539022536016
GJB5,0.004618437604970491
RP11-29G8.3,0.0046181747745345
SERPINA2,0.004618115221181194
RP11-492E3.2,0.004616915269034941
RP11-314D7.2,0.0046160401586639605
CTB-50L17.5,0.00461546561457341
MIR6747,0.004615387928410714
DBNDD2,0.004615276457778822
AC091878.1,0.004613945381239103
VSIG10L,0.00461313035375454
AF127936.7,0.004612869179106565
COMMD5,0.0046122345205170286
PSMA6P2,0.004612134367268091
CTD-2532D12.4,0.004611139489649519
RNA5SP131,0.004610546870030349
RP13-895J2.8,0.004610361601629951
RND1,0.004610171687893435
AMACR,0.004609609158231929
RP11-51F16.1,0.00460857302114258
WIF1,0.0046083693741409
RP11-373J21.1,0.004607859395933474
HIST2H2BC,0.004607421275612414
CHRNB2,0.004607379882867034
USP17L2,0.004607270143177006
RP11-264B17.4,0.004606365166664069
DPY19L1P1,0.00460626022689453
MIR34A,0.0046062335343552765
RP3-449M8.6,0.004606115503927027
RTP5,0.004606095239550983
LINC00870,0.004605958811483941
RPL10P8,0.00460569845576858
MRPL35P3,0.00460529748287062
TPT1P1,0.004604369248489101
ANKFN1,0.004604305757982926
PHOX2B,0.004603864427650416
RP11-155N3.4,0.004603345595238017
PELI2,0.004602808123474043
RP11-290M5.4,0.0046027912899051105
CTD-2287O16.1,0.004602186128766849
RP11-44D19.1,0.00460193280273236
RP11-542B15.1,0.004601761768876245
RP11-299J5.1,0.004601510769660599
FKBP3,0.004601430454732798
IGLV2-8,0.004601427576953524
RP11-425A23.1,0.004600980136553191
ENTPD3-AS1,0.004600876482236313
RP11-12M5.3,0.0046008546123483245
RP11-1D12.2,0.004600842346591662
ZNF807,0.004600050161814379
LINC01284,0.004599413047191503
UBTD1,0.00459903279965862
SACM1L,0.004598625375904484
RP11-543B16.2,0.004597974671463856
OR6A2,0.004597947995042395
RP11-168K9.1,0.004597657020338292
DCK,0.004596896600670638
RETN,0.004596679274816415
RP1-16A9.1,0.004595782099011472
RP11-466A19.4,0.004595755273771558
SPATA31C1,0.004595240772154035
MTATP6P25,0.004594978195121962
OSGIN2,0.004594862589168252
DUX4,0.0045937065559575095
U91328.22,0.004593544927785996
RP11-473J6.1,0.004593387984852889
FSCN3,0.004593209149462289
HSD17B11,0.004592736853729218
RP11-20I23.5,0.004592684994482581
RPL32P9,0.0045923442696760635
RP11-498B4.5,0.004592117348360313
EMP2,0.004591697437204971
RP11-432J9.3,0.0045907436159439525
RPS19BP1,0.00459050075700265
RPL12P17,0.004590495536982492
CTD-2270L9.2,0.004590472983769624
CCDC96,0.004590442092215842
P2RX3,0.004590301470766948
RP11-353N14.5,0.0045897870614557195
RP11-382D8.3,0.004589289242014893
NEUROG1,0.004588929637317088
LINC00942,0.004588075347678788
CYCSP23,0.004586855033675034
POMK,0.004585775835924079
GS1-72M22.1,0.004585571465342911
RP11-475E11.9,0.0045849141859337405
TRAJ34,0.004584909547675624
RP11-83B20.1,0.004584135921500012
PTPRG-AS1,0.004583856043148459
EIF4EBP3,0.004583770247421773
LINC01057,0.00458352919761334
C10orf71-AS1,0.0045831255958983285
DNAJB1,0.004582922063621613
RP11-686D22.9,0.004582699206980204
SNORD14E,0.0045819444951602645
CTD-2206N4.4,0.004581278468422464
ALG1L7P,0.004581157415307712
PTP4A1P2,0.00458115522608825
RP11-361F15.5,0.004581036671516721
RP11-503N18.4,0.00458051663669507
RIBC2,0.004580511822722165
Y_RNA,0.0045804831261056405
RP11-412H9.2,0.004580467027036764
RP11-382A20.3,0.004579132515707303
RP4-657E11.10,0.004578061467038229
CTD-2139B15.4,0.004578055273437617
RP11-352E6.2,0.004577928042423027
SPPL2A,0.00457790815578218
RNU4-48P,0.0045776066081457826
RP11-533E19.2,0.004577510447538025
SNORD113,0.00457706152809279
NAT8B,0.004576981158004896
RANBP10,0.004576890784345086
NKX1-2,0.004576668614898862
PLXNA2,0.004576601529111488
FBXL19-AS1,0.004575659478387913
RP11-342A1.1,0.004575642223018267
GK-AS1,0.004575172289911883
UPK2,0.004574941814377389
RP1-266L20.4,0.0045748095774290195
RP11-407N17.4,0.0045743245051805635
MRPS31P5,0.004573728813220944
ZSCAN25,0.004573423259656227
LL0XNC01-7P3.1,0.004572461650565652
RP11-766N7.3,0.00457192362962564
TRAJ48,0.0045708130647903
LOXL4,0.004570279892121476
FRG2,0.004570065278592687
MIR124-2,0.004569421601229253
MIR544B,0.004569367476114806
MYH15,0.004568917449375579
LINC01186,0.004568652439050681
ZNF436-AS1,0.004568451841870419
Metazoa_SRP,0.004567870146146072
GEMIN8P4,0.004567806380650914
CTC-246B18.10,0.004567068739586003
RP11-261C10.5,0.004566694769287839
LVCAT1,0.004566381003765176
ADRA2A,0.004566180927272187
ELL2P1,0.004566115462857666
MIR409,0.00456546401000873
KRT18P4,0.004565456043357868
RP11-166N17.1,0.0045651855218990225
RNU4-23P,0.004564892359436712
AC068134.6,0.00456478162599675
CCER2,0.004564562533612952
CTA-992D9.7,0.00456355804026863
RP11-158H5.7,0.004563483049424058
PCDHGA6,0.004563309452616701
PRPF6,0.004563301359196274
C5AR2,0.00456327755975089
HLA-Z,0.004562926636784922
FMO6P,0.004562672020718968
AC016745.3,0.004562572549244159
KRT8P23,0.004560724615118428
PPBPP2,0.004560708033679815
AC108488.4,0.004560654955383025
LINC00641,0.004559658911823878
AC068831.3,0.004559488287140883
RP11-243M5.5,0.004557873320808881
LINC01054,0.004556332529674959
RP11-541N10.3,0.004556270453410317
RP11-1149M10.2,0.004556152709280523
CTA-242H14.1,0.004555762928223709
XXyac-YM21GA2.3,0.0045548155520626086
SCAANT1,0.004554611724047313
IGLV3-32,0.004554453269017693
DSG1,0.0045542893385639134
RN7SL560P,0.004553572468482488
VN1R48P,0.004552111436172293
RP11-32B5.1,0.004551843182265318
RP11-647K16.1,0.004551496213324468
NDUFA5P6,0.004550709735129545
CTC-338M12.1,0.0045504022002118266
PCDHGA12,0.004550002892140828
NCEH1,0.00454957542484607
RP11-96B2.1,0.00454835983820162
RP11-640I15.1,0.004547703061629015
CTD-2587H24.5,0.004547456481538025
ZNF260,0.004547275330827363
RNF138P1,0.00454695879508314
HIST1H2BH,0.004546736428902995
RP4-791M13.3,0.004546694364578022
RP11-19D2.2,0.0045464859324364565
RP11-396O20.2,0.0045464148165818355
RP11-2N5.2,0.004545738223946308
TAF3,0.004545522253908278
IFIT5,0.0045451233067198855
MIR4417,0.004545080231398822
GATAD2B,0.004544225777304064
CTD-2143L24.1,0.004542811812298085
RP11-710F7.3,0.004542619937801244
IFNL1,0.004541635074101228
GPRIN3,0.004541399231158877
CTB-50E14.5,0.004540412535092943
MIR345,0.004539988418531786
FOCAD-AS1,0.004539901989858656
AIP,0.004539272441615316
RP11-474D1.3,0.0045391643724311675
MSX1,0.0045384844258307125
RN7SKP269,0.004537305648720853
KB-1125A3.10,0.004536696660461142
RNU2-33P,0.004536408060728827
RNU5B-2P,0.0045362005624039695
RNU6-298P,0.0045360920954148915
ZNF580,0.004536086240425263
TGS1,0.004535351399639209
MIR6757,0.004535287574723795
CTC-429P9.3,0.00453513608494353
VTI1B,0.004534616354147995
TRAJ28,0.00453446216005
RP11-83B20.7,0.004534233141791487
STAG3L5P-PVRIG2P-PILRB,0.004533905304231799
RP11-1293J14.1,0.004533807265486068
CST1,0.004533459659394366
AC010642.2,0.004533195743082574
MOB1B,0.004532006233440945
RP11-248B24.5,0.004531522851088441
MIR369,0.004530602984500116
PYGO2,0.004530505876950953
AC007326.9,0.004530359997698452
AC016717.1,0.004530227308389464
SNRPCP9,0.004530045094428172
RN7SL163P,0.004529632452849277
LINC00485,0.004529153144457001
NBR2,0.004528792912003103
RP11-144G6.12,0.004528427338517694
RP11-797D24.3,0.0045282372166682554
FRG1JP,0.00452747521584563
MTCO1P31,0.004527403653607904
RP11-136C24.2,0.004526349594631695
RP11-74E22.8,0.0045260178063813855
SNORA59B,0.004525912720131569
ATP8B1,0.004525797764075241
AP001437.1,0.004525299263786589
ANKRD26P2,0.004524894528538267
RP11-767N6.2,0.004524426744548577
BSNDP1,0.004523107370126345
LGALS17A,0.004523047878177842
KLRC4,0.004522438983558643
RP5-1132H15.3,0.004520717742740391
RNY4P10,0.004519999219476309
RP11-680G24.6,0.0045181769072138575
RP11-202K23.1,0.004517898608800053
COL4A2-AS2,0.004517134515661899
SCARNA18B,0.004516987651055498
COX6B1,0.004516879952886738
CCNI,0.004516855298991359
CTD-3131K8.1,0.004516544772671826
CAB39P1,0.004515989946532021
RP11-62J1.4,0.004515912388074125
RP1-149A16.3,0.004515179121906396
ANKIB1,0.004515131972448734
LL22NC03-N14H11.1,0.004514868809951866
RP11-876N24.2,0.004514153312571487
AVPR1B,0.004513992371241159
AC005324.6,0.004513978836857289
CCL11,0.004513195297975888
RP11-271F18.3,0.004513165257351813
CTD-2353F22.2,0.004513127746395028
RPL12P39,0.004512601844026613
CCT4P2,0.004512342028476623
RP11-281O15.5,0.00451220032013473
KRT17P6,0.00451191721014288
AP000289.6,0.00451179084612896
RP11-111A21.1,0.004510576724603598
CTC-457E21.1,0.00451035914635216
RPL10P6,0.004509930580094947
OR2T2,0.00450912057908575
RP11-265B8.5,0.004508830143980383
CTA-963H5.5,0.004508761635902241
RP11-380B4.3,0.0045085606481087845
LINC00648,0.0045060405515974615
CTD-2021J15.1,0.004505986656667912
RP4-633O19__A.1,0.004505372748572647
RP5-1014D13.2,0.004505182578035185
RP11-697G4.4,0.004504883210509296
RP11-47I22.1,0.004504189363725087
KLHDC2,0.004504096448915458
RP11-1379J22.7,0.004504031035256423
RP11-326C3.16,0.004503732045911549
RP4-765C7.2,0.004503378611442113
RP11-861E21.2,0.00450314786121875
TEX38,0.004502677676705068
KIAA0101,0.004502056411372422
RP4-798A17.5,0.004501948001680795
Y_RNA,0.00450184309438388
NACC2,0.004501828905111142
YIPF2,0.004501713424815062
RP11-945C19.4,0.00450151469978842
APELA,0.004500822506578646
KCNJ6-AS1,0.0045007860522912144
RP11-1113L8.6,0.004500193887824152
C1QTNF3-AMACR,0.0045001513032394734
RP5-882O7.4,0.004499888014411933
RP11-171L9.1,0.004499683731610047
GCLC,0.004499374304163083
MIR4496,0.004499342118805816
RP11-73M18.2,0.004499050953611486
UTS2R,0.004498062653117459
RP11-378J18.9,0.004497651738267315
RP11-386I8.5,0.004497469766876508
OR13J1,0.004496968249297121
CH507-9B2.5,0.004496956472764397
RP5-1073O3.2,0.0044969302628597085
VSTM2A-OT1,0.004496193927995639
IGHV4-34,0.0044950519111884146
IGHG1,0.004494164287947659
LIN54,0.0044941640591032814
RP11-562A8.1,0.004494139418439694
FCGR3B,0.004493099918060643
RP11-85G20.2,0.004493097809385288
ITGB3,0.004493064808828671
AC152010.1,0.004492708759399081
C8orf86,0.004492666523158125
MPC2,0.0044926048797691315
GSG2,0.004492525270196301
HMGB3P31,0.004492417343142804
RN7SL314P,0.004492134100691787
MIR6806,0.004492014823398788
HNRNPA1P40,0.004491901216323892
AC107083.1,0.004491531191852946
OR1L3,0.004491188851193535
RP11-7F18.2,0.004490348081087135
RP11-74C1.4,0.004490275043855409
HIST1H2AL,0.0044901774017686085
LPCAT3,0.004490122913184221
RP4-559A3.7,0.004489815118439993
BX255923.3,0.004488078823602047
HOXD8,0.00448806516480468
FBXO42,0.004487084556186701
TCEAL3,0.004486730603315932
LINC00667,0.004485774453555937
RP11-847H18.3,0.004485679344664124
RP11-236B18.5,0.004485643441427796
CTC-490E21.13,0.00448524160304141
RNU6-12P,0.004484508029294259
RP11-3K16.2,0.00448424732092716
MIR600HG,0.004483809390305345
TNFAIP8L1,0.004482932912674787
RPS27AP6,0.004482512925194516
DNAJC17,0.004482458022480908
AC005082.12,0.004481820351947632
RP11-527H14.4,0.004481619023264429
BMS1,0.00448151321005704
MTND6P5,0.004481163765142844
RP11-269G24.6,0.004480036569976755
SCARNA4,0.0044793788156741185
LLNLF-191C12.1,0.004478840043941616
RP11-83C7.1,0.0044788392826153765
RP5-1177I5.3,0.0044785971506364946
RP11-78I14.1,0.004478585060648549
MESP2,0.004477926239200478
BCAP29,0.004477910237060487
RP11-395L14.13,0.0044778479839996214
SRGAP2-AS1,0.0044777337562126275
uc_338,0.004477139317289851
GOLPH3L,0.004477092793416297
RP11-229P13.22,0.004476413368232457
ELFN1-AS1,0.00447637067516483
RNU7-13P,0.004476253673060798
RP11-342D11.2,0.004475860160643347
ENPP7P11,0.004475552105337491
PRKACG,0.004475243948392759
RP11-419C5.3,0.004475060982295469
ARL2BP,0.00447481039015634
NACA3P,0.004474454185234862
AP000867.14,0.004473586867361464
MIR6129,0.004473436191380605
RP11-406O23.2,0.004473145104056663
TMPPE,0.004473053197561978
RP11-178C3.2,0.0044721881915595505
RP11-219E7.3,0.00447107346738553
BMP8A,0.004470673151137906
RPL7P9,0.004470182307340091
ANKRD26P3,0.004470138770129837
RP11-394I13.1,0.0044697662220613025
PRR13,0.004468936295162498
DUSP28,0.004468855503440185
NUS1P2,0.004467892900296451
HSD3BP4,0.004467717198969904
MESTP1,0.004467287545567708
RP1-134E15.3,0.004465756757637959
LL22NC03-80A10.11,0.0044646763037556065
AMY2B,0.004464388384572873
COX20P2,0.00446422989613918
FAN1,0.004462663114699962
SKOR2,0.004462618340483638
FP325331.1,0.004462549799454439
Y_RNA,0.004461834109759772
ZNHIT3,0.00446180183701407
TRMT2B-AS1,0.004461592590325355
NKX2-2,0.004461455423098784
AP000344.3,0.004460350414105625
RP4-782L23.2,0.004460109920127938
RP11-365D23.4,0.00445931793114751
RP11-172F10.1,0.004457698261356681
AC092667.2,0.004457249054891831
CDKN2AIP,0.004456850765138702
PHBP19,0.004456707518564182
CACNG6,0.004456699339107337
MIR6738,0.004456073367693206
RSAD1,0.004455828515432921
LINC01218,0.0044558219332389805
RP11-241F15.9,0.004455171406263783
PPIAP15,0.004453461249242129
RP11-63G10.3,0.004453352997412386
RP11-420N3.3,0.004453161574023486
AC140912.1,0.004452690554205961
RP11-403I13.9,0.004452532503519078
TRAPPC5,0.004452392852343409
AC079154.1,0.004452175592138801
FBXO5,0.004452172466418379
OR1B1,0.0044512037550803575
HEYL,0.004450961137860516
RP13-672B3.2,0.004450858816818338
AC125421.1,0.004450677609883189
CTB-26E19.1,0.004450581522375053
DTX1,0.004449895137682522
RP11-797H7.5,0.004449835404885207
C10orf62,0.004449634274326977
RP11-314C16.1,0.004449567025480899
ITGB1P1,0.0044491642601922924
RP11-406H4.1,0.0044490046971730965
RP4-534N18.2,0.004448351253808576
RP11-250H24.2,0.004448250762186417
CTD-2014B16.2,0.004447640152258833
CDK5R2,0.004447255066690539
MAGEF1,0.004447049165271255
HBD,0.004446516607693502
RP1-257I9.2,0.00444604536396697
RP11-809N8.4,0.0044454699551787335
RP11-115H18.1,0.0044453542195555355
SLX1B-SULT1A4,0.004445231590731973
RP11-5O17.1,0.004444915756304379
RP11-510C10.4,0.004444459489524973
KRT27,0.0044439349234351375
RNU6-80P,0.004443703728173716
RNA5SP143,0.004443493835699734
STIM1,0.004443307908992684
IGLV1-40,0.004443086504366506
RP11-439E19.9,0.00444288189426279
MLANA,0.004442816845830987
RP11-81A22.4,0.004442586893564178
TRBV8-2,0.004441989200942475
RP11-521O16.1,0.00444176678229704
HMGB1P44,0.004441728974412654
AC002511.3,0.004441713149730028
RP11-549J18.1,0.004441500341123879
RP3-337H4.8,0.00444136040064265
ADORA2B,0.004441086920033912
SUCLG2-AS1,0.004440143401074756
RP11-181D18.4,0.004440039678991354
RP11-290L7.5,0.004439775519095163
CTD-2651B20.6,0.004439770627806422
RP11-169L17.5,0.004438749940230615
RPSAP58,0.004438739507364032
C9orf62,0.004437871265181827
MALRD1,0.00443768791395508
MIR4324,0.004437522945363168
RP11-88E10.5,0.00443688304055196
RP11-121A14.2,0.004436135047939945
PTTG2,0.004436110510237381
OR7E130P,0.004436082143609518
RP11-483P21.6,0.004436064725095017
RP11-143E21.2,0.004435450774683804
MED15P4,0.004434800936706
APBA1,0.004434547705688682
HYDIN2,0.0044341500805363
CDS1,0.004433919342711221
IGLJ3,0.004433560488208132
Y_RNA,0.004432760759420623
LMAN1,0.004432734571064753
MCM6,0.0044327191564227765
UBL3,0.00443253517926951
RP11-417F21.1,0.004432408264705807
LINC00658,0.0044318738877930095
RNU6-1257P,0.004431242572200845
KB-7G2.8,0.004430049155226221
RP1-90J4.3,0.004429984841823087
DISP2,0.004429630543434227
AC004022.8,0.00442960512496715
LA16c-349E11.1,0.004429435837494388
RPL21P54,0.004428987835452744
ZNF101P1,0.004428777061931403
RP11-327L9.1,0.004428647958678259
BOP1,0.004428061364642569
CTC-487M23.5,0.004427507849855548
RP11-100G15.12,0.004427063229658254
RNU6-387P,0.004426597856156119
CCDC37-AS1,0.00442624054817855
ADO,0.0044259631444430285
RP11-91I8.2,0.004425800569115832
RP11-390F4.6,0.004425204029037798
RP11-227D13.5,0.00442496294469854
FCF1P3,0.00442457982495954
MAPK14,0.004423588265231413
METTL25,0.0044235773464156875
RP11-349N19.2,0.004423153424856406
CD5L,0.004422934505932045
RPS18P9,0.004422770979882364
MAGEA12,0.004422672576316145
CTA-384D8.36,0.004422412071030463
REG1A,0.004422354738532332
RP11-531H8.2,0.004421977478687803
AC003991.3,0.004421155263103029
AC021218.2,0.004421122118898165
ZNF843,0.004420710514856086
DPH6-AS1,0.004420552073842442
PCGF2,0.004419939031599523
RP11-122K13.15,0.004419146836960946
TRAP1,0.004418656239818133
AC068580.5,0.004417491335860605
CTD-2240E14.4,0.004417267740272952
C1QL4,0.00441725336030159
AFDN-AS1,0.004415951213758632
IRX1P1,0.004414932024609588
RP11-415J8.5,0.00441457807226875
MIR6730,0.004414190089190253
RBM5-AS1,0.004414044964884104
RP11-505E24.3,0.004412908636595275
MIR3942,0.004412093584336853
RP11-598P20.3,0.004411535734303914
HMGN1P4,0.004411336336636038
RP13-766D20.4,0.004411284934290506
LINC01204,0.004410697599805697
RP11-660L16.2,0.0044106548685247165
LINC01598,0.004410345940859149
ATG3,0.0044099104748806465
AC092669.6,0.004409203699108236
PIK3CB,0.004408539283969936
RN7SL127P,0.004408268895075884
ATP6V1G1P4,0.004408224660457626
HCG20,0.004407598023977679
AC008269.2,0.004407408142348998
HCG24,0.0044071612457556196
LYZL2,0.0044071448411740965
MIR3170,0.004407003438520062
PIGN,0.004406829083041058
CTC-565M22.1,0.004406724993459014
HIST3H2BA,0.004406581439721332
RPL23AP18,0.004406477440832997
KB-1184D12.1,0.004406406241155244
CTD-2023N9.3,0.004405142812397984
RP11-127B20.2,0.004404680820695511
TRH,0.004403791517779493
ERCC6,0.004403220139968481
RN7SL526P,0.004403172067081639
PSMA6,0.004402640460729482
RP11-270L13.1,0.004402131507004066
SCGB1D5P,0.0044015878002802095
IL36B,0.004401445703631606
AC139100.3,0.004401298145030191
SPNS3,0.004401230151194392
RP11-491H19.1,0.004400549535075132
SCCPDH,0.004399581560610476
ATP6V0D2,0.004399185975107172
SYP,0.004399126040409639
RP11-36B6.1,0.004398343172008636
AP000432.3,0.004397701707289417
ZBTB11-AS1,0.004397347949768133
IL27RA,0.004397264285990239
RP13-977J11.2,0.004397257687742343
LYZL1,0.00439656505273095
MSTO2P,0.004396229608043008
RP11-499F3.2,0.004395993112386286
RNA5SP385,0.0043958538278386005
AC073957.15,0.004395694852771166
RP11-129B9.1,0.004395218415307504
HMGB1P3,0.004395061170979067
LINC00525,0.00439420341425567
RP11-563D10.1,0.0043941319566335076
AC004980.8,0.00439410922494316
MPP5,0.004394057883325323
RPLP0P11,0.00439382709947671
PPIAP29,0.004393721487033481
DDX39AP1,0.004393713702667201
RP11-817O13.8,0.004392070325918732
RP11-706C16.7,0.004391916316021239
NECTIN2,0.004391571440372354
RP3-402G11.25,0.004391352915597342
MIR6753,0.0043911913571116935
FAM43B,0.004390409803011957
RP11-196G11.3,0.004390189584763359
SMARCE1P6,0.004389851099081615
RP11-451F20.1,0.004389843867317712
ARFGAP3,0.004389799676002217
KRTAP5-6,0.004389680053509889
AC017104.2,0.004389343322228688
RP11-552E10.1,0.004388750718558206
C2orf74,0.004388285032790777
IGHD4-23,0.0043879909881089415
UBE2CP1,0.0043878009252337055
KRT41P,0.004387710514017287
POLR3B,0.004387640977934818
RPL24P2,0.0043875276006334115
HNRNPCP1,0.004387023526358373
MIR124-2HG,0.004386908611549536
LINC00945,0.004386906260108795
ORMDL3,0.0043851576411132855
CTB-50L17.16,0.004385007492360216
MBD3L1,0.0043849224911181464
AL357140.1,0.004384874023770116
TLDC2,0.0043847658201860455
AC009495.4,0.004384735543365103
RP11-867G2.4,0.0043847226385244275
RP11-52B19.10,0.004383869952215818
MIR4773-2,0.004383845253362131
SNAP47-AS1,0.004383591330088864
CD164L2,0.004382654720217857
RP11-148O21.3,0.004382487762413524
RP11-142A5.1,0.004382475428841649
CHCHD6,0.0043819862462444225
CTB-49A3.5,0.004381840233813118
RP11-640M9.4,0.004381530651018092
SLC9A9-AS2,0.004381340275614358
MIR4285,0.004381226366210468
FAM127C,0.004381077206141452
CTB-161M19.1,0.004380869372860245
FAM177B,0.004380700303918171
COX6CP16,0.004380441545712267
KCNJ9,0.004380421384843421
GPR153,0.004380244140683945
RP11-335L23.4,0.004379614119747822
MIR3163,0.004379505885374845
RP11-298E9.7,0.004379286107260534
RP11-375O18.2,0.004379167540212393
ADH5,0.004378002212102016
BANF1,0.004377639304810016
SPATA17,0.0043771820805539215
RP4-568B10.1,0.004376708755630027
CTC-303L1.2,0.004375936308834788
LL22NC03-86G7.1,0.004375455009845206
RP11-250B2.3,0.0043754193817596805
KRT8P42,0.004374711165896829
RP11-196G11.4,0.004374652597611695
RP11-513O17.1,0.004374523816669728
RP3-400B16.1,0.004374405629637086
AC005624.2,0.004374347855635671
RP11-57H14.3,0.004373505610459691
MTCO2P27,0.004372890640320378
RP11-160N1.11,0.0043724796328229515
RP11-10J21.2,0.0043716534525926835
PCDHGA11,0.004371633279444104
RP11-1O2.1,0.004371092615445076
ARMS2,0.004370897276329947
GS1-124K5.11,0.004370531700057965
CTD-2534I21.8,0.00436947129330224
AC079630.4,0.004369441726221857
TSR1,0.004368171344692706
RP11-415D17.3,0.004366859010662439
RP11-165F24.5,0.004366566035311433
OR1F12,0.00436627998061903
TMA7,0.004366027930895979
MMP20,0.004365832525589667
CDC5L,0.00436512152943264
RP11-264E20.2,0.004365032272860167
RP11-527L4.9,0.0043645947536659815
LINC01003,0.004364265344970463
MIR6719,0.004364036714724113
DDO,0.004363540380128812
RP3-443C4.2,0.0043630252794756115
AC018755.16,0.004362995606782953
RP11-84A19.3,0.004361891271488586
RP11-177H2.1,0.0043618774247726096
LYZL4,0.004361801590408028
CTD-3195I5.4,0.004361139395081233
CEP164P1,0.00436112358997445
RPL7P51,0.004360986428153597
RP11-214O1.1,0.004360741720031913
ATP4B,0.004360450297076198
RP11-376P6.3,0.004360291995057833
ZNF143,0.004360269973764157
RNA5SP40,0.00435959805996567
HERC2P7,0.004359156525931145
EID1,0.004358823617065441
ZG16,0.004357918062367242
HLA-DQB2,0.004357741289030538
CTB-31C7.3,0.004357087036521124
RP11-360N9.3,0.004356739354431739
LNX1-AS1,0.004356510338789016
LINC01185,0.00435649944286518
HNRNPA1P59,0.004355783261309364
RP1-315G1.1,0.004355718359453293
RP11-498M14.2,0.004355614516525853
NDUFB2P1,0.004355403648310518
RP11-269F20.1,0.0043552759202740285
RP11-337N6.3,0.0043550347960621995
AC016292.3,0.004353989500982677
RP11-476I15.6,0.0043535982105646345
RP11-114G22.1,0.0043533276939395175
RN7SL396P,0.0043531529164849685
PRICKLE2-AS2,0.004353113305488511
TAS2R2P,0.0043531046941445595
MIR7974,0.004352973580399041
MIR219A2,0.004352775949643891
TRIML1,0.004352740734453158
GPR179,0.004352585347335462
RP11-98I9.4,0.0043523028947079516
CTD-2006C1.2,0.004352038560740188
RP11-26N15.2,0.004351911659548447
MIR4668,0.004351847579405946
RP11-328J14.1,0.0043517247417914256
WDR75,0.004351193246287411
ANTXRL,0.004350772883414345
RP11-203M5.2,0.00435069451352386
RP1-81D8.4,0.004350420960665396
RN7SL444P,0.0043501027100075005
IGKV3-7,0.004349574306345171
C1QL2,0.00434936499312143
AC004381.7,0.0043483000495379
RP11-930O11.2,0.00434817027312208
RP11-290F5.1,0.004347281088095219
RP11-354K1.1,0.004346157961634151
AC117490.2,0.0043457326475614235
CTD-2260A17.1,0.00434511504358707
AC037459.4,0.00434431212035514
RP11-445N18.7,0.004344085775351169
TMEM184C,0.00434402702444175
MIR4294,0.00434392610103353
RP11-349A8.3,0.004343632931394731
RP11-226L15.5,0.004343537614681257
NANOS1,0.004343514160678562
MIR378G,0.004343221378181513
TCEA1P3,0.004342772178408081
CTD-2154I11.2,0.0043426665419113546
RNU6-282P,0.004342618873655584
RNASEH1,0.0043423400208585676
RP11-266L9.4,0.0043423357004503844
RASSF1-AS1,0.004342244228015756
SEMA3A,0.004341666979363632
RP11-616M22.12,0.004341150965206579
PTMAP4,0.004340806718422235
RP11-316M21.6,0.004340723665547019
RP11-404E16.1,0.004340570216566471
RP11-379B18.6,0.0043405227240995254
RP3-525N10.2,0.004340108424052383
ARHGEF26-AS1,0.004339636612883502
RP11-66D17.5,0.004339522094890156
CTA-246H3.12,0.004339434598431931
SNX19P3,0.004338994970173057
RP11-718B12.2,0.004338743853822413
EBLN2,0.004338709383484243
DRAP1,0.0043386712825085015
RP11-958J22.2,0.00433828544882072
CTD-2319I12.2,0.004337789120992807
TECRP1,0.004337418604982094
RP11-95O2.1,0.004336463093734126
CYP2B6,0.0043363412318850915
C2orf68,0.004336339636925816
GFY,0.004335099071257402
RNU6-1136P,0.0043344233011858345
DYNLL2,0.004334365494152797
AVEN,0.004334135584737942
LINC00683,0.004334086750985061
RP13-225O21.2,0.004333385422932553
RP11-274M17.3,0.0043328320554461485
RP5-1180D12.1,0.004332572750570192
IL6STP1,0.0043322412139828815
RBM27,0.004332128768877332
SPIN4,0.004332047368289965
THAP1,0.004332037138198563
RP3-405J10.5,0.0043316264588814084
RP5-864K19.7,0.00433153266731428
RP11-390F4.3,0.004331447823361024
RP11-760H22.2,0.0043311758617970075
AC073621.2,0.0043306661668675315
OR2M5,0.004330523477660236
PRSS3P4,0.004330169274980418
RP5-965G21.4,0.004329662373725635
RP1-229K20.5,0.004329401040318687
RP11-231N3.1,0.004329203106181461
C19orf53,0.004329063855333151
MIR222,0.004328281188701863
Y_RNA,0.0043273022810031295
AC018462.2,0.004327152337296507
RPL23AP28,0.004326770599845723
CYP26C1,0.004326724821232574
RP11-16P6.1,0.0043266818236553485
CTC-254B4.1,0.004326405663519427
CTD-3032J10.4,0.0043254773331888275
RNU11-3P,0.004325470012882432
FAM231B,0.004325024469033207
RP11-135F9.3,0.004324947930544034
RP11-474C8.7,0.004324573111147273
IGLV3-21,0.004324555752325695
ANKRD18DP,0.0043244274467437865
RP11-227G15.6,0.0043242983542354195
RP11-571M6.17,0.004324131639179467
TOB2P1,0.004323833395653483
CTD-2574D22.4,0.004323819645072359
MAN1A2P1,0.004322421684843206
FNBP1P1,0.004322335062662174
RP11-646E18.4,0.0043221723543202025
URB2,0.004321771753870556
RN7SL851P,0.004321712534906068
AC002486.3,0.004321524961321982
RP4-800G7.2,0.004321214772744579
PFDN2,0.0043207580073139715
RP11-327F22.5,0.004320485803636906
CTD-2542C24.14,0.004320424611504596
KCNK9,0.004319181771669204
RP11-260M19.2,0.004319130992403024
SLC17A6,0.004319091612039976
RP5-1042K10.12,0.004319059939804421
LHFPL4,0.0043186953466889935
COX20,0.004318681919670766
SRGAP1,0.004317099026356534
KCNE4,0.004316762792007467
GOLT1B,0.004316059498400667
MRPL50P1,0.004316024426658518
RP11-466A19.8,0.00431578886996376
IGHV3OR16-6,0.004315085753968822
TMSB4Y,0.004315081399774987
TRAJ20,0.004314619493429288
ZBED5-AS1,0.004313432412398525
Y_RNA,0.004312909917485648
RP11-756J15.2,0.004312901225385705
PSORS1C3,0.004312168125961493
HMGA1P7,0.0043116602128868455
AC015977.5,0.004311655001071409
RP11-46I8.3,0.004311325409919028
RN7SKP150,0.0043106356437051805
RP6-186E3.1,0.004310518960336543
MRPL20,0.004310458346894036
RNU6-450P,0.0043101200872111365
CTC-518B2.8,0.004309461782549754
RPS26P21,0.004308940242713862
HIST1H3J,0.004308704381046796
RP11-446N19.1,0.004308516326069233
RP11-703H8.9,0.004307967664050681
HSPA13,0.004307923395320232
RP11-398J16.1,0.004307157919734463
RP11-235E17.4,0.004306952584337388
FAM13A-AS1_2,0.004306945638400397
RP11-327P2.6,0.004306891415938477
CTC-490E21.10,0.0043068785423674
BTF3P9,0.004306674863207756
RP11-33E12.2,0.004306207872457816
RP11-354K1.2,0.004304074011016104
RP11-151F5.2,0.0043034967734903815
RP5-1029K10.4,0.004303066577412116
LINC00955,0.00430298277391747
RP11-153M7.3,0.004302919539752931
LINC00843,0.004302444085457531
KCNE2,0.004302304830528945
MED4-AS1,0.004301159652838814
MIR147A,0.00429984042984846
OR7E1P,0.00429929892847144
RP5-983L19.2,0.004299194537892945
RP11-785G17.1,0.004297413264937368
MIR3180-1,0.004297012850429959
AC073464.11,0.004296573545968593
OLIG3,0.004296163681732878
CITF22-92A6.2,0.0042958063812268184
TTPAL,0.004295802480653604
RP11-307N16.7,0.004295597641727138
SYT3,0.0042949033334808715
ZRSR1,0.004294173794964575
RP11-804H8.7,0.004293156399216616
EDN2,0.0042931456062905065
RP11-476H24.1,0.004292956912541687
RP11-849F2.10,0.004292696137140409
OR7E36P,0.004292490393670276
CTB-133G6.2,0.0042919434547843876
CTD-2183H9.7,0.004291707019054713
AC138517.5,0.004291635383370022
DNM1P41,0.004291545819911722
MIR425,0.004291323075122197
RP4-682C21.5,0.0042912354284950355
RP11-472F19.1,0.004290241687006234
EFNA4,0.00429001503556125
CTD-2302E22.1,0.004289981217575365
CTC-537E7.3,0.004289720580337163
OXT,0.004289620609340366
RP11-612J15.3,0.004289511560185467
LINC01068,0.004289367536752995
RP11-374M1.7,0.004289209431542217
IL31,0.004289170433943425
RP11-705C15.3,0.004288843236863749
AC005162.4,0.004288588328893757
RP11-43N5.1,0.0042885625555102586
DUX4L26,0.004287696916497836
AVPI1,0.00428748047780584
RP11-493E12.1,0.004287264323063268
CTD-2050N2.1,0.004286295851553614
RP11-663N22.1,0.004286009393626452
RPL23AP97,0.004285763978134598
TMED8,0.004285655074812745
CASC8,0.004285168462530538
KRT28,0.004285154439123928
PRAC2,0.004284708179367079
RP11-440G9.1,0.004284199158003688
RP11-215G15.4,0.004284042093641712
CTD-2008P7.6,0.004283979445572515
COA7,0.004283774876531212
CTD-2526L21.3,0.004283528524708813
RP11-118E18.1,0.004283266454207049
CTD-2302E22.4,0.004282956173411397
TUBB4A,0.004282825805581034
RNA5SP511,0.00428233363643121
RP11-398J5.1,0.00428160249335514
RP11-47I22.2,0.004281402426676043
CITF22-24E5.1,0.004280673967540496
FTH1P19,0.004280613003943732
VN1R71P,0.004280287854580237
MIR4489,0.004279512413645128
TGIF2-C20orf24,0.00427943826212863
RP11-332J15.3,0.004279330400392982
RP11-110I1.11,0.0042791203254187084
RP4-745K6.1,0.004278742579712725
DUSP11,0.004278603875586769
RP11-61O11.1,0.0042777393326197425
RPS23P5,0.004277317891281225
ZNF316,0.00427685487766357
RNU6-1238P,0.004276254659345395
RPL3P1,0.004276135433575589
HIST1H1D,0.004275570303584872
CYP4F25P,0.0042754416220814025
AC129492.6,0.004275296196657243
TSPAN31,0.0042751572240417104
SPATA25,0.00427490183048288
CTA-212D2.2,0.004274875428319577
RP11-603J24.4,0.004274748013420051
RP11-709P2.1,0.004274193892157308
RP11-181B11.1,0.004274065617669586
RP1-182D15.2,0.004273862048357947
SNAI1P1,0.004273276496707058
RP11-398K22.12,0.00427305751893671
Metazoa_SRP,0.004272422902107777
Y_RNA,0.004271726353814284
RPL12P33,0.00427070855287373
RN7SKP117,0.004270574345625586
SYNRG,0.0042703482933334185
RP11-609N14.1,0.004270281633651047
PCDHB7,0.0042701889152703424
WASF4P,0.004269882943658577
RP11-321M21.1,0.004268491073279214
RP11-289F5.1,0.004267327668999814
AC012613.2,0.004267241998465156
NUTM2A-AS1,0.004267113338822599
RP11-215P8.2,0.004267083710851908
CTC-459F4.8,0.004266981728083897
AP000439.3,0.00426693689586604
RP1-202O8.2,0.004266703451631059
RP11-849N15.5,0.004266560381117044
CLEC12B,0.004266424263556892
RNFT1P3,0.00426635663223272
snoU13,0.004265813028827549
uc_338,0.004265783520941806
CTD-2013N17.6,0.004265194561775162
RP11-272P10.2,0.0042645606917137684
MIR6763,0.004264459131464227
IGKV3-15,0.004264337393746972
HLA-U,0.004263822315258931
C11orf72,0.004263525068628767
CTD-2154B17.4,0.004263328853963597
ADAM3B,0.004263322095011415
MIR6124,0.004263105361216805
RP11-136O12.2,0.004263008382762224
MIR381HG,0.0042621686974306985
AC011330.5,0.004262096405922237
LINC00923,0.0042620364041654375
RP11-505K9.4,0.004261608487987982
CTD-2256P15.4,0.004261430837487958
RP11-680F20.10,0.0042611135734416175
PYY2,0.004260732997498427
CTD-2538C1.3,0.004260404873424502
RP11-397E7.4,0.004260281019985269
NIFKP2,0.004260044663185165
RP11-1018N14.2,0.004258301969818291
PPM1N,0.004258156907987129
AC010524.2,0.0042580125889585445
HAUS4P1,0.004257674629746103
RN7SL728P,0.004257432153131705
MIR3613,0.004257422513606125
RP5-855D21.1,0.004257416799164667
RP11-316M21.7,0.0042561722087434565
ZNF578,0.004255987388026582
MIR378A,0.004255895020685949
RP11-99E15.2,0.004255309038547497
RP11-410N8.4,0.0042548857885777855
SPOPL,0.004254319970704056
TVP23BP2,0.00425404932922379
RP11-517P14.7,0.004253916519560193
TMEM176A,0.004253758725577229
RP11-862G15.2,0.0042536161774842625
PANK3,0.004252097054733195
Metazoa_SRP,0.004250593126018967
AC002401.1,0.00425040279778954
RP11-890B15.3,0.004250396787821791
TSEN34,0.004250242352128864
AC144449.1,0.004250061943367521
LINC00575,0.00424917541264781
LRRC3C,0.004249113536907883
MINOS1P3,0.0042482863446778535
RP11-709D24.8,0.004248006500140452
AC010149.4,0.004247570276845001
RPL7P24,0.0042465910279937975
RP4-734G22.3,0.0042459693373667114
RP6-149D17.1,0.004245323066399581
RP4-641G12.3,0.004244327512958252
RANP3,0.004243803466641573
TRIB3,0.004243793698547915
SLIT2-IT1,0.0042433688810133855
RP11-390K5.3,0.004242653640426411
STAM2,0.004242017091146488
RP11-442O18.2,0.004241973632611875
AC005336.4,0.004241878077765164
PLA2G4B,0.004241842805924095
BTF3P6,0.004241795816640979
IGBP1P4,0.004241787039770388
FAM84B,0.004239957573235818
HLA-H,0.004239674490861809
RP11-655M14.14,0.004239616525174958
MTATP6P20,0.0042393125315955795
MIR1286,0.004239143060225334
RP11-14I2.2,0.0042387515512445914
RNU6-720P,0.004238267101252876
RP11-667F9.1,0.004238202858792539
ZFP92,0.004237997330482447
RP11-569G13.3,0.004237799685541004
AC004854.5,0.004237626523593989
RNU2-28P,0.004237471930049983
RPSAP7,0.004237265846098009
RP1-281H8.3,0.0042372245977712695
HIST1H3PS1,0.004237212580409874
MIR325,0.004237065854704236
RP5-1007H16.1,0.004237027112473501
ZNF202,0.004236843358895092
OR52A4P,0.004236823782740658
LIPJ,0.004236486315916779
RNU6-1035P,0.004236043426898841
CTC-215O4.4,0.004235856997702808
C1orf137,0.004235207079761032
FAM8A4P,0.0042351089954091314
RP11-431N15.2,0.004234945493873078
Y_RNA,0.004234154330610609
Metazoa_SRP,0.004232330690997025
OSTN,0.004231392295479943
RP11-15M15.2,0.004231366991149119
RN7SKP249,0.004230613190206496
RP11-717A5.2,0.004230590854272536
AC079922.3,0.0042300385683455176
AC010890.1,0.004229768531285408
OR7E115P,0.004229332816295682
LECT2,0.004229281183963284
SCARNA22,0.004228156761425936
RP11-6L6.4,0.004227997830729551
VASN,0.004227881325685975
AP006621.5,0.004227685439799657
RP11-366M4.12,0.004227604218998
TATDN2P1,0.0042269973544074215
RP3-522P13.2,0.0042266771050656
RP11-613F7.1,0.004225788650624033
XXbac-BPG154L12.4,0.004225349551255763
RP11-157L3.10,0.004225138016864825
IGHV5-51,0.004225086390825911
AC123886.2,0.004224032008743991
RP11-18B3.2,0.004223771374409445
MATN1-AS1,0.00422351858182001
RP11-486B10.3,0.004223377717530523
CTD-2651B20.2,0.004221508933207582
RP11-185O21.1,0.004221124435562202
AC019048.1,0.0042211002118391966
MIR378D2,0.004220815229700787
AP000925.2,0.004220755619372896
AC104634.3,0.004220642692235065
SULT1C3,0.004220373178576743
CTD-2574D22.2,0.004220292106731736
MIR4313,0.00421965038892195
U3,0.004219156117737608
GLI1,0.004218563608739396
LINC00355,0.004218523827874919
CH507-42P11.8,0.0042183650883164305
RN7SKP276,0.004218337970394491
CENPUP2,0.004217377981257188
AC140481.8,0.004216527689968683
AD001527.7,0.0042165257806793055
KCNMB4,0.00421652080443834
CTD-2201G3.1,0.004215439668334894
ATP6V1A,0.004215398189092015
RP11-599J14.2,0.0042153636221466595
WNT8B,0.004215330487251561
MIR657,0.004214779701076466
CENPVL3,0.004214677892658505
RP11-68I3.5,0.004214083939110664
RP11-13N13.5,0.004214024045150633
N4BP3,0.00421254298495024
HIST1H4E,0.004212412102957016
TCEB3-AS1,0.004212020967816594
ARL2BPP1,0.004212012381136586
TIMM10,0.004210933334349472
AC140542.2,0.0042107892072505496
SETP5,0.004210393439215513
CTD-2012J19.2,0.004210306129292112
P3H2,0.004209480799935729
ZBED3-AS1,0.004209347638612158
THAP7-AS1,0.0042093251888917285
RP11-431K24.1,0.004209071924701169
CTA-276F8.1,0.004208945024858743
KRT25,0.004207946612941759
RPL26P37,0.004207736661127068
CHMP4A,0.004207156555944689
HEPACAM2,0.004207145287844997
CCKAR,0.004206981790849283
AC011933.2,0.004206249064226449
Y_RNA,0.004205943277129688
PLA2G2F,0.004205009293164484
RP11-684B21.1,0.0042047347898160475
RP11-226M10.3,0.004204536251104766
HCP5B,0.004204477821482437
RP11-274B21.12,0.004204061583053535
TTC39A-AS1,0.004203684374698329
AC011330.13,0.004203315445599298
RP13-638C3.6,0.004203141879667378
IGHV3-60,0.004203087559194767
RGS5,0.004202938297159149
RP11-693J15.6,0.004202240949221915
RP11-598F7.4,0.0042020414371489135
RP1-122O8.7,0.004201911219284803
RP11-9B6.1,0.0042015336056715515
RP11-620J15.3,0.004201454858905426
CTD-3214K23.1,0.004201131737917581
AC007326.10,0.004200762221322537
ANLN,0.004200741646073396
RP1-29C18.10,0.004200528805761842
ASIP,0.004200509070307578
STOX2,0.004200200586793287
RN7SL130P,0.00419960219539646
GDF2,0.00419945298838855
CTD-2014D20.1,0.004199422953820727
LINC00973,0.004198614230290152
AC073283.7,0.00419851434600714
RP11-173A16.1,0.004198510921629193
KRT18P9,0.00419819638238888
RP5-999L4.2,0.004197990996916975
MARK3P3,0.004197680223806845
RP11-175P19.2,0.004197622928509594
RP11-15I11.3,0.004197591445181379
MIR1302-10,0.004197572253244097
RP1-117B12.4,0.004197181319460655
CCNB1IP1P1,0.004197116908027799
CTD-3025N20.3,0.004196327897910983
RP11-380O24.1,0.004196132033462759
RP11-88E10.4,0.004196131785711976
AC008592.4,0.004195920221386014
C6orf25,0.004195598781634171
TMEM257,0.004195435764690477
RPS7P6,0.004195295681482787
LINC01598,0.004195221007312453
AP000281.1,0.004195179757319309
MIR2276,0.004195139539092107
ACA59,0.004194999147555882
RP11-461F16.3,0.004194436468036497
KRBA2,0.004194347676943022
RP11-402N8.1,0.004193610142483843
IGHV1-17,0.004193389663000849
OR2C1,0.004193213870313946
SAMD13,0.0041931788446578685
ZNF512B,0.004192705647932885
ACP7,0.004192625268929867
RP11-832N8.1,0.004192561087110893
CTA-390C10.10,0.004192502701156778
RP11-271K21.12,0.004192476972152013
CMB9-94B1.2,0.004192172670016474
RP4-607I7.1,0.0041921373953595084
AC023137.2,0.004191756016397345
CLCN1,0.004191672760354676
MSTN,0.004191038763984361
AF067845.1,0.004191016145351052
TMEM185A,0.004190762476652313
AC012531.2,0.004190437670337559
RP11-284F21.8,0.00419014990503004
LINC00229,0.004190111939589762
SOCS4,0.004189981838180018
KCNC1,0.00418997164744722
CTA-299D3.8,0.004189592384958883
VN1R40P,0.004189131373154146
RP11-46I8.1,0.004188865324508753
TCP11X2,0.00418883614201221
RP11-120K19.3,0.004188767710146176
RP11-74J13.8,0.004188419814857193
MIR34B,0.004188320570381702
RPS26P49,0.0041868483219150475
RP11-37C7.3,0.004185833856851918
SLC17A1,0.004185791063073907
IMPAD1,0.004185217494454705
PARP4P3,0.004185040554009463
HSF1,0.004184960709631306
RP11-630D6.5,0.004184960105286196
CXorf40A,0.00418495126326515
RPS18P13,0.004184876094315983
RP11-297K7.1,0.004184725778830222
GRXCR1,0.004184414744295417
RNA5SP466,0.004184165016136947
RP11-469L4.1,0.004183834056936593
ARG2,0.004183449132510109
RP11-495K9.10,0.004182817798913463
DDX11L2,0.004182519605955778
RP11-468E2.11,0.004182486370314522
SNORA12,0.004182223318980488
RP11-65L3.2,0.004181165353808153
OR7D2,0.004181112858386368
HOOK1,0.004180796881182071
NAT6,0.004180666905572756
FOXN1,0.004180511805451735
RP11-587D21.4,0.004180213047925588
TMSB4X,0.004180205894390561
RP11-278L15.6,0.004180199323059847
RP5-1098D14.1,0.004179872524796571
RP11-227G15.11,0.004179178799712189
SMG1P4,0.0041789925954896865
RP11-646I6.6,0.004178493581962624
RP11-1415C14.3,0.004178305400443758
CATSPERB,0.00417793763428011
PSMD6-AS2,0.004177828806373227
ASPDH,0.0041778285005533745
RP11-708J19.1,0.004177611154991663
RP11-849I19.1,0.004176887481483504
RP11-575A19.2,0.004176870092182654
AKAP17A,0.004176779535113822
RP11-702H23.2,0.004176717795144721
AC078883.3,0.004176565112381815
TIMM23B,0.004176261010763687
RP11-306I1.1,0.004175824236772526
Y_RNA,0.0041758128565391114
Y_RNA,0.004175767954080703
AC005077.14,0.004175723714446565
RP5-879K22.1,0.0041756816692555525
MIR595,0.004175649208487911
CCL15,0.004174899088279365
EAF2,0.004174815487078623
CTC-241N9.1,0.004174169516557862
RP11-473L15.3,0.004173779293928467
CTC-487M23.7,0.004173184742892595
ARF5,0.0041730469990966645
PAH,0.00417268811859281
RCE1,0.004172506515788905
RP11-535A19.2,0.004170743002250541
Y_RNA,0.004169724614855361
MIR5188,0.004169297974309382
ALG3,0.0041692935204475125
RP11-347I19.7,0.004168378996629362
RP11-415I12.2,0.004168346751474281
COX5BP1,0.004167969634225744
TERC,0.004167147457825411
RP11-498C9.17,0.004166995578590814
VN1R96P,0.004166426816454508
CTD-2089N3.2,0.004166348147988846
CTD-2126E3.4,0.0041661104505790955
IL13RA2,0.004165425216738731
RP11-498P14.5,0.004165397642694905
RP11-680A11.5,0.004165315002137033
HMGB3P22,0.0041651213826614224
SNIP1,0.004164338208199499
RPL7P47,0.0041642753867229725
AC002127.4,0.004164158904499078
EIF2S3,0.004164008826956544
RP11-626G11.5,0.004163845691763878
POU4F2,0.0041635251483520905
RPL7AP2,0.004163386339797408
ACTRT1,0.0041631055920545975
RP11-399J13.2,0.004162472958054351
RNU6-1203P,0.004162291384820186
RP11-545J16.1,0.004162101298815002
EPHA5-AS1,0.004161593688543765
AC090018.1,0.004161151716653473
POP5,0.004160950934257514
PIH1D1,0.004160395452686336
NEMP1,0.0041597062151009015
AC012307.2,0.004159265323301142
SLC35A5,0.004159209674210041
NHLH1,0.004158707262209776
RP11-455F5.3,0.00415856465301371
CD1B,0.004158507919465394
RP11-466G12.2,0.004158088696109131
RP11-153M7.1,0.004157098050818074
HIST4H4,0.0041563639954002715
CTC-467M3.3,0.004154677662371954
RFXAP,0.0041543877594810595
FAM153C,0.004154245662961206
LINC00895,0.004153806087371453
RP11-325K19.1,0.004153671615741053
KLHDC7B,0.004153315772258648
SPATA24,0.00415311232423114
MIR1290,0.004152994288057231
FTLP10,0.0041528396226830815
KLHL38,0.0041527028702159005
CEBPD,0.004152304192217375
AC008746.5,0.004151614747322357
RP11-257I14.1,0.004151601971223937
RP5-906C1.1,0.0041515407589279366
LINC00652,0.0041508946981647305
CYCSP34,0.0041506808644795725
RP11-139F4.2,0.004150343898036055
AC009967.3,0.004150168105275249
RP11-304C12.3,0.004149791468079706
ZNF346-IT1,0.004149662947739389
RP11-524F11.3,0.00414937350794184
RP11-317P15.4,0.004148894874478038
UQCRHP1,0.00414852841949673
SRSF8,0.004148239632139772
UQCRC1,0.004147935571209592
THUMPD3-AS1,0.004147555212043261
LINC00473,0.004147536151850831
ZNF549,0.004147460802370651
RPS15AP18,0.00414720353717939
AC010907.2,0.004146937246352472
NDUFB4P8,0.004146853908083175
RP11-110H1.4,0.004146665260671254
H2BFWT,0.00414631982352879
ZEB1-AS1,0.004146313714440403
FRG2DP,0.004146172163508779
U40455.1,0.00414470698548602
NCKIPSD,0.004144389983850788
ZSCAN10,0.004143796060683681
RP11-662M24.1,0.004143755639236175
SPAG5-AS1,0.004143725341194085
AC009473.1,0.004143621733685989
CELA1,0.0041433476050588705
PLSCR5,0.004142631230519926
RPL29P2,0.004142563553193517
KRT85,0.00414221502077825
GOT2P2,0.004142013612224241
AF001548.5,0.004141906668760612
GOLGA2P11,0.004141639975717993
RP11-285J16.1,0.004141399301101332
RP11-49K24.5,0.004141111985973315
RP11-69G7.1,0.004140936703661253
HOXA13,0.004140821050127024
RDH10-AS1,0.004139970054705209
ZNF665,0.0041399112686407785
SMARCC1,0.0041391703949109635
CMB9-55F22.1,0.004139019072487006
AC011288.2,0.004138437501177475
AC092614.2,0.00413816716744628
CTC-260F20.3,0.004138162927791607
DIMT1,0.004137691442310624
RP11-248J18.2,0.004137082899032919
LL22NC03-104C7.1,0.004136959299625268
AC005523.3,0.004136250625063598
RNA5SP128,0.004136088646849278
RP11-794P6.2,0.004135982025137506
DPPA5P4,0.004135924992310359
HERC2P4,0.004135598460394439
RP11-135D11.2,0.004135430716890953
RP11-713P17.3,0.0041354160589394074
GS1-124K5.13,0.004134973503523225
RP13-895J2.7,0.004134965662979642
NAGLU,0.004134690684066255
TSHZ1,0.004134521984210568
RN7SL663P,0.004134393454908757
ALOX12B,0.004134345718944969
HIST1H2BG,0.004134082201402032
RP11-331F4.4,0.004133735578536252
SNORA26,0.004133640278485962
RP11-800A3.7,0.004133612975558879
RP11-635L1.3,0.0041329764342680885
GAS5,0.00413287749052332
RP11-930P14.1,0.004132832888744312
CTD-2595P9.2,0.004132749534360899
CROCCP2,0.004132048664935551
EFCAB6-AS1,0.00413176337407305
SNX18P14,0.0041315756003890616
RNU6ATAC25P,0.004130859981652262
BNIP3P1,0.004130179865246102
LINC00674,0.004129006226017639
LINC00678,0.00412860411888229
DDX43P1,0.004128340523568046
MTND4P19,0.004127092184619257
RP11-242P2.2,0.004126304249569309
CYP17A1-AS1,0.0041262060128117
NCLN,0.0041260328137520536
AC142293.3,0.004125940911224288
RP11-360F5.1,0.004125900521352628
HSD3BP2,0.004125705897225484
RP11-322D14.2,0.004125621831206083
PGBD3,0.004125355982279814
PIGM,0.004125291674892132
CTD-2270P14.1,0.00412521557458028
RP13-349O20.2,0.004125044463687598
NHLRC1,0.004124922499127186
TOB2,0.00412483091749612
RP4-790G17.7,0.004124812651840564
CACNG1,0.004124248001390797
DBF4P1,0.004124086004574482
FAM163A,0.004124080288650433
NUMBL,0.004122954015726169
Y_RNA,0.004122628421088376
RPL7AP28,0.004122608705513712
TMEM42,0.004122593623725413
AK8,0.004122524431470243
AC002331.1,0.004122280848492659
RP11-1191J2.2,0.004122220975090001
RP11-194N12.2,0.004121634437153494
RP11-326L17.1,0.004121296200865101
BCDIN3D-AS1,0.004121233570154419
GHRH,0.004120608753092429
ZNF79,0.004119889334144637
GNS,0.004119522587748257
RP3-430A16.1,0.004117178172192383
RP11-482E14.2,0.0041168879551206254
ZNF622,0.004116724717014621
GATA5,0.004116575342597733
RP11-266K4.1,0.004116194368879617
RP11-438L19.1,0.004115956237262023
FJX1,0.004115251659457213
PNPLA3,0.004114417340326977
RP11-402G3.3,0.004113707891457986
FLJ46284,0.004113214805855587
MCRIP1,0.004112760111901341
RP11-473C19.1,0.004112495528153724
ACTBL2,0.004112032752006433
RPS27P16,0.0041117150529056045
SNORD41,0.004110795784270492
RP11-728E14.3,0.004110787501165583
RP11-70L8.4,0.004110388679872452
IFRD2,0.0041098408861780684
SNRPCP16,0.004109810322081296
HMGN2P40,0.0041096350667433855
Y_RNA,0.004109375601894301
DDX51,0.004108948770677426
CDT1,0.0041087645976718825
RP11-712L6.7,0.004105911193607085
RP11-85G21.2,0.004105687080641436
PACRG-AS1,0.004105054425151726
RP11-196G11.2,0.0041050191628834
RP11-697E2.9,0.004104370218622212
ACBD6,0.004104020440429118
C8orf87,0.004103797006839858
RP11-1105O14.1,0.0041037214429314
PSORS1C1,0.004103638912405303
CTD-2383M3.1,0.004102320800376886
H3F3AP5,0.004101729630570568
H1FNT,0.004101699668154318
RP11-158C21.2,0.004101424607351714
DDR1-AS1,0.004101017972395165
ZNF806,0.004100794509765646
DUX4L9,0.0040998664096772225
SIAH2,0.004099830897543613
TOMM20P1,0.0040997876061791266
AJ011932.1,0.004099773524784046
MT-TP,0.0040997531339192934
EPS8L3,0.004099737375479552
AARD,0.004099599600297223
KCCAT211,0.0040993993300845665
ADM,0.004099332599917007
SMG1P2,0.0040983792492178825
RP11-789L4.1,0.004097533065217389
SGF29,0.004097412949946573
IGKV2-28,0.0040969723268817525
GSTA1,0.004096295476554969
RP11-116O18.3,0.004095898431955059
RNU1-143P,0.004095562903853965
NPIPB11,0.004095148337674352
BHMG1,0.004094765026769406
ZMYND19,0.004094750710795528
RP11-64D24.2,0.00409457714356928
GACAT2,0.004094573363759713
RP11-352G18.2,0.004093783330456575
BMS1P2,0.00409345926793423
RP11-218F4.1,0.00409338675857565
AC067968.3,0.004093323102749824
RP11-316J7.4,0.004093263747860961
LTBR,0.004092731670011864
RP11-130N24.2,0.004092399066995156
RP11-758M2.1,0.004091464309224001
CTD-2530H12.8,0.004091225531305531
PLCXD3,0.0040907640008127555
RP11-326K13.4,0.0040907433568381744
LINC00051,0.004090468917041985
MBLAC2,0.0040901971237703085
NUDT3,0.004090129974491457
TMEM147-AS1,0.0040899432753573415
Y_RNA,0.004089746728525589
SPTLC1P1,0.004089659284790252
RP11-114M1.1,0.004089456863798329
PFN1P2,0.00408931775940819
EXTL3-AS1,0.004089109983807437
RP11-393K12.4,0.004088851243572448
NPIPB9,0.004088505866672116
RP11-246K15.1,0.004087925800937598
POLD2,0.0040872229774338974
VAT1L,0.004086936041251999
PCDHA8,0.004086514225672922
CLLU1OS,0.0040864190960405306
OVOL3,0.004086377530442541
FAM89B,0.004086195705532136
RP11-335G20.7,0.004085986420324354
RNU6-1099P,0.004085964800983134
MTUS2-AS1,0.004085568797900162
CYP2D7,0.004084608694082535
WDFY3-AS2,0.004084452946183023
AP000797.3,0.00408402379821471
RP11-662I13.3,0.004083596238318069
RP11-12J10.3,0.004083371270950713
AC005779.2,0.004083060747320733
LINC01101,0.00408282840480679
MAFA,0.004081416099058997
AC005086.3,0.004081393352914478
RP11-48G14.2,0.004080587793984816
RP11-64J4.2,0.004080430060045578
RP11-159F24.6,0.004080381813300466
MIR4664,0.004079968179400675
RP11-1C8.5,0.004078758982643888
CTB-178M22.2,0.004078616260407398
CST9,0.004078032549545201
RNU6-796P,0.004076956571727571
CEACAM4,0.004076593973075256
SIK1,0.004076591642860843
CTD-2026K11.4,0.004076553908047806
DTX3L,0.004076438993272009
RP11-789C17.1,0.0040760394198889795
HNRNPA1P23,0.004075986161941599
RP3-473B4.3,0.004075837550247779
TRBV29OR9-2,0.004074677203565976
PRDX3P1,0.004074422175745795
MIR1539,0.00407386340603923
SH3PXD2A-AS1,0.004073817880251112
ACTG1P24,0.004073782047896368
NENFP2,0.004073631073851655
MIR892B,0.004073575828987256
RP11-696L21.2,0.004073391386708903
DDX56,0.004073318772856413
GXYLT1P5,0.004072706510827577
DNAJC15,0.004071475192765577
VSTM2A,0.004070669966252713
CBY1,0.004068909145301869
XXYLT1-AS2,0.0040687919128740615
C8orf89,0.004068482081927939
RP11-332E4.1,0.0040683894135856965
RP13-638C3.3,0.004067795695641089
RP11-163I18.2,0.004067462031503331
PNPT1P2,0.004067153333495722
CTD-2525I3.3,0.0040667352836314475
RP11-704J17.5,0.004066547655278165
RP11-18H7.1,0.004066247888252999
ULBP1,0.004065876825160328
EGR4,0.004065211758028504
TNFRSF4,0.004064925008823814
ALKBH3-AS1,0.004064528858993614
CTD-2589M5.5,0.004064516248760822
JPH1,0.0040634804733914055
AC079305.10,0.004063474640154931
RP11-277I20.3,0.0040634171382547225
VN1R110P,0.004063236047769972
SLC7A13,0.004062835508203772
RPS24P7,0.004062775761514033
DPRXP2,0.004062738579626971
AC096669.1,0.00406252242889265
SSR3,0.0040624556619291985
IGLV2-18,0.004062454767392477
MCCD1P2,0.004062001108778726
PARP4,0.004060902079642451
VN1R87P,0.0040606078309710055
OR3A3,0.004060144567123936
RP11-27G24.3,0.004059970819891792
RP11-157J24.1,0.004059464174968765
RP11-115L11.1,0.0040592871226245485
RP11-368J21.3,0.004059009196621198
RP11-1086F11.1,0.004056654341019472
FAM81B,0.004056644093267642
RP11-653J6.1,0.004056461641564473
XXyac-YX155B6.7,0.004055673479641482
SDCBPP3,0.004055461335157038
SLC30A3,0.004055259894525167
ZNF877P,0.00405454800313197
SLC10A5,0.004054418026550161
CTD-2047H16.4,0.0040542099316393364
AC092687.4,0.004054079543577441
IER3IP1,0.004053480788286684
RP11-131J3.1,0.004053446681832912
CTB-17P3.4,0.004053398820210594
AC012360.6,0.004053317751216278
LINC00887,0.004053145774416722
RP11-830F9.7,0.004052425858754491
MAGEB6P1,0.004052412127018633
FAM106CP,0.004051935479114425
NLRP9,0.004051727173853054
RP11-644F5.12,0.004051722195026358
AC073283.4,0.004051694690911338
AC002398.13,0.004051684701288482
AC110754.3,0.004051456407305415
RP11-874J12.3,0.004051175234608039
LINC00643,0.004051129996660439
CD81-AS1,0.00405095780668902
RP11-722E23.2,0.004050905330124348
RN7SL693P,0.004050152687254579
NLRP14,0.004050003853348121
AC133680.1,0.004049618480108664
RP11-426C22.1,0.00404946176124482
ASCL2,0.00404863093751096
RP11-643G16.3,0.004048507366883722
AP001604.3,0.004047988398905566
CTB-60B18.18,0.0040477386693522684
PGLYRP1,0.004047430514312428
PCP4,0.0040473947137201795
CTC-512J12.7,0.004047315051681433
C17orf77,0.004046921142346492
RP11-361M10.3,0.00404667042509984
CTD-2378E12.1,0.004046545625549287
CTD-2023M8.1,0.004046084290102405
RNF5P1,0.0040460427321529786
FBXL12,0.00404572096842197
RP11-557H15.5,0.004045559673197269
RP11-3D4.3,0.004045320170072656
RNU6-476P,0.004044100666358344
RP11-263I1.1,0.00404402859363321
AC009495.2,0.004043908004578466
RP11-435I10.4,0.004043904291822553
ARPC3P2,0.004043444720616002
SULT2A1,0.004043430117674809
RP11-351A11.1,0.004043290615029245
RNU6-509P,0.004043245179507207
PRR7-AS1,0.00404257904622687
SNORD114-13,0.004042150642883628
LINC01103,0.004041940427052743
ATP23,0.0040418986636546845
SMG1P1,0.004041716003420528
TRIM39-RPP21,0.004040911013970153
CTC-512J12.6,0.0040406276665167044
RP11-554L12.1,0.0040405173134703135
RP11-175D17.3,0.004040428747839415
AC109486.1,0.0040401795667854255
ZNF488,0.0040391119644309255
TGIF2,0.004039016738276214
AC006960.5,0.004038926583089216
ERVH-1,0.004038069749645093
Y_RNA,0.00403774920424419
SNX33,0.004036452397821163
AC005740.4,0.004036275031808725
MRPL54,0.0040362269002185815
FABP3,0.0040358507036905925
RP11-740D6.3,0.004034776271522498
RP11-677O4.6,0.004034579736538251
RPS3AP24,0.004034456751193531
RP11-507M3.1,0.00403378612190327
EGLN1,0.004033401700317806
RP11-227G15.8,0.0040329602764337825
ADRA2B,0.004032868198941957
RP11-340I6.8,0.004032688171404682
RN7SKP30,0.004032603649347566
CTC-471J1.2,0.004032539063210473
KRTAP10-5,0.004032484865661427
VCAN-AS1,0.004032189369792466
IGHG2,0.004032188306313287
ZNF345,0.004031932079974501
C21orf62-AS1,0.004031487061889473
CTD-2026G22.1,0.004031143642933718
AC006126.3,0.004030985295873222
RP11-286M16.1,0.004030837490367315
RP11-451H23.2,0.004030246295305774
RN7SL364P,0.004030048792769684
MIR593,0.004028800522670678
ITGB2-AS1,0.00402879148590027
CEACAMP1,0.004028547759158418
KRTAP10-2,0.004028220560086114
CUEDC2,0.004027443221924855
ZNF785,0.004027223121245865
CTB-113P19.5,0.004027144636172083
RP11-402J6.1,0.004026307374218465
CTD-3105H18.18,0.0040258607297376115
RP11-219F10.1,0.00402567945301301
RP11-153K16.1,0.004025196094419482
RP11-353N4.5,0.004024873184173958
RN7SL230P,0.004024779148508346
IRF6,0.00402416114412895
AC005237.4,0.0040237698722322785
RP5-1065O2.4,0.004023658710639348
TTC4,0.004023329673328308
RP11-219B4.3,0.004023027392328305
RP11-116N8.4,0.004022819559182494
STX18-AS1,0.004022640733802141
OR6S1,0.004021627449159582
HLA-T,0.004019401023384601
RP11-96C21.2,0.004019012525595321
SCN1B,0.00401894490661954
RP11-799D4.3,0.004017798967998661
Y_RNA,0.004017091203212698
RP11-358D14.2,0.004016745741310405
SNORA48,0.004016009212968268
KCNS2,0.00401541266334254
RP11-439I14.2,0.004014876470817513
RP11-446E24.3,0.004014696267067973
MSNP1,0.004014409282784355
MIR567,0.004014373208605189
IGHV3-22,0.004014191068898084
RNU6-446P,0.0040132722731275735
RP11-128A17.2,0.004012955046969469
CDK5R1,0.00401279391354552
bP-21264C1.2,0.004012194676113163
YWHABP1,0.004011915445441093
MTND4LP31,0.004011708988797242
SLC25A22,0.0040108620683426644
ABCC2,0.00401076404050224
RP11-451B8.1,0.004010102847558178
FAM189A1,0.004010063174784126
MIR1302-8,0.004009914978816795
C18orf25,0.004009440909184664
CHRM3-AS1,0.004008947193430663
IGHV1OR15-9,0.00400842693497347
RP11-454H19.2,0.004008323850815353
MRPL37P1,0.004008216838383835
UBLCP1,0.004007874694402126
LSM6,0.004007850857569397
RP11-96D1.8,0.004007813725460544
AC073130.2,0.00400778195090418
RP11-384L8.1,0.004007016858145811
GIGYF1,0.004006550762904412
FBXW11P1,0.004006390619931878
RP11-169K17.4,0.004006160899018753
AC000089.3,0.004005401461471299
RP11-167N4.4,0.004004842285350726
TRPC7-AS1,0.004004810464493588
AF003626.1,0.004003986992016041
RP11-698F20.3,0.004003126304327118
RP11-493L12.5,0.004003019584133991
CCDC91,0.004002425854875412
RP11-381E24.1,0.004002304463915046
RP11-806K15.1,0.0040021909710380036
TMEM210,0.004001718502207097
LINC01347,0.004001439897197672
RP11-466A19.7,0.004001069215631941
LINC00460,0.004000918436849781
MCCD1P1,0.004000426280106052
RP3-354J5.3,0.004000219461508712
RP4-620F22.3,0.0040000530938881455
EEF1A1P33,0.0039991137474441945
RP11-10C24.2,0.003998904310850059
RP11-822E23.2,0.003998684348650445
RP11-526K17.2,0.003998293229945573
RP4-647C14.2,0.003997806181040591
HIST1H2BL,0.003997786881279984
CTA-292E10.8,0.003997690316256059
LINC00566,0.003996842093648178
RP11-262A16.1,0.003996534916280241
RP11-659P15.2,0.00399563833131606
AP1S2P1,0.003995535556942981
CH17-333M13.1,0.003995522041295555
AC012593.1,0.003995140024938067
CCNYL1,0.003995054922242567
CDC73,0.003994152956940291
CTD-2313N18.7,0.003992881179995802
RNU6-646P,0.00399275906027648
AP000320.6,0.003992602354723719
CENPV,0.003992548286109778
AP002856.5,0.003991905159110779
RP11-277J6.2,0.003991531257253147
AC015977.6,0.003990600306173243
RP11-326C3.15,0.003990494352209028
RP11-663P9.1,0.003990266694970626
RP11-155D18.12,0.003989797346542876
ITPKC,0.0039897046616211755
IGLV10-54,0.003988355084895467
RP5-1050D4.3,0.003987888849277553
IGHGP,0.003987327142467993
PHF13,0.0039872476120104226
NACAP3,0.003986861917874755
MTND4P24,0.00398675027409863
SLX4,0.003986648162715124
IGKV1D-12,0.0039865847643548525
RP4-597N16.4,0.003986090671730865
RP11-68D16.2,0.00398567520030478
RP11-579O24.3,0.003985499632658462
HAUS1P1,0.003985489399806672
RP11-452L6.5,0.003984680744386803
RP11-890B15.2,0.003983425469511249
ZNF649-AS1,0.003983106462606451
CTC-523E23.11,0.003982940923048811
RP11-15P13.1,0.003982891184715912
RP11-526A4.1,0.003982853129659863
RHOA,0.003982326112574028
CLDN11,0.003982090758656681
HSFY3P,0.003982056815041222
RP11-413E1.2,0.003981936470641387
NAP1L5,0.003981719640677627
RN7SL745P,0.003981638098155452
RNU6-1318P,0.00398146223362975
RP5-857K21.2,0.003981177703656569
RP11-556H2.1,0.003979996160620625
RP11-666O2.4,0.003979830501195609
CTD-2561B21.8,0.003979698691843918
AC079610.1,0.003979188113228471
LINC01102,0.003979146934865642
RP11-956J14.1,0.00397896981873545
RP3-461P17.10,0.003978954313056159
CTA-29F11.1,0.003978544986388772
HIST1H2BF,0.003978407028985614
AC007163.3,0.003978384386636744
RP11-861E23.2,0.0039782705222441445
RP11-661O13.1,0.003978078701600338
TATDN2P3,0.0039769688900343336
RP11-428O18.6,0.003976704983766869
NHLRC2,0.003975624828315549
ST13P3,0.003975621054455743
AC098617.1,0.003975458200911259
SNORD114-7,0.0039749139230617235
RP11-114G11.4,0.003974617915282839
ABHD3,0.003974544344981999
RNA5SP260,0.003974476269854902
IGKV1OR2-6,0.003974241746551531
AP000892.4,0.003973650755708711
SNHG20,0.003972581795341197
RP11-609N14.4,0.003971436642633614
IGHV2-26,0.003971335883909697
CCDC148-AS1,0.003971202989324704
CDRT15,0.003971135761962936
SPTBN5,0.003971096754245292
TNFRSF21,0.003970523530801054
CTD-3126B10.2,0.003970399643491886
TRAJ14,0.003969911824128064
CDC37L1-AS1,0.003969476498549304
TMEM120A,0.003969336354595536
HMGN2P27,0.00396906201811419
L34079.2,0.003968674005422231
RP11-347H15.5,0.003968291021667356
ZIM3,0.003968067903636027
CTD-2384B9.1,0.003967828748905458
RP11-350J20.5,0.003967728942701223
CTD-2521M24.4,0.003966908535238196
RP11-738E22.3,0.0039667895964741375
AC090498.1,0.003966471370160916
RP11-212I21.5,0.003966303727434009
RP11-738O11.13,0.003965517363563222
RP11-118F19.1,0.003965439040121324
ALDOAP1,0.003965330510753184
ARHGDIB,0.003964668423225947
RP11-678G14.5,0.003964339337574585
PPP2R2DP1,0.003964160619243319
RP4-717M23.2,0.003963668161603924
ZNF209P,0.003963564788760468
RP11-382A20.1,0.003963398010869756
SOX4,0.003963324016669896
RP5-854E16.2,0.003963090894716535
RP11-732A21.3,0.0039630750119144095
HS3ST1,0.003962225588228906
RP1-151F17.2,0.003961857264905225
GH1,0.003961756735810803
RP1-309F20.3,0.003961355428446099
RP11-817O13.9,0.003960953113265358
PPIC,0.003960768631640597
RPL5P12,0.003960601418275692
RP11-452G18.2,0.00395968834903524
AC012499.1,0.003959344122836261
RPL12P44,0.003958794071405192
MIR5697,0.003958734999112904
RP11-131N11.4,0.003958441948974966
BARX2,0.003958333256534361
RP5-1074L1.4,0.003958257111193263
RP11-179B15.5,0.003958178116251987
RP11-95I16.6,0.0039577304174137915
RNU6-705P,0.003957428632672815
RNU6-53P,0.003957258351530349
RP11-274B21.1,0.003957065815885358
RP11-129M6.1,0.0039565079718536875
CTC-471F3.5,0.00395644564456959
RP11-1124B17.1,0.0039559527658407185
RP11-714L20.1,0.003955593819698224
NUDT19P5,0.003954960432100707
AC007036.4,0.00395494939819963
CORO7,0.003954432251779989
NDUFV2-AS1,0.003954393402984687
DKFZP434H168,0.003953386231230761
ZNF396,0.003953379421192174
NUDCD1,0.003953358470292948
ZNF416,0.003952854200202841
GPR148,0.003952848997997535
RP11-567F11.2,0.003952016305543412
RP11-90P13.1,0.003951222449874008
RNU6-761P,0.003950898898711682
PLAC1,0.003950581045206616
RP11-837J7.3,0.00395056535791697
PLA2G5,0.003950275873852373
IL13RA1,0.0039500455220959135
RP11-540A21.2,0.003949764597415175
SLC7A15P,0.003949593917087511
RP11-81K13.1,0.003948429603088818
AC019181.3,0.003948223669171717
RP11-290H9.5,0.003948211259753939
AC016831.6,0.003948116025174617
RP4-545L17.11,0.003947673577453615
IGLV8OR8-1,0.003947498422879427
RP11-478C6.6,0.0039472448553055095
POLR3C,0.003945803145344892
SERPINH1P1,0.003945424811357697
DLEU2L,0.003945319761981037
AC003986.5,0.003944692359398541
LINC00483,0.003944332620770493
EIF1B-AS1,0.003944002958362617
MYO5BP2,0.003943075279555379
RPL17-C18orf32,0.003941808416708876
ZNF638-IT1,0.00394116110284231
STARD7-AS1,0.003940944064531151
AC006116.24,0.003940735943679119
DLGAP1-AS2,0.003940330648149018
IGHV2-70,0.003939841241905026
TESC-AS1,0.003939584558001395
FBXO36-IT1,0.003938998063531241
RP11-214K3.21,0.003938839723371553
LINC01100,0.0039376266501735474
RP1-153P14.5,0.003937483645382392
U1,0.003937324724084025
MIR4323,0.003936876365454751
RN7SL128P,0.00393686449485316
RP11-566K11.5,0.003936632778356705
RP11-809H16.3,0.003936403963368073
CEBPB-AS1,0.003935887362963812
RP11-234B24.5,0.003933980507715875
RP11-789C1.2,0.003933373217961653
IFNA5,0.003932740031141488
IGKV1-27,0.003931794278448033
RP1-247F3.1,0.003931509669068584
YY1,0.0039305743009020455
SLC35F6,0.003929809336074058
RP11-445P19.3,0.003929444378825701
RP11-707M3.3,0.0039288578630251965
MAGEA1,0.003928193493544289
RP11-116N8.1,0.003928115393189798
RNA5SP364,0.003928059655322274
RN7SL233P,0.003927483208844982
TUNAR,0.003927005541439307
RP11-638I2.9,0.003926664025831702
AL022345.7,0.003926345884445623
AC005754.8,0.003926339714300679
LLNLF-65H9.1,0.003926288870454645
MEF2C-AS1,0.0039246145301823215
RNU6-228P,0.003924452406712099
ZNF558,0.003924407152106511
DXO,0.003924359506400528
RP11-359J6.1,0.003923941199202037
RNU6-87P,0.003923684036080141
KCNB1,0.003923614004173396
AC009487.6,0.003923381742254929
RP3-337H4.10,0.003923303721931204
RNF2,0.0039231611136234
AF131216.6,0.003923053783894234
LINC01399,0.00392274235380263
TDRD15,0.003922696422284965
RP11-32K4.1,0.003922616678722953
LINC00959,0.003922228669744009
RP11-118B18.2,0.00392191775353692
LRWD1,0.003921881077331845
RP11-440G5.2,0.003920944323971177
AC074289.1,0.003920450334629366
FOXJ3,0.003920239193760505
RP11-314A20.1,0.003919276041298121
AC053503.12,0.003918477082888067
RP11-843P14.2,0.003917915346214133
RP11-321F8.4,0.0039178478001479725
ACYP1,0.003917783985556437
RP3-445N2.1,0.0039177428978531825
CTD-2023N9.2,0.003917109322324108
RP11-321N4.4,0.0039167464460415045
ARHGEF17,0.003916092161670881
LAMTOR5P1,0.003916091601998716
CTB-32O4.4,0.003915991105775404
RP11-107I14.2,0.00391590239688387
C3orf36,0.003915218701222517
SMIM2-IT1,0.0039148087579403785
CEP19,0.0039147223674253755
DEFB109P1,0.0039144234964121945
SHCBP1,0.003914179683832296
RN7SL395P,0.003913357092248922
AC004920.2,0.003913176824247081
GRIN3B,0.0039129709999943495
AC139099.7,0.003912694596460967
U8,0.003912504881070451
RGS21,0.003912419321215103
RP11-35G9.3,0.00391127246087247
SETP11,0.003911235925030735
HSPE1,0.003911002477409052
TBC1D12,0.003910584351019729
STARD4-AS1,0.003910570229325158
CTA-305I2.1,0.003910293950140377
BCLAF1P1,0.003910059652237166
PKD1L3,0.0039099914195740455
Metazoa_SRP,0.003909315687943323
CPO,0.00390847495250705
RPL21P16,0.003908409812166687
ZFPM2-AS1,0.003908305709938196
RNU6-1169P,0.0039078392442513715
MIR3132,0.003907691573468911
CYCSP8,0.003907513811063167
RP11-270B14.1,0.003907442629650125
RP11-407G23.2,0.003907008048491285
Y_RNA,0.0039068186620916335
EIF2S3L,0.003906513935284186
DCAF8L2,0.0039060814618103673
ZNF253,0.003905834258287589
RP3-508I15.18,0.0039057497498524783
LINC00184,0.0039051693194988362
LINC01612,0.0039050065243771176
TPGS1,0.0039042945054957685
WNK3,0.003903854038480106
ZNF296,0.003902746984877161
LINC00463,0.0039022707764498465
L1TD1,0.0039016915242519284
RP11-734K21.2,0.003901463754896491
CYB561D2,0.003901413823347079
TEAD4,0.0039012245522227515
AACSP1,0.003901203516001555
GCC1,0.0039005823833994733
RP5-855F16.1,0.0038999476458050192
HOXD4,0.003899667804313032
MIR3125,0.003899503638441012
LDOC1L,0.0038993901484895123
Y_RNA,0.0038993772159072867
PYROXD2,0.003898950654467329
AC005086.1,0.0038989093446383087
ST6GAL2-IT1,0.003898447519718678
WBP1LP2,0.0038983626337891577
AC003005.4,0.003898122009292292
CTD-2349P21.10,0.003898068523882865
RPL10P15,0.0038974360711036366
AC011899.10,0.003897383613063186
RPL4P2,0.0038973621483073743
RP11-734K21.5,0.003897099809107986
TPRG1-AS1,0.0038966420291853088
TBC1D29,0.0038958408674553127
RPS26P31,0.0038956588060180515
RP11-127I20.8,0.0038955863152583324
B4GALT5,0.003895383759810815
RP11-105C19.2,0.0038952335574047882
CH17-13I23.1,0.003895209430561212
RAB44,0.0038949353605525192
RP11-727F15.12,0.0038948928517084933
GAS6-AS1,0.003894516128428655
RP5-921G16.1,0.0038945048419697227
CTB-174D11.1,0.0038941469879362977
IGKV2D-26,0.003894131381578501
RP1-261G23.4,0.003893783077639398
SLC22A14,0.003893669983474172
AC005796.2,0.0038934352116925253
SULT1B1,0.003892157306272292
PRDM14,0.0038918596277027068
RP11-12K22.1,0.0038916740900103186
RP1-213J1P__B.1,0.003891670121313578
RP13-270P17.2,0.0038914767548908352
RP11-295D4.4,0.003889819674371587
RNU6-1311P,0.003889446199475172
RP5-1121H13.4,0.0038889483278928927
ANKRD26P4,0.0038882018101803824
MIR3681HG,0.0038879901054698347
NEUROD2,0.0038878805695665582
RN7SL81P,0.0038873980002350275
DCAF13P3,0.003887250589854794
DLL4,0.003886189092473576
ANAPC1P1,0.0038860147151709218
RLN2,0.0038859895303421654
CACNG2,0.003885158820228819
ZNF285,0.0038843690267922728
RPS2P48,0.0038841174454478876
RP11-321L2.1,0.0038840339830317583
SUMO1P4,0.0038837773177631107
AC053503.6,0.0038831700634208836
RNU7-159P,0.00388313661909752
SUMO2P15,0.0038829014586197167
RNU6-304P,0.0038825957931987944
LINC01144,0.0038818410054123793
PCDHB16,0.0038817891082126464
RP13-150K15.1,0.003881501738698025
ACTG1P16,0.0038811548127342796
RP5-1077I2.3,0.0038811399227143763
RP11-791O21.5,0.003881045224175863
RNU6-525P,0.0038808704532322554
GPANK1,0.0038806444323604364
RNA5SP101,0.003880590542990436
ARHGAP8,0.0038805851001485164
AC068831.16,0.003880346649935291
RBMXP4,0.0038794305452035153
RNU6-1315P,0.003879335811007829
ST6GALNAC4P1,0.0038789382841589695
CRYBB3,0.003878603686981054
RP6-109B7.5,0.00387855441152608
AL022578.1,0.003878450214538272
AC126365.1,0.0038780355654204125
AF131217.1,0.0038776072794136484
RP11-484L7.2,0.003877587875185576
IGLV3-19,0.0038773550315683372
CTD-2043I16.1,0.0038766261664904345
RP11-482M8.3,0.0038759679975001638
RNU6-808P,0.0038757897591386358
C9orf66,0.0038754690172992227
CLDN17,0.0038749517833097896
RP11-114H23.1,0.0038749040005299938
RNA5SP162,0.003874808683335669
ADAMTS19-AS1,0.0038734276110317712
NUS1P3,0.003873414362555146
SOCS1,0.0038722895255334836
RP11-347C18.4,0.0038719518700433856
AGGF1P2,0.003871508169010697
GNG10,0.003870700619928565
SNORD62A,0.003870550164114817
TMCO2,0.003870514215108953
RP11-537E18.1,0.003870358808567351
XIAP-AS1,0.0038689816742585887
MIR5691,0.0038678515209651103
RP11-434B12.1,0.0038678344950916683
HNRNPDLP4,0.0038675258130139688
MICB,0.003867009824485153
EIF5B,0.0038665815388056165
RP11-386D6.2,0.003866382254507825
IGKV2-18,0.0038654875244790044
LINC00864,0.003865252124147798
RP11-430B1.2,0.0038649741553867345
ALG1L14P,0.0038649200488892086
RP1-278O22.1,0.003864812746062193
COMP,0.0038645489910518133
AK3P3,0.0038640347029321926
RP11-996F15.5,0.0038628898832372806
RNU6-1,0.003862213472190598
GAPDHS,0.0038618957151732533
RP4-614O4.13,0.00386176981017023
MTATP6P2,0.0038616278531432933
RP11-281P23.1,0.0038616220089858805
CTD-2292P10.4,0.003861162215049703
AC103564.7,0.0038611438335900347
TRBV7-1,0.0038610342055777477
SERBP1P3,0.003860704996438281
KRT84,0.003860621526384112
CENPW,0.0038603215990051305
PHKA1-AS1,0.0038603134765136052
AC022182.1,0.003859591947326254
CTD-2593A12.3,0.003859540919932213
NPIPA3,0.0038592699108540114
RP11-313P18.1,0.0038590484090014103
CTC-347C20.2,0.0038585519426177525
FAM66A,0.003857920368903547
LRFN4,0.0038578316191028627
BLM,0.0038578245090107478
RP11-326I19.2,0.0038575850380588392
CAMK2N1,0.003857066998673104
RPL23AP72,0.003856587390807376
AVPR1A,0.0038560168196898757
RP11-143M1.3,0.003855834807763214
ENPP4,0.003855683525387159
RNU6-714P,0.00385548671696147
RP11-791G16.2,0.0038543382615861006
PPRC1,0.0038524050955154434
ATP5E,0.003852289294183779
LINC00415,0.0038514390997518495
SH3BGRL2,0.0038513405809308533
RP6-24A23.3,0.003851235425955818
CASP6,0.003851167119577685
ALPP,0.0038504656183425234
IGKV1-17,0.0038503340754499488
RP3-333H23.9,0.0038501432913967486
RP11-385D13.3,0.0038500072914027295
RN7SL313P,0.0038499719941575373
RP11-510M2.4,0.003849522545529672
KDM6B,0.0038494883767658267
MIR5695,0.0038494383294732366
AMTN,0.0038493193870459143
RP11-310P5.2,0.003848486321046449
RP11-666A8.8,0.003848251522035977
RP11-167N24.5,0.003847813463450681
THEM7P,0.0038475440654832074
RP11-469A15.2,0.003846828203075454
RP11-187C18.3,0.00384676388302563
COPZ1,0.0038462447151286325
AC073316.1,0.003845748838429714
PSME2P6,0.003845418074947033
SALRNA3,0.0038446351460043175
AC004951.6,0.003844487794833784
VN1R10P,0.0038434890356920017
RNA5SP194,0.0038434117810300103
RP11-778D9.13,0.0038430274342853748
RHOF,0.00384271810896076
RP11-507K2.3,0.0038425797776066506
snoZ6,0.0038423992546916946
C1orf100,0.003841348797540994
RP11-33A14.3,0.0038412489470514323
IGHMBP2,0.003841073606278047
XXbac-BPG283O16.9,0.003840832133510667
RPS27AP9,0.003840323827214349
CTC-232P5.3,0.0038402181912460137
MMP21,0.0038396287780481874
IGHD1-1,0.00383960844692964
HSPBAP1,0.003839330904725218
RP11-61L19.2,0.0038389143813673666
RPL23AP38,0.00383881287646054
RP5-894A10.6,0.0038385018351015827
RP11-386M24.5,0.0038374058915723506
FCER1A,0.0038370376041692907
RNASEH2C,0.003836574191393448
RP11-446J8.1,0.003836244303792731
RP3-341D10.1,0.0038361485980826903
TAGLN2P1,0.0038354930162966287
SNX19P2,0.003835356630500414
RP5-966M1.7,0.0038350213704508324
B9D2,0.003834941898327153
FAM90A1,0.0038349320353830117
RNF216-IT1,0.0038348330131122684
C14orf2,0.003834717755850632
NPPC,0.0038343676062624938
ZNF833P,0.0038336275099678844
RNU7-60P,0.0038329221891133464
TRIM33,0.003832845476463827
RP11-45A17.4,0.003832695341467209
C2orf27B,0.00383265101845271
PRELID3BP4,0.0038326248344801917
RP11-826N14.1,0.0038319417405537053
SPPL2C,0.0038312328324292535
RP3-467N11.2,0.003831148538501828
Metazoa_SRP,0.0038310898511708484
RP11-388K12.2,0.0038308060452963044
RNU6-512P,0.0038306129260435536
ACRBP,0.003830461295050006
CTC-523E23.14,0.00382950597788062
CDC42-IT1,0.0038291274667019244
FHDC1,0.003829071125713993
TRGJP2,0.0038287191851515013
KRR1P1,0.003828364103811224
RP11-419C23.1,0.0038281521497761967
MTND5P8,0.0038279656237020392
RP11-61K12.2,0.003827750539383569
RP11-347I19.8,0.0038276778449052263
DDX11-AS1,0.0038274648489019045
RP11-337N6.2,0.0038270499457383786
CTD-2331H12.5,0.003826915758793506
RABL3,0.0038267581805918544
RNU6ATAC12P,0.003826736532802911
RP11-20D14.3,0.0038257398063966377
AC009410.1,0.0038243972224900414
RP11-571M6.15,0.003824233399688589
CTD-2553L13.10,0.0038239119564277436
INHBC,0.0038238754880752144
PDX1,0.0038231311767563674
HMGN2P10,0.003822888610390766
AC009274.6,0.0038228854166288315
AC099535.4,0.003822571819800117
RP11-480I12.2,0.0038224364063469997
UBA52P7,0.003822270532530763
RP11-1281K21.1,0.003821622112684718
TMPO-AS1,0.0038210420592275727
OR4N1P,0.0038210157554190083
RP11-156E6.1,0.0038207348538444137
RP11-504G3.2,0.0038206617257987145
CRACR2A,0.003819151573335526
VN1R83P,0.0038191200931638287
UBE2L4,0.0038190778297180596
C7orf65,0.0038187590811711047
CDR2L,0.0038185983334442573
MIR4797,0.0038184424657027546
RP11-423H2.4,0.0038183549323509295
LINC01605,0.0038182669434191816
RPL13AP7,0.003818129336078753
NDUFB9,0.003818124503463656
AC097662.2,0.0038177707672602096
HTATSF1P1,0.0038176794029478127
RP11-227D2.3,0.0038176102718818195
CAMK1,0.0038173242688873915
RP11-526D8.11,0.0038173065750536465
ANAPC2,0.003817091754857923
PCDHB9,0.0038164068776354644
PENK,0.003816153380194579
FKBP4,0.003815920940165913
TNNC1,0.0038153031891331904
AC006946.12,0.003814694014016719
RP4-587D13.1,0.003814686036073312
ARL2-SNX15,0.003814460987060789
BTBD7P1,0.003813979139693434
RP11-518K17.4,0.003813518391161358
CTC-229L21.1,0.0038134952236543646
RN7SL239P,0.0038132966858452425
RP11-875O11.2,0.003813276177574474
LRRC69,0.0038128150571316004
PPM1E,0.0038119159272532927
ALG10,0.0038117366803311365
SUCLA2P2,0.003811558599615379
FOSL1P1,0.003811424715503026
AL049794.1,0.0038113840718971294
TRIM51JP,0.0038111111706001155
IGHV1-3,0.003810075541586163
GTF3C3,0.0038098365694509964
RP5-1065P14.2,0.0038091825472403446
RP11-438O11.1,0.0038091717669656265
IL3,0.003809171223042086
SNX19,0.0038089043340780197
RAB11FIP1P1,0.0038076274726646297
RP11-265N7.2,0.0038072053099528105
RP5-1115A15.1,0.0038071829622440215
FAM50B,0.003806723178485606
SLIRP,0.003806054787677969
AC007193.6,0.0038059626209148638
RP11-25G10.2,0.003805556464271949
IP6K3,0.0038055513800202964
IGHV1-12,0.003805505972519446
ZFP57,0.0038052755627898424
RP11-480C22.1,0.0038051606000987677
TMEM179B,0.0038049398864395626
OST4,0.003804911000620034
NRARP,0.003804820847991572
SLC2A1-AS1,0.003804716201472754
ST13P16,0.0038040565038458107
BPIFB4,0.003803967145464475
RP11-353N14.7,0.0038027954112616865
Y_RNA,0.0038025402157252208
RP11-133K1.6,0.0038020253246387366
RP11-275H4.1,0.0038019079281740456
RP11-336A10.4,0.0038018486287579928
RP11-1E1.2,0.0038014993013103003
TRIM45,0.0038008134846138964
CTC-360J11.4,0.0038006613877672873
EPM2AIP1,0.0038006115619912744
RP11-231I16.1,0.0038005524648889654
RP11-109N23.6,0.0037998957956859635
C1orf74,0.003799523210170948
AC093642.6,0.0037987365185153336
RP11-392O17.2,0.0037986929596620137
5S_rRNA,0.003798533544758384
RP11-314N13.3,0.003798278761087967
CH17-437K3.1,0.0037980369646613793
AC007392.4,0.0037979184130346273
MIR6761,0.003797229164906641
RP11-255M2.2,0.0037971754176824774
PCOLCE-AS1,0.0037969649984655393
VWC2,0.0037968948424926346
snoU13,0.003796706796386218
RP11-350G8.5,0.0037965216758010247
RP11-665C14.2,0.0037958426653359125
CTA-243E7.4,0.0037956127631712695
ZNF585B,0.003795210177541394
CDRT15P2,0.0037951838622127376
AC091153.4,0.003794884149881436
RP11-358H9.1,0.0037941917728086224
FAM210CP,0.0037934256839895013
DGCR11,0.003793057442603485
ZNF813,0.0037927074126729485
MIR3143,0.0037926156369783824
RP11-30L15.4,0.0037924040912748914
RN7SL850P,0.0037919924730070043
C7orf71,0.0037917956297138437
IBA57-AS1,0.003791752377922633
OR7E121P,0.00379163692382796
Metazoa_SRP,0.00379120425008149
RPL29P3,0.0037909295732767865
RP11-807H7.2,0.0037908048793965417
RP5-1085F17.4,0.0037901774162664432
RN7SL192P,0.003790104895241812
RP13-52K8.1,0.003789711662811897
NACAP1,0.003789690603771036
AC012442.6,0.003789596118697624
SMIM10L2B,0.003789304909192502
LINC00488,0.003789225787522107
RPL23AP64,0.0037888254738088706
AOX2P,0.0037874030122999306
CLP1,0.00378737596108998
TRUB2,0.0037872358569323457
MED11,0.0037866649296753657
C2orf49,0.0037856471953258406
AC007969.5,0.003784788794124131
MTCYBP13,0.0037845546140746517
SPDYE2,0.003784209216236772
CTD-2036P10.6,0.003784195995948487
FAR2,0.003784094042201431
RP11-845C23.2,0.003783632713645751
RP11-726G1.1,0.0037835745453022453
IGLV7-46,0.0037834450121750148
RP11-61K9.3,0.003783156585541919
TRAJ22,0.00378305721929526
C1orf186,0.0037830479577550284
RNA5SP217,0.003782990317666835
RPL14P3,0.003782689379244448
RP3-333B15.5,0.003782014854287349
UBL5,0.0037818819369739762
SIM1,0.00378155615082179
RP11-163E9.2,0.0037813170372337853
AP000442.4,0.0037812293082075668
HIGD2A,0.0037810193123214283
RNU6-86P,0.0037793331902583665
RP11-247A12.7,0.0037792454121170784
TAS2R5,0.003779041125154686
ISL2,0.0037784127101024613
RPS15AP30,0.003776530474355279
RP1-142L7.9,0.0037762104448187577
RP11-51J9.4,0.0037761879655258037
ATP6V1G1P3,0.003776110656412265
CTD-2619J13.19,0.003775969046230978
RP3-406A7.3,0.003775400879418563
RNF149,0.0037752437144942426
VAV3-AS1,0.0037750294317619648
RP11-305L7.3,0.0037747752992148076
CYP2T1P,0.0037735183679907724
RP11-184D12.1,0.0037731695239340696
MTHFD2P2,0.003771376971765784
SYT13,0.003771172197080193
C1QL1,0.0037704478411345176
RP1-111B22.3,0.003769946854886668
ABCC5-AS1,0.003769863695998225
CTD-2550O8.7,0.003769693536089821
RN7SKP195,0.0037691156407152317
SCARNA21,0.0037689037748905086
CTB-46B19.2,0.003768766583371735
RP11-214J9.1,0.0037683219175312205
CTD-2616J11.10,0.003768240386685268
CTD-3193K9.3,0.003768097094661121
RNU6-813P,0.0037679039711361203
MIR2116,0.0037677167529628483
RP11-143A12.3,0.0037676472752694356
EIF4BP6,0.0037670413415233396
C8orf34-AS1,0.0037659879797978368
SLU7,0.0037659645120676076
Y_RNA,0.003765731161444734
AC007879.2,0.003765707408614673
OR8B10P,0.003765669901437703
RPS12P26,0.003765439916502944
RP11-182N22.8,0.003764806754845194
CLIC4P1,0.00376477749272791
RP11-230B22.1,0.0037644048357833595
RP5-1120P11.3,0.0037643993998446356
RP11-691N7.6,0.0037640123810543115
LINC00943,0.003763876355360773
AP000473.5,0.00376385316702122
RP11-110I1.5,0.003763606538188419
GPAT3,0.0037630106539056503
ARF4P2,0.003762977494283053
PPID,0.003762635652305413
RP11-502I4.3,0.0037623837860459425
THAP12P1,0.0037622294279041923
CYP1A2,0.0037621465377746595
CTB-31O20.2,0.0037619163618176203
RP11-49K4.2,0.0037616725330176753
RBM14-RBM4,0.00376144609233674
RP13-507P19.2,0.0037607657151360048
IQCF3,0.0037603575947581127
LINC01085,0.00376019557242367
AY269186.2,0.003760179716190604
RP11-358N2.2,0.0037600946815584554
RP11-540B6.2,0.0037592938188136067
CTD-2022H16.1,0.0037590347487516103
CRLF2,0.0037583479628802152
AP000265.1,0.00375831888255381
MAGOH3P,0.0037583000436396557
FAM66B,0.0037571834379375455
RP13-487K5.1,0.0037571587193097004
ZNF581,0.003756706719447827
TBCAP1,0.0037559293633168244
LENG1,0.0037558750653011604
MIR4457,0.0037556294532943824
RP11-883G14.3,0.003755192749965946
LINC01036,0.003754678269922065
IGKV1-9,0.0037544332783860635
AP001626.1,0.0037543388916974492
IGKV2-29,0.003754273881386275
IL17RB,0.003754056319162791
RP5-1021I20.1,0.003753787993029769
IGHV3-33,0.003753604696340217
RP11-170L3.2,0.003753238394061852
TRIML2,0.0037527933459728002
RP11-352D3.2,0.003752702955921884
RP11-182L21.5,0.003752226014410267
RP11-593F23.1,0.0037520936582963564
YPEL4,0.0037519586781915213
RP11-656D10.5,0.0037515471741966437
Pinc,0.0037514545870206847
CCKBR,0.003751271222734289
RPL7P43,0.0037509991205263602
SVOP,0.0037505585434439133
LINC00885,0.0037502898515841014
RP1-140J1.1,0.0037498692360156873
RNU6ATAC26P,0.0037488900891991072
ACOT13,0.003748469161955963
RPL35P6,0.0037482139065907276
RP1-15D7.1,0.003748033235365755
RP11-3P22.1,0.0037458208433952395
DAND5,0.0037456278840026346
ARMC2-AS1,0.003745496360454198
CTB-35F21.4,0.0037451042370976084
PPP1R2,0.0037437345045294307
RN7SL303P,0.0037432529754088226
STX19,0.003743112031720823
RP11-20B24.5,0.0037429015222052997
BNIP3P40,0.003742781359386199
RN7SL870P,0.003742733134103479
ASNSP3,0.0037423802977872697
XXbac-BPG181B23.6,0.0037418655827681866
CLPP,0.003741486295075508
TLR2,0.0037413427602783064
MAF1,0.0037410760137798994
NKX2-5,0.0037408933294201347
PRLHR,0.003740788207531046
RP11-298A8.2,0.0037405935667093144
KIF25-AS1,0.0037403899382465436
RP11-62G11.1,0.0037401690472754147
RP11-405A12.1,0.003739446745075447
TMEM256-PLSCR3,0.0037394172206825687
CTD-2218K11.3,0.003739337223783238
RP11-554E23.2,0.0037392507186198073
ATG14,0.0037391339705524877
UBTFL9,0.003738987824682173
EIF3E,0.0037386042985225122
Y_RNA,0.0037383326778284553
RP11-474I16.8,0.003737832961271757
SLC25A53,0.003737339370447313
RP11-747H12.7,0.003737265032477028
RP11-153F5.3,0.0037370917675283227
RP3-514A23.2,0.003736702590234028
IFITM10,0.003736657721394249
RP11-143E21.6,0.0037365651362669845
HMGN2P25,0.003736405682896026
LRRC46,0.00373618811921337
RP11-396C23.4,0.0037359508435410907
ZBTB43,0.0037357955230940573
RP11-231P20.5,0.003735335285158648
THTPA,0.0037352824763563033
APOF,0.0037352591620410107
RN7SL131P,0.0037352190187588596
SLC25A6P5,0.00373506692057362
ZIC1,0.003734567219842651
CTD-2530H12.4,0.0037344089204679187
TSTD3,0.0037343002625025165
SASS6,0.003733634532597465
RP11-480I12.10,0.0037335576497853746
ATP5J2,0.003733539192134699
RN7SL411P,0.0037318609612198876
RP11-170L3.7,0.0037317631650142704
REV3L-IT1,0.003731592298889022
RP11-228B15.4,0.00373057396875805
RP11-696N14.1,0.0037302303422946923
SNRPEP2,0.003729839839957544
AC069154.4,0.0037298109927113533
PGAM5P1,0.0037296035685177057
NPTX2,0.0037293663441786327
C11orf71,0.003729295871685433
CXorf40B,0.003728832036750769
LINC00313,0.003728648133433042
RPL23AP57,0.0037280094280256323
CICP17,0.003726750524404431
POTEKP,0.003725347563431374
CTD-2233K9.1,0.003724563288686144
RP11-417L14.1,0.0037241616419813836
RP13-582O9.6,0.0037241421995045302
AC011551.3,0.0037238609179530723
KTN1-AS1,0.0037237658352071894
HYPK,0.0037229564993022254
RNU2-30P,0.00372253104089712
RP11-191L9.4,0.0037223656681281553
RSL24D1,0.0037223356920857167
RP11-328K4.1,0.0037222672195493414
RP11-386G21.2,0.0037218358666215295
CTA-351J1.1,0.0037216791436778442
IGHV3-76,0.0037216346312091433
RP11-542G1.2,0.003721578841262172
MIS18A-AS1,0.003721536246348912
TDGF1P2,0.0037211743046765495
POLD3,0.0037204879663217194
C2orf27AP3,0.00372030240193026
SHANK2-AS2,0.0037200039027355082
IGKV3D-15,0.0037197217572820813
CTD-2587M2.1,0.0037195777937653373
SST,0.0037193501854060652
MIR6512,0.003718001406145969
AC008982.2,0.003717665443428848
RP11-260G13.1,0.0037175143184078616
HBE1,0.0037171726151570303
UQCRBP3,0.0037170887629078275
MIR661,0.003716773247466271
PGGT1B,0.0037167482983227686
RP11-667K14.13,0.003716202738828645
RP11-1114A5.4,0.0037161022206574777
MTND4LP13,0.003715928774693828
RP11-394J1.2,0.003715850833445207
RP11-346C20.4,0.0037155431855845043
RP11-378J18.6,0.00371424919715137
DIO3,0.003714132604502146
RPSAP51,0.00371395640159016
ZBTB40-IT1,0.003713903083731628
RP5-998N21.4,0.0037137634231466004
SLC6A14,0.003713507402044214
RP11-14P20.1,0.003713462954771253
RPL26L1,0.0037133046772456035
IGLV6-57,0.003712335677210515
RNU6-45P,0.0037120513736342495
ERF,0.0037118880717659174
Y_RNA,0.003711800119397276
RP11-360L9.4,0.003711358083252467
MIR590,0.003711001759028674
RP11-145M9.6,0.0037107824134003493
KIF28P,0.0037103977737880395
RP11-143E21.3,0.003710393635721929
VN1R28P,0.0037103308247226252
RPL11P3,0.003710084612812432
RP3-329A5.1,0.0037094331280733053
OCM,0.003709329194736601
MIR6076,0.0037092177332957357
RP11-1084I9.2,0.003709083478122338
TRMT112P5,0.0037089610017395835
OR7E110P,0.003708625304046722
TSPAN12,0.00370830948494358
LINC00691,0.0037082446653841847
GSTM3,0.0037081798087348424
BEX1,0.003707742024137429
uc_338,0.0037068451537606443
RN7SL305P,0.0037062495746348
MIR6859-1,0.0037052899147516196
AMMECR1L,0.003705051887014739
SIPA1L3,0.003704746420863846
RP11-571M6.18,0.0037043047043444025
BTBD17,0.0037043029207600854
XBP1P1,0.003704287946598234
SNHG8,0.0037036247005266866
TUBB8P12,0.003703545014006297
RP11-867G23.3,0.0037026353457949245
RP3-402G11.27,0.0037016999376879903
Y_RNA,0.0037013895103838613
RP11-73K9.3,0.0037012061642660563
LILRA2,0.0037011362572793114
SLC25A34,0.0037010016698144415
HLA-DQB1-AS1,0.003700439355604528
RP11-705C15.2,0.0037001769922788527
ADH1C,0.003699760431414356
RP11-999E24.3,0.0036997118198007542
RP11-857B24.1,0.0036994575478771588
RP11-264B14.2,0.003698862268282169
IGKV2OR22-4,0.0036988418069041733
GLRXP3,0.0036977697518039963
ZNF735,0.003697754976107141
CTD-2523D13.2,0.0036976206284803793
RP11-631N16.4,0.003697601736258418
GRTP1-AS1,0.0036972115477722444
CLN8,0.0036968927192395683
RP11-507B12.1,0.003696835062009568
RP11-20I23.7,0.003696296840180856
RN7SL25P,0.0036950754129029635
SYCE1L,0.003694641520033201
RP11-646D13.1,0.003694309672323356
RPL23AP95,0.0036942543759639753
CTC-264K15.6,0.0036941128676256235
RPS29P29,0.003693834034026773
PDCL3P5,0.00369376606310098
HAPLN1,0.003693521753899349
RP11-996F15.6,0.003693430298794692
RP11-401P9.6,0.003693089234406889
AC018866.1,0.003692864251874591
ZNF37CP,0.003692644245634062
RP11-679B17.2,0.003692589244471656
RPS16,0.0036924555371861704
LINC01429,0.0036922872308839485
RP11-145H9.3,0.003692074715256848
RPL7L1P3,0.0036913464182874835
COPS4,0.003691072260787811
RNU6-1304P,0.0036910209362056587
AC097374.2,0.003690830810277333
ROPN1L-AS1,0.003690712900977961
VDAC1P5,0.0036904991065979226
HMSD,0.0036902730109769936
RP11-448G4.2,0.0036899768874037175
CTA-989H11.1,0.0036898272655237364
GOLGA8O,0.003689696258943462
AC092570.2,0.0036892055363290767
RNA5SP18,0.003688776139108129
BARD1,0.0036886607430391826
ZNF417,0.003688232470159792
TUSC2,0.0036881651506232333
RNY4P37,0.0036881495795750524
RP11-386P4.1,0.00368803881518734
RP11-394B2.5,0.0036880138756685446
SERPINB10,0.0036879301355081788
RP11-34P13.14,0.0036876224080843807
RBM12,0.003686651429894382
RP11-66N24.7,0.0036866188967681003
RP11-163O19.3,0.003686533511117606
RPS26P47,0.003685963892565421
CTD-2132N18.2,0.003685925559765834
KB-1572G7.4,0.0036858965577012247
IFT57,0.0036857806740184964
AC093495.4,0.0036850999498383974
AC012370.3,0.0036847335609194835
RNA5SP467,0.003684590694251826
DUSP16,0.003684564197367592
LLNLR-268E12.1,0.003684452788304511
AC090587.5,0.003683016231334523
RP11-715I4.1,0.0036821623650416285
AC068831.10,0.00368210068609282
RP3-496C20.1,0.003681849116339216
ZCWPW2,0.003681804048677154
RP11-266E8.2,0.003680737049675999
TRIM60P18,0.0036806797069771297
PANO1,0.003680469754740777
C15orf59,0.003680312604637011
RP11-635O16.2,0.0036801650766607186
UNQ6494,0.0036796355749777994
AE000662.92,0.003678852486679981
RP11-21A7A.3,0.0036785330697535327
MED13L,0.003678472750154097
ZMYM1,0.0036784313587326714
EEF1DP4,0.0036778833047114478
AC004066.3,0.0036774039024833555
FBXO3-AS1,0.0036773197985937728
RP11-110I1.13,0.0036772366160419023
EIF4EBP2P2,0.0036770808973149035
AC018442.1,0.0036766035139124617
IGKV1-16,0.0036763981051517887
CTD-2533K21.2,0.00367630909375495
RP11-363G15.2,0.0036759417517299455
HIST1H2AG,0.003675926742369658
MEX3A,0.00367567396585382
CHUK,0.003675431383508859
ACTG1P22,0.0036748229352254742
SDE2,0.003674690871353625
LINC00612,0.0036741502929677457
UBE2R2-AS1,0.003674119564872489
RP11-405L18.4,0.0036739333371443366
USP3-AS1,0.003673546167253061
AC007787.3,0.0036733553744777154
RP11-324J13.1,0.003672579730622022
HINT3,0.003671889450954175
CTC-277H1.6,0.00367137665569757
RN7SL321P,0.0036711625007007456
RP11-192M23.1,0.0036709210230186622
UNC93B7,0.003670779869141626
RNU6-22P,0.0036699741129934977
PART1,0.003669689168757939
AC018696.4,0.0036696636924770033
HSPD1P6,0.0036696193026592686
RP4-815D20.1,0.0036692907158766526
PDE12,0.0036688486609831386
SLC25A15P5,0.00366883460136074
RP11-215E13.1,0.0036687691772333644
FARP1-AS1,0.0036685268843011085
XXbac-BPGBPG55C20.1,0.003668524450932109
RAB40A,0.0036679567486469
RP11-78C3.1,0.003667500364211146
RP11-267C16.2,0.003667205334759232
AP000266.7,0.0036671621369327996
LEAP2,0.003666788789072337
RP3-403A15.1,0.0036655450251169273
SNORD116-13,0.0036655053445584567
NRIR,0.0036652560662889955
IGLVI-63,0.0036645904436780224
PROP1,0.003664027081804672
MMP9,0.003663850587561676
RP11-95G6.1,0.003662842652112513
RP11-281P23.2,0.003662823034811471
AC079466.1,0.0036625998484756442
TM4SF4,0.0036619714330607734
CTU1,0.0036619282499126527
RPL12P40,0.0036615265437256956
CTSLP2,0.0036614848813385594
AC008065.1,0.0036614579683234725
RP11-941H19.1,0.0036612309929530077
CHST14,0.0036611413233913555
MIR4484,0.003660767675193422
LTA4H,0.0036600813707702525
KLHL7-AS1,0.0036593563768595114
HCN2,0.0036592412954617984
AC084809.2,0.0036591391218085373
PAQR8,0.0036591060893203585
AC007182.6,0.003658986386902133
RP11-888D10.4,0.003658818550669429
DSTNP4,0.003658588470290524
BDKRB2,0.003658133713154113
LINC00511,0.0036580439750624745
CTD-2245F17.3,0.0036577883848415526
LINC01019,0.00365642542699018
TRAJ24,0.003656139045148932
RP11-1029J19.5,0.0036560699729897635
RP11-1348G14.4,0.003655982378326074
RP11-816B4.1,0.003655681104653472
RP4-742J24.2,0.003655506042948054
MXD1,0.0036544492975765174
MTND5P29,0.003654274390612835
RP11-480C16.1,0.003654158810918793
RP11-276H1.3,0.003653997807368056
RP11-415K20.1,0.0036532854491452163
CLRN2,0.0036527553374908193
RP11-30K9.6,0.00365268878993492
PSAT1P2,0.003652450096964448
SPTLC1P4,0.00365243915456791
MUPP,0.0036523555902483536
CTC-463A16.1,0.0036521734869926605
AC007106.1,0.0036521360426911816
MIR769,0.003651944295919309
GLIPR1L2,0.0036517145823839027
MTCYBP21,0.0036514928309454614
LL21NC02-1C16.1,0.00365142165118698
RP1-154K9.2,0.0036512727588517554
CTD-3051D23.3,0.0036508626908686387
SLC41A2,0.0036507488603189976
RCOR1,0.0036503586262926144
SH3GL1P2,0.003650084995693929
RNA5SP35,0.0036498955805741398
TNFSF10,0.003649696510170807
uc_338,0.0036494088879343678
ZBED4,0.0036492454185823773
RNF166,0.0036490030827037853
SPATA41,0.003648247943264638
TRIM75P,0.003647586965705067
RP11-81H14.3,0.0036475257712235377
RPL21P89,0.003647156500958947
RP11-489D6.2,0.0036469582429321276
TNNC2,0.0036463761582418357
PPP2R3C,0.003646089870471003
RP4-555D20.4,0.0036456474848096856
RNU6-8,0.003645426436944522
RP11-305O6.3,0.0036452119421454296
HCG21,0.003644933633935453
RN7SL473P,0.003644631296485868
PAGE2,0.003644321481246173
IGKV1OR2-108,0.003643721720183014
RP11-567E21.3,0.0036436738118372485
AC131056.5,0.003640925953612675
CTD-2213F21.2,0.0036408689570106515
TTC22,0.003640676774311204
RP11-77K12.3,0.0036406056352180183
AC012493.1,0.0036404929604800687
RHOXF1P1,0.0036404101834960787
RP11-414C23.1,0.003640394764424472
RP11-96H17.1,0.0036399207012286247
MIR4526,0.0036398569981299657
RP11-66B24.2,0.003639643367008411
RP11-1114A5.6,0.003637979832031817
F11-AS1,0.0036369055022325548
SNORD114-17,0.0036362861141527162
RN7SL200P,0.003635823870480714
LHX5-AS1,0.003635791859837874
C7orf72,0.0036351434487464614
AF213884.2,0.003634239998986053
RP11-730G20.2,0.0036340414429237213
AC144530.1,0.0036339214743805297
TDRD7,0.003633819612771318
TATDN2,0.003633003464259902
AC000067.1,0.0036329564824416675
FGF7P8,0.003631288816496074
RP1-56K13.5,0.0036312578839804064
RNA5SP201,0.0036310180395506047
RP11-294C11.2,0.0036309605282848563
CTC-507E2.2,0.003630817033046508
TBK1,0.003630296314384132
LINC00159,0.003630012803946688
RP11-120E11.2,0.003628713607858356
RP11-145E17.2,0.0036286719569798595
CTC-325J23.2,0.003628642391445738
CTB-52I2.4,0.0036282935624575596
RP11-1376P16.2,0.003627588400610266
RP11-1338A24.1,0.00362748860684097
SNX29P2,0.003626948846441058
AC068491.2,0.003626796995081825
ABCB10P1,0.0036264539097335935
MIR93,0.003625995087991596
RP11-266E6.3,0.003625402702459319
RP11-94M14.2,0.0036246658153135038
RP11-349F21.5,0.0036243767325270003
MTCO1P20,0.003623814952220045
ERI3-IT1,0.00362374568468321
KCNAB1-AS2,0.0036234795307253246
PPCS,0.003623461637349512
CTD-2561B21.3,0.0036226414271800286
MT-ATP8,0.0036223682007850396
AP000436.4,0.003622139412789064
RP11-252E2.2,0.003621478965031823
LINC01497,0.0036212501872065284
LINC01504,0.0036210674029268633
RPL23AP2,0.0036208258582463323
AC010980.2,0.0036206507049917507
RP11-775C24.4,0.0036195280036709224
MTND2P16,0.00361881308331965
RP11-604N13.1,0.003618560097412033
RP11-458D21.1,0.0036184295109171353
OGFRP1,0.0036176137810560146
AF121898.3,0.0036175123793420042
MTND5P14,0.0036164487308052115
RP3-377H17.2,0.0036163994258884805
PAQR9-AS1,0.003616157991480148
CFAP57,0.0036160682643275785
RP11-9M16.3,0.003615696988637758
RP11-192H23.6,0.003615533764085339
CTC-209H22.3,0.0036152975151122644
RPL7AP4,0.0036147390248825882
RP11-1060J15.4,0.003614303410256319
CRTC3-AS1,0.0036136494514007263
RP5-1120P11.4,0.003613551298483237
SNORD1B,0.0036125067596475954
GYPB,0.003612486060786367
RP11-480D4.4,0.0036124094738099826
RP11-360K13.1,0.0036121868730517493
AC073934.6,0.003612139196341715
KCNJ14,0.003612021803487677
RP11-1348G14.5,0.0036117264423395005
MTND4P14,0.003611261014543558
CPEB2-AS1,0.003611109095103295
LRRTM1,0.0036110987902577742
AP001062.7,0.0036106587342144233
IMPACT,0.0036105705600418363
AC007279.2,0.0036096485410679986
AC016751.2,0.00360955647590663
DTX2P1,0.003608730724081148
RP11-344B5.3,0.0036083276332391605
BMPER,0.0036083016319704317
TXNDC12-AS1,0.0036082436637305823
C17orf105,0.0036077194417189506
DBX2,0.0036073403930159402
DEFB124,0.0036071269901367282
SLC22A9,0.0036070850932933053
KCNK6,0.0036067140308838888
RP11-118M9.3,0.0036063098756262623
PRELID2P1,0.003606117455048818
VN1R80P,0.0036059203982930755
RNA5SP469,0.003605328387956544
OSTF1P1,0.0036044134132015024
ETF1P3,0.0036042431775450056
TMPRSS15,0.0036038127100032078
RP11-227D13.1,0.0036037676671185175
RP11-151H2.3,0.003603308723058734
AL354828.2,0.0036029608237072505
CTD-2201E9.4,0.003601897403847379
PTP4A2P1,0.003601707544753848
TNFAIP1,0.0036016525372359054
RNU7-97P,0.0036014123273946253
GLYCTK-AS1,0.003601303196370549
RP11-272K23.3,0.0036008788967304512
MEA1,0.003600808024017591
RP1-209B5.2,0.003600661487260915
VHL,0.0036004903197376574
CTC-281M20.3,0.003600214704061008
AC103564.6,0.0036000583243816124
RP11-628O18.1,0.0035999972696809223
RP11-113K21.3,0.0035999498254803545
TRAJ37,0.0035992621324966584
RP11-464D20.2,0.003598911280852156
RP11-180C16.1,0.0035987465013658355
RP11-157I4.4,0.0035986444869037454
AC079150.3,0.003598509082222166
AC006273.4,0.003598326807818276
AC087499.10,0.003597476326914582
PIWIL1,0.0035973822457879964
NCBP2-AS1,0.0035972786487040915
RP11-164J13.1,0.0035970560889219292
HIPK1-AS1,0.003596705000458608
SERPINA11,0.003596471055026595
ACTR5,0.0035960549125885893
SLC25A36P1,0.003595516508706495
RNU6-1324P,0.0035953783589290924
ST13P11,0.0035950744604958678
RP11-229O3.1,0.0035947538068355216
RP11-212E4.1,0.0035932516258433407
CTB-61M7.2,0.003592927583267707
RP1-300G12.2,0.003592870118122334
TMEM72-AS1,0.0035926401440739787
CH507-254M2.3,0.0035924642556519385
OR4N2,0.003591866101465843
RN7SL250P,0.00359173914020413
RP11-567L7.5,0.003591600650136638
RP11-188D8.1,0.0035914155392368368
RPL21P18,0.003591257744106762
RPS26P13,0.0035912238826959
RNU6-1263P,0.0035911151277747393
RP11-574K11.8,0.0035910809041303
RP11-724N1.1,0.003590891596297823
C11orf1,0.00359082059614244
RP11-255A11.2,0.003590663658373308
AC118758.1,0.0035901211470591803
CTD-2282P23.2,0.003589750393079564
RP11-373D23.3,0.003588736212770348
FAM197Y9,0.003588685913882322
RPS5P2,0.003588464936534467
LINC01359,0.003588310436265095
HTR1E,0.003587949007143355
RP11-762I7.5,0.003587314460993251
RP11-361H10.3,0.0035868856002886544
RP11-725G5.2,0.00358656645966627
OR2L5,0.0035850218467196725
DLGAP4-AS1,0.003584807664867396
AKR1C6P,0.0035847729038503335
FOXB1,0.0035843720396364926
TSEN15P1,0.0035835660014435005
RP11-799O21.2,0.0035833751932108104
NSUN3,0.003583056453714881
RP11-774D14.1,0.0035829156519319237
PRSS21,0.003582132633340893
RN7SKP251,0.003582099484408826
KCTD16,0.0035814162709323087
AC005162.5,0.0035812241505066597
RP11-1099M24.9,0.0035809665308294933
RP11-110G21.1,0.0035808484730987886
RP13-638C3.2,0.0035808224407471176
RP11-509A17.3,0.0035805430774550253
LL0XNC01-237H1.2,0.0035803697405412064
GRPEL2-AS1,0.0035803525151934476
MIR616,0.0035802256207471297
ELOVL3,0.00358012527676807
LINC00602,0.00358000423357451
RP11-905K4.1,0.003579417477439594
RNU6-116P,0.0035786016270867075
CTB-147C22.3,0.0035785561111457385
RP11-676J15.1,0.0035783758068721498
MIR181A2HG,0.003577997379992786
RP1-56K13.2,0.00357768358114788
CEACAMP6,0.00357761345754415
ADM2,0.003577295604985122
RP4-536B24.3,0.0035772464378795404
AC098820.4,0.003577082070198966
MIR1273C,0.0035764584838403617
RP4-564O4.1,0.003576377037486776
SNORD123,0.0035763233281254692
TP53TG3GP,0.0035760669850087978
AL355480.1,0.003575992247960399
RP11-625L16.1,0.003575337272036399
RP11-415C15.3,0.0035751182869149718
RRS1,0.0035750619608687067
CXCL8,0.0035749997947906024
RP11-456I15.2,0.0035747796097158457
TNR-IT1,0.0035747026380510438
AC005498.3,0.003574685998861192
ESCO1,0.003574531705396333
RP11-156P1.3,0.0035742981673230236
HNRNPKP5,0.0035742739209511155
LINGO1-AS2,0.0035742401321454016
AC002480.4,0.0035739959871546327
RP11-472N19.3,0.003573920488205696
DCAF4L1,0.003573713284368589
OR9A3P,0.0035736475679654964
FABP5P7,0.003573498012040262
RP11-543G18.1,0.0035734166030034946
RP4-590F24.1,0.0035733321015085904
KB-1742H10.3,0.0035732719662831297
RP11-266L9.1,0.003572845902143437
RP11-887P2.6,0.0035726431201229046
MARCKSL1,0.0035725950532932696
LA16c-306A4.2,0.0035725169724900867
RP11-77M5.1,0.0035722986122116267
CICP5,0.0035722642990653496
CCND2,0.0035718503198853345
RP11-10O17.1,0.0035717052250330873
RPSAP55,0.0035716063910344225
MYADML2,0.003571523779801352
RP11-363H12.1,0.003571492563060729
CH507-154B10.1,0.0035713505874876116
AC004623.3,0.003570901315514995
OR10D1P,0.0035706968721594934
TMEM102,0.0035705065360215104
CTA-929C8.7,0.0035692416090502685
GPR27,0.003568986181849059
RAB33A,0.0035669365502677872
RP11-166N6.3,0.003566891580898286
RP11-468E2.6,0.003566861352673238
RP11-552F3.4,0.0035667335008230856
RNU1-23P,0.003566227931641087
RP11-1072A3.4,0.0035661171151729586
RP11-747E23.1,0.003565886933911113
RPL39P18,0.003565693542777022
CTB-5E10.3,0.003565673891586259
AP000866.1,0.0035655393985288245
CTB-23I7.1,0.003565438447538748
MUC5AC,0.0035650146113933067
CTD-2313J17.1,0.0035648451515476387
RP11-52L5.6,0.003564055026183644
GRM7-AS1,0.003563297618848499
STPG2-AS1,0.0035631542503882854
RP11-517I3.2,0.0035620601675887633
RP11-27M9.1,0.003561907701778286
Y_RNA,0.0035617791751373085
TSC22D1-AS1,0.0035615892493575056
TUFMP1,0.00356105428932148
RP11-1167A19.2,0.0035608827062499886
OR2AT1P,0.003560371893358265
SUMO2P7,0.003560233169568321
ZNF420,0.0035602295284745604
RP11-507K2.2,0.0035599567523556044
RP11-857B24.2,0.0035598647188899127
RP3-428L16.2,0.0035591288484349043
SNRPC,0.0035588376741177573
C12orf50,0.0035580812162159096
RAMP2-AS1,0.0035578850083993188
AC004899.3,0.003557404510243762
AC087163.3,0.0035569089606792646
RN7SKP129,0.003556177379978814
RP11-434C1.5,0.0035559400802917277
RP11-1081L13.4,0.003555689087114901
BCL7A,0.0035555822413851335
SARNP,0.0035553034635784253
RP11-274H24.1,0.003554989520825867
AC003682.16,0.003554886682075642
RP11-85G20.1,0.003554665626034886
RP11-769O8.3,0.0035546606446388825
U91319.1,0.003554341527075365
RPL39P38,0.0035542427495680613
FOXD4L5,0.0035541961130734884
DCAF4L2,0.0035541871604950577
CDH2,0.003553420515923104
BASP1,0.0035524199882909693
MT1P1,0.003552005710410442
ZNF850,0.003551787949732782
AL358852.1,0.003551368691169212
AC007557.5,0.0035508889493006237
GJA10,0.003550880370893564
AC002467.7,0.0035508356984927276
RN7SL5P,0.0035498944470996924
SLC38A8,0.003549614801528468
AC142528.1,0.003549028963134134
GNB2,0.003548971515043125
AC009120.10,0.003548899113753783
RP11-13A1.3,0.003548864134916342
ERVW-1,0.0035487503760153623
DNTT,0.0035485572416384743
RP11-263K4.3,0.003548337100669664
LINC01278,0.003548165686703865
IGKV6D-21,0.003548080490125065
REXO2,0.0035474056185487543
RP11-99A14.1,0.0035472352433728563
LINC00634,0.0035467933867382143
MIR4258,0.0035463806723943286
ZNF497,0.0035463139063332608
SMDT1,0.00354622870028367
RP11-182J1.5,0.0035458899691763342
KIR3DX1,0.0035456684762681366
AC096574.4,0.003545050688458573
STRAP,0.0035444147583290012
AC073069.2,0.003544200993353664
CTD-2574D22.6,0.0035439898855668507
MBD4,0.003543910192997693
RP11-417L19.6,0.0035437173729611043
RP11-383M4.6,0.003543389147124168
RP11-321N4.5,0.0035425037565197646
RP11-407N17.5,0.0035418252190433813
SPINK8,0.0035417371382465736
MIR6880,0.003541617126605751
CTC-308K20.2,0.003541451411741863
HLA-DRB9,0.003541310647890023
MED14,0.0035410210746017767
MIR135A1,0.003540574717284582
RP11-173M1.4,0.0035405548352213457
MIR4667,0.0035395439462979524
EPHA3,0.0035394143914020335
RP11-505E24.2,0.0035387275723632048
LINC00471,0.003538524246453787
AC004951.5,0.003538500716918059
RP11-216P16.5,0.003538484017882836
ZNF512,0.0035384207032686616
snoU109,0.003538249606167724
RP11-713N11.4,0.0035380170364879377
RP11-15B24.3,0.003537782934506356
CTD-2515H24.3,0.0035376480026342648
MICF,0.003537628107715411
AC004237.1,0.003537148256603448
RP1-149A16.16,0.003536768182797302
RP11-46D1.2,0.003536045850268375
RP11-589B3.6,0.0035357498048494427
RP11-17P16.2,0.0035350889556894785
RP11-462P6.1,0.0035348051749582335
C8orf44,0.003534678869237398
AC002059.10,0.003534495951810464
HOXA10,0.0035337821685600085
AL136419.6,0.0035337463372370017
CH17-53B9.4,0.003533630478359439
RP11-2B6.3,0.003533449431795575
SCO1,0.00353298245724466
RP11-345J18.2,0.0035329567721800073
RP11-739N20.2,0.0035329356050872274
AC078842.4,0.0035327073072466504
IGKV1-33,0.0035324170124260987
BSND,0.003532400844304437
PIP5K1C,0.003532305308819168
ADRB3,0.0035317465823306122
FTH1P14,0.003531311494596377
CLPX,0.0035312161275877023
ASTL,0.003530414574896966
HTR3E,0.003530341292740757
AP000472.2,0.0035301956960474092
AC093382.1,0.0035300328203509757
CTD-2540B15.6,0.0035297050653388816
RP11-272B17.1,0.0035293533541449606
RP1-151F17.1,0.003528458099936623
RP11-506M13.3,0.003528256316949208
RP11-89C3.3,0.0035279283697538582
MNS1,0.003527419659525425
GAPDHP36,0.0035272007422404075
NPM1P41,0.0035265730226263954
PEX11B,0.003526289764477507
RP11-365F18.6,0.00352613900098319
RP11-267M23.6,0.0035255610092324295
PPP5D1,0.0035254032297062387
PCSK1,0.0035251546013645367
AC105053.3,0.00352509959442009
AC006486.9,0.0035250910328921154
TCTEX1D4,0.0035248919452147624
RP3-522P13.1,0.003524769768743976
IGHV6-1,0.003524168032821352
RP11-168A11.4,0.0035234303372372417
BCL2L2-PABPN1,0.0035229255355106307
RAB5A,0.0035226078608937917
RP11-325O24.1,0.0035223157858582195
NPBWR2,0.003521878223989008
OR1A1,0.003521249762554503
RP11-675F6.3,0.0035211658383883077
ALOXE3,0.0035210845380766573
RNU6-644P,0.0035210020215872533
RP11-439C15.4,0.003520594103012942
AC005722.4,0.0035202647804766017
CTC-367F4.1,0.003520105649325887
RP11-326A19.2,0.003520092486512996
RP11-219G10.1,0.003519538834241402
AC005019.2,0.003519166480888237
EIF1B,0.0035188265399355217
RN7SKP209,0.003518815714787457
SNORA59A,0.0035185092982892743
MYL12BP1,0.0035182820098632055
RP11-687M24.7,0.003518223185787509
MIR4636,0.003517814490953663
EEF1DP3,0.0035171211631717762
RP1-167A14.2,0.0035170977052112595
RP11-568A7.3,0.003516888034622189
AC005307.1,0.003516881693679746
RP11-432F4.2,0.003516749191316203
RP11-643M14.1,0.00351666712750475
SHROOM2P1,0.0035165755754064726
RP11-106M3.2,0.0035162820605378828
RP11-849N15.1,0.003515557057849813
RP11-659E9.2,0.0035154464982859257
SALL3,0.0035149447887264907
PTGDR2,0.003514355730765846
RP4-635E18.9,0.003514324906128436
OR2V1,0.0035141555798901304
RP13-672B3.5,0.00351391936987562
LHX4,0.0035131798103656326
MIRLET7C,0.003512799515363567
ISCA1P1,0.003512597750267982
CTD-2560E9.5,0.003512480509727696
RABIF,0.0035124525646575153
RERG-IT1,0.0035122341835339813
RP11-401P9.7,0.003512132934663378
TLCD2,0.0035121301786222294
AQP11,0.003511855093616811
RPL8P2,0.0035112592146895583
LTB4R2,0.003511190516535601
RASL11B,0.0035108488803115394
AC013264.2,0.003510792576421193
SDHAF2,0.0035102601720455443
CTD-3107M8.1,0.0035096403583393023
RP11-478B9.1,0.0035094915633243325
RP11-431M3.1,0.003509455482524428
RP11-147I3.1,0.0035094202590592585
PDXP,0.0035090804228544766
RP11-573D15.8,0.0035089380663352516
KLF7-IT1,0.0035085127260880956
RP11-6O2.2,0.0035084101532578964
ANKRD40,0.0035082390271668823
RPL23AP14,0.003508135498838818
AIMP2,0.003508054655107248
BAG3,0.003507636088503682
HIST1H3G,0.003507497902087458
BNIP3P20,0.003507183829300566
BFAR,0.003507121864407649
MIR181D,0.0035068061857455386
ASAH2B,0.003506762757955091
GAPDHP47,0.0035066087941159423
RP11-674I16.2,0.0035065813974090193
RP11-53I6.1,0.0035054064244074133
RP11-1252D15.1,0.003505133958575314
TKTL2,0.0035048210948052977
RP11-122M14.3,0.0035046341114583408
AC002985.3,0.0035041987043845017
SNTA1,0.003503785261095234
RP11-248G5.8,0.003503741455070935
CTD-2240J17.4,0.0035030008957703256
RN7SKP16,0.0035027415944704713
CTB-50L17.8,0.0035025206778709064
MIATNB,0.003502507524397281
LMCD1-AS1,0.003502187966474073
RP13-824C8.2,0.003501965630845076
AP000302.58,0.0035018500094362434
RP3-331H24.6,0.00350132797243013
AP5Z1,0.0035012428431146652
Y_RNA,0.0035008360530690407
RP11-349I1.2,0.0035001447085761784
RPL23AP66,0.0035000239438662236
SNORD5,0.003499065173636996
U91328.19,0.0034986509761095403
RP11-561O23.5,0.0034985913564050905
RP11-84G21.1,0.003498424993572251
RP11-113E21.3,0.0034982682530363958
RP11-372K14.2,0.0034980290691386255
RP11-192H23.7,0.003498023448764418
PTTG4P,0.003497977863495376
AC023449.2,0.0034976818717454145
SMPD5,0.0034976478055906285
RN7SL535P,0.0034974917863514277
SC5D,0.0034970834820739977
RP11-58H15.3,0.003496875111198008
RP11-406H23.2,0.003496784854953931
C9orf47,0.003496621329690001
RP11-834C11.10,0.0034962131236541713
RNY3P7,0.003495991274829896
RP11-996F15.2,0.003494697874299161
C1RL,0.0034946154998782234
NDUFAB1P1,0.0034945250189841862
RP11-85B7.2,0.0034943228277510897
RP1-20N2.7,0.0034941412761246137
HOXD13,0.003494126063663992
RPL5P10,0.003493224209088547
ARMC8P1,0.0034928970543452223
AC008850.3,0.0034921015838789227
AC092684.1,0.0034918826100401802
AC009299.5,0.0034917581528791687
AC009237.8,0.003491436729000008
RP11-382D8.5,0.0034911461905409837
RP1,0.0034905653028519876
ARRDC3,0.003489690724530647
CTD-2194D22.3,0.0034892164986413125
GLUD1,0.0034889787191328347
MIR5583-1,0.0034889673853260453
HOXB13,0.00348855742735137
RP11-756H20.1,0.003488284260313991
CTC-421K24.1,0.003487983899116403
RP11-345J13.1,0.003487826307055346
RP11-182J23.1,0.0034869178348895863
RNU6-312P,0.0034867966277362826
LINC00308,0.0034864099751143046
RP11-408A13.2,0.003486246791013065
AC023115.4,0.0034858922549571305
RNU6-907P,0.003485720648171457
NPY,0.0034855984887512494
GOT1L1,0.0034853202446899433
RP11-337C18.4,0.003484559443950323
RP11-165H4.2,0.003484366133514364
DPP10-AS2,0.0034841926664261804
RP11-116N8.2,0.0034839022053181276
XXbac-BPG299F13.14,0.0034826751023880297
PSMB3P2,0.003482572481684524
RP11-428I12.1,0.0034825558783677145
NDUFV2P1,0.0034825356905887044
NEGR1-IT1,0.0034825047369294163
KB-173C10.1,0.0034824165129589252
RP3-324O17.7,0.0034820478782802153
AC093106.6,0.0034812330892200947
RP11-429B14.4,0.003480057528329456
RNU6-483P,0.003478417863541139
PDE6A,0.003478319436760923
RP11-499F3.1,0.0034782285319081632
RP11-158J3.2,0.0034773683030143304
SLC6A6P1,0.0034773339317437273
L34079.4,0.0034770159750163064
RP11-143K11.5,0.0034767520983006468
CTD-2135D7.2,0.003476626351807145
RP11-295P22.2,0.0034765622340929923
ZNF844,0.003476532976643203
KIAA1614-AS1,0.003476528392558886
ZNF847P,0.003475805632314575
AC007386.3,0.0034753537313045434
RPL7AP58,0.0034753298525159186
PTCHD3P2,0.0034752158781844408
EDAR,0.0034750162103893813
RP11-214K3.18,0.003474749563345732
IGHV3OR16-9,0.0034746537664195037
C8orf48,0.003474211691464384
RP13-228J13.8,0.0034740332381678306
AC084117.3,0.0034738273478722615
FUNDC1,0.003473542933143016
OR4A16,0.0034726062493422812
AC004448.2,0.003472494279471851
FAM156A,0.0034721193999230973
RP11-88I21.1,0.003472103377574515
RP11-281A20.2,0.003471637169668766
RNA5SP206,0.003471317116548885
RPL24P4,0.0034712994400242212
UBA52P3,0.0034712067325354426
RP11-278H7.5,0.003470918965928377
HIST1H2BPS2,0.0034707891510150557
RP11-697E2.11,0.003470782189985321
RNU6ATAC14P,0.0034701447349981683
AC007292.7,0.0034700526341219277
CRHR1,0.0034699143106818485
RP11-752G15.10,0.0034697790790571633
RP11-95I19.1,0.0034691686051598366
CATSPER2P1,0.003469077472508582
RP11-495K9.9,0.0034682631534976686
RP11-169K17.3,0.0034678121147738174
LEMD1,0.0034676458473159987
RP11-5P22.1,0.0034675549338522064
RP11-680F20.4,0.00346737377577452
RFX3-AS1,0.0034668061730404286
KLHL11,0.003466336573366684
HCG9P5,0.0034662588570787646
AC079305.8,0.0034661336205167397
RP5-875O13.7,0.0034660765180055822
GRIN2D,0.003465527679303061
RWDD4P2,0.0034654700634523276
ADGRE4P,0.003465191282253931
ZFP3,0.0034646952600549245
RP11-120K18.2,0.003464554493766406
CTD-2307P3.1,0.003464460439064286
LINC00222,0.0034641907119730597
AC105009.1,0.00346396189052306
PSMD10P2,0.0034637247931278664
RPS25,0.003463324461219322
PPP1R3G,0.0034625797993211105
RP11-223J6.1,0.003462107333961642
PTGER1,0.0034619226077939585
RP5-894D12.4,0.003461615948924894
SNORD116-26,0.0034614483477504493
OSER1-AS1,0.003461230428428486
RP11-692P14.1,0.003461206101490729
RP11-1299A16.3,0.0034593409424771514
RNU6-213P,0.0034593247185289544
RP11-552E20.4,0.0034590909681380742
SUPT16H,0.003458720479399008
C1QTNF8,0.003458585772394309
RP11-324I22.2,0.0034580825050133076
GS1-279B7.2,0.003458020437348312
RP11-113C12.4,0.0034579973267796025
KLRA1P,0.0034577803721766087
FAM132A,0.0034569628563954633
CTD-2528L19.3,0.003456139730197282
C14orf1,0.0034559582010030925
SERPINA6,0.0034557993046995263
RNY1P9,0.00345568011217695
RP11-713H12.1,0.003455614874278383
RP11-318A15.7,0.003455582344552037
CTC-286N12.1,0.0034545635327692913
RP11-795F19.1,0.0034545280156818015
RP11-85G21.3,0.003454104678408019
MIR592,0.0034537135255534924
RP11-382A20.7,0.003453631640169218
CTB-147C22.6,0.0034535681932516228
C10orf113,0.0034524315954707783
RP5-1057J7.1,0.0034517521785494944
MYBPC2,0.0034515223282708535
SNORA11,0.0034514859241595486
MID1IP1-AS1,0.0034514419545776153
FAM103A2P,0.003450990284892716
Y_RNA,0.0034502973023777103
MTCO1P12,0.0034499738133223702
RP11-25I15.1,0.0034492800327742094
RP11-588F10.1,0.0034491814053583744
CFC1B,0.0034487224362143355
RP11-439I14.1,0.00344860177382646
RP11-467H10.1,0.0034485256202988475
RAB5CP1,0.0034481689085001347
RP11-1042B17.3,0.0034481099412889044
AL163953.3,0.00344791527217145
AC068522.4,0.0034478369299841
RP4-745E8.2,0.0034476180310214796
MTND6P21,0.0034476041500144817
SUMO2P20,0.0034466591837284226
DNAJC19,0.0034465386955948715
AP000221.1,0.00344610096472158
RP11-434D11.4,0.00344543508163874
RNA5SP82,0.003445131660825118
AP000692.10,0.0034448009414281655
DNAJC18,0.003444524921262448
APOM,0.003444337186873262
RP11-30K9.5,0.003444285042555944
CTA-398F10.2,0.003443685067926005
MIR1302-9,0.0034421416577953526
COPS8,0.00344210636877998
AC114730.8,0.0034419684217833098
RP11-1081L13.3,0.003441860677833277
AC007040.11,0.003441410024566067
LINC00202-2,0.0034413990862993413
APOC4-APOC2,0.0034408542081306795
RPS26P2,0.003440795356541175
LCN1P2,0.0034407177915253954
RP11-479J7.2,0.0034406467701652947
RNU6-667P,0.003440330847715124
RP11-382M14.1,0.0034399756698121923
CTC-236F12.4,0.0034397260045883273
FTX,0.0034393549460709355
RP11-423P10.2,0.003438187307034896
PRB4,0.0034378968648246444
AC010883.5,0.0034374121925799307
TGIF1P1,0.0034373853758220196
XXyac-YM21GA2.1,0.0034365826408942475
KBTBD11-OT1,0.003436519253823678
PQLC1P1,0.0034362551784777283
RN7SL726P,0.0034355824485984127
RP11-684N3.1,0.00343515510466773
RP11-541G9.2,0.003434667020302295
RP11-478B9.3,0.0034346485906761367
CHST12,0.0034345959017832123
AC025442.3,0.0034342459769635524
RP11-528M18.2,0.0034341273222070474
LINC01074,0.0034339206869047046
FDX1P2,0.003433564861030297
RP11-445N20.3,0.003433352643534228
S100A5,0.0034332847394407265
AF038458.3,0.00343318388468845
CALY,0.003432793056517543
C21orf62,0.0034327859328648694
RP11-56H7.2,0.003432636691176715
NRTN,0.0034323753955675653
DNAJA1P4,0.003432288463716664
RP11-512N21.3,0.0034317312130142954
AC104134.2,0.003431433700916739
RP11-327F22.4,0.003431252235660192
C12orf71,0.003430687878738643
RP1-149A16.12,0.0034303268171021277
RPL23AP49,0.0034301137754956463
RPS27AP19,0.003430065798438956
WEE2-AS1,0.003429716694595442
PLCE1-AS1,0.0034293834863891254
RP11-159F24.3,0.003429222488453055
SNORA9,0.0034291539016551554
TRIM34,0.0034291481928997794
SLC25A39P2,0.003429098747318576
APOH,0.0034285034408711762
LINC00322,0.0034283233968132537
RN7SL491P,0.00342829667543038
MTCO1P22,0.0034281454102185575
GPC6-AS1,0.003428108056259394
RP11-403P17.5,0.00342809874904863
RNU6-1164P,0.00342792912773526
IGFL3,0.003427802342642821
CAPNS1P1,0.0034277610054753334
KB-1958F4.2,0.00342762210367311
FAM86MP,0.0034275616068140057
RPS4X,0.003427153258197398
MOGAT3,0.0034267868483603314
ZNF354A,0.003426631924707641
PAPOLB,0.0034265190006561473
RPL10P2,0.0034264074833259012
AC068580.7,0.003426283773014423
PRR13P3,0.003426084926414045
AC026271.5,0.0034259768013128315
RP11-90B9.2,0.003425531645912338
STMND1,0.0034246548357093533
SRP68P3,0.0034242122696468815
CTC-529I10.2,0.003423930429116326
RNU6-17P,0.003423737930998881
KCNJ8,0.0034236534959541406
MRPL40,0.0034232461663610365
RNU6-1017P,0.003423168287823621
RP11-120I21.2,0.0034231429339448183
GHRLOS,0.003423047584282418
KB-226F1.2,0.003422307356393863
RP4-657D16.3,0.003422023823807876
CTC-510F12.2,0.0034210249445531414
IGBP1P1,0.0034209760260635867
AC007899.3,0.0034205105655058738
AC078941.1,0.0034198537223474874
FABP5P2,0.0034195316698996956
SLC16A6P1,0.0034192879335704094
EPN2-AS1,0.0034191466016059834
RP4-669P10.16,0.003419014627652932
CTC-422A18.2,0.003418479846634562
AC018766.6,0.0034178461036820057
AP001058.3,0.0034177718375893976
ADAM1B,0.003416450777158704
RP11-448A19.1,0.0034163755144518246
HAUS6P3,0.0034162940523758023
RP11-366H4.1,0.0034156652213041014
RP11-58A17.3,0.0034151821171679235
RP11-982M15.8,0.0034148338535976244
AC096558.1,0.003413294457141199
CBX3P5,0.0034131606791662217
AC018735.1,0.0034130885258581017
MTHFD1P1,0.0034130149121310385
AC020550.7,0.0034127544179030703
CDRT4,0.0034127189521457307
OPRK1,0.0034124024699738044
RP11-108K14.8,0.0034123654264528696
C15orf65,0.0034122162225833637
NDUFB4,0.0034121985464942426
OR6L2P,0.0034121903956124467
RP11-594C13.1,0.0034118781235786917
AC006483.5,0.0034118590430464247
RP11-354E11.2,0.0034115963408945143
MRPS18CP6,0.003410562528657609
RP11-495P10.1,0.0034102110967036674
MIR29A,0.003410050063309744
FSD1,0.00340967708196234
RP11-405F3.4,0.0034096426729283993
Y_RNA,0.003409573966638438
RP11-506H21.5,0.0034095196966394846
RPSAP53,0.003409320609462041
PCED1CP,0.0034091892690276075
HOXC6,0.003407815211968993
C9orf135-AS1,0.0034075289621465304
TRGV9,0.0034072307935343106
HMGN1P8,0.0034065369774678453
HAUS5,0.003406314500713423
MTRNR2L3,0.0034056911194643258
CLDN20,0.0034056659127845433
ZNF354B,0.0034056065890337587
RP11-362L22.1,0.003404868308494106
ST13P4,0.003404745154555902
RP11-325O24.2,0.0034044328891723883
AC004906.3,0.003404372651006451
CASC6,0.003404147326236968
AC003973.3,0.003403158956329795
CPHL1P,0.0034028396838675606
RPL23AP67,0.0034027921641295073
ID3,0.0034023847252142073
RP11-477H21.2,0.003402357612610646
RNA5SP379,0.003401927922847304
DKKL1,0.0034018681946141873
ADAM21P1,0.0034015200088905987
HCG18,0.003401466797115295
RP11-484L7.1,0.003401405943484863
U3,0.0034013286198543388
RP4-738P15.6,0.003401015803180625
RP1-144F13.4,0.0034008597154130027
RP11-886P16.6,0.003400760978877467
RP1-199J3.5,0.003399880184879199
MIR3153,0.0033996690791714265
RP11-823P9.3,0.0033995364251759065
RP11-715J22.1,0.0033984965980928764
TGM7,0.003398357235819059
FLJ12825,0.0033983177667583323
RP11-26L20.3,0.0033976326176242844
RP4-730K3.3,0.0033975032678454317
PLIN3,0.0033973917198978436
TSEN15P3,0.003397229884077388
RP11-432I13.5,0.003397127670306521
RNA5SP108,0.003396441923667581
ZRANB2-AS2,0.0033964205610387465
PPIAP32,0.003396226728879603
HIST1H4A,0.003395953939049171
TCEB2P2,0.0033952997487784005
SPATA3-AS1,0.0033952902879036666
TMEM156,0.0033951400927294366
AC073928.2,0.003394881841653791
GBX2,0.003394817325203657
RNA5SP129,0.00339468277290644
MRPL23-AS1,0.003394589289990471
HMGB1P25,0.0033945437398440175
RP11-116O11.2,0.0033936932307506145
CSNK1G2P1,0.0033930335237390393
FBXO6,0.0033928709465484083
CALM1,0.0033928463114316393
RP11-874J12.4,0.003392645456084598
RP11-404P21.3,0.0033923825054462953
HTR6,0.0033920807876032587
SLC25A5P7,0.003391364256411167
RP4-655J12.5,0.003391148321341842
PPME1,0.003391071346916493
EIF5AP3,0.003390915003847129
FUT1,0.003390869565665796
RP11-1217F2.1,0.003390823772440857
SNORD116-27,0.0033899926071703887
SRSF9,0.003389789905095152
RP11-338K17.5,0.00338963478661679
UBTFL10,0.0033883354478728843
IGLV3-27,0.003387480419573849
RP11-514O12.4,0.0033872108200208037
AC073635.5,0.0033872027405589707
RP11-560I19.1,0.003386878199668883
ACP5,0.0033867720335167906
RP11-676J12.6,0.0033866406954840508
NPIPB7,0.0033866070402172118
MIR2052HG,0.0033860125236235836
CTD-2186M15.3,0.003385696628193073
RP11-131M11.2,0.0033855419915475938
ACTL8,0.0033853020064074377
PRR29,0.0033846961087950146
CTD-2037L6.2,0.003384459019315111
RP11-807H22.7,0.003384387821486403
RP11-218E20.3,0.0033840892036772745
RP11-617F23.1,0.0033840050611099073
FAM127B,0.003383642174036288
RP11-358N4.6,0.0033833052769802886
CTA-292E10.7,0.003382860301910722
AC007163.1,0.00338237682716967
RP11-1081M5.2,0.0033819261679411566
MGST2,0.003381787960835795
RP11-410L14.1,0.003381381004610136
IQUB,0.00338086483909153
LINC01411,0.0033807069844356786
RP5-966M1.5,0.0033804069873867477
RP11-1029M24.1,0.0033803220064772027
AC002310.11,0.003380055617498385
CTD-2619J13.17,0.0033791911283420325
RP4-771M4.2,0.003378855637210847
RP11-656D10.3,0.0033783713445145348
RP11-400F19.8,0.003378279726484217
CTR9,0.0033781393923053857
RP11-620J15.4,0.0033780473267688814
RP11-51P8.1,0.0033779441926737323
Y_RNA,0.003377460451893091
RPL31P61,0.0033771416159007524
TMEM86A,0.003377131031523224
IL26,0.003376885405421132
RP11-548N1.1,0.0033766648573976617
MIPEPP3,0.0033762928151015964
Metazoa_SRP,0.003376250164733223
TRAJ23,0.0033755953082698895
XXbac-BPG32J3.22,0.0033752713179901607
ZNF503-AS2,0.0033749640094996943
AC007271.3,0.0033746890007754285
CTA-38K21.2,0.003374571680807093
RP11-54O7.11,0.0033742431344698496
MESTIT1,0.0033741962707674565
AC010974.3,0.0033737842441864453
ENPP7P4,0.003373493828976391
RP11-252A24.8,0.003373245554086458
IGHV3OR16-10,0.003372838495371035
AC008753.6,0.0033726731884236457
POLRMTP1,0.0033724964687153495
KCTD7,0.0033721072236857076
VN1R90P,0.0033716304787064603
AC098820.3,0.0033715192985334158
ASB14,0.003371316058201497
RP11-331K15.1,0.003371235243266766
SPDYE19P,0.0033710184839070845
VPS25P1,0.00337096287041712
RNU2-5P,0.003370739359393691
RNU6-230P,0.00337040901595098
NUP62,0.0033702194487541283
CCL3L3,0.003370216859493601
ARPP19,0.0033688657209155616
CTB-31O20.4,0.003368380669170899
RN7SL125P,0.0033681774652341264
SF3B4,0.003368118502036734
RP13-455A7.1,0.0033680849930317214
ABRACL,0.003368029372520989
TMPOP2,0.00336773570398389
TCTA,0.003366943233263516
LINC01162,0.003366935002806282
RP11-973F15.2,0.0033668815285263494
AKAP5,0.003366830278637489
IVD,0.003366738461602063
RP11-557L19.1,0.0033661033611256928
RBMX2P3,0.0033660723827859053
CTBP2P2,0.003365604861510661
HNRNPA1P69,0.003365408340017399
CCL17,0.003364689869826063
OTUD3,0.0033644138054569734
RP11-34F13.2,0.0033639349487298935
RPSAP62,0.0033636329326236017
HOTAIRM1,0.0033636224469900584
RP11-299M14.2,0.0033635978365741843
RP11-264J4.10,0.0033635591876580734
OR51K1P,0.0033634519630746946
DECR1,0.0033632671077574493
RP11-889D3.2,0.0033632385587005157
LINC00160,0.0033632267751393754
RN7SL600P,0.00336296226831394
RP11-420N3.2,0.003362913661900887
TRAIP,0.003361804582894733
C15orf62,0.0033609391726930195
AC087294.2,0.0033608614384088133
RP11-374M1.4,0.0033607205792247703
SAR1AP2,0.003360671548060581
MIR1302-2,0.0033604563734065986
MEIS1-AS2,0.0033604515794634334
RP1-186E20.1,0.0033604005695766505
RP11-183G22.1,0.003360396341980274
STKLD1,0.00336014868009075
POM121L2,0.0033595174176919347
RP11-268G13.1,0.0033586099833349758
CTD-2269F5.1,0.0033585420050767285
RP11-61K9.2,0.003358092887320962
RP11-739L10.1,0.003357927842215909
TUBB4AP1,0.0033575705754951167
RP11-383I23.2,0.0033574019283728993
PCDHGC4,0.003356344026677234
MIR4423,0.003356276632316302
RP11-282A11.3,0.003355561974094781
TMEM127,0.0033549556451980835
SRA1,0.003354925503741949
LINC01208,0.003354917991724858
AC012358.4,0.003354645242349228
RP11-956J14.2,0.003354586373394167
AC007679.4,0.0033545397995763592
NUP85,0.003354516367541682
MIR3671,0.0033544715869125246
RP11-1074O12.1,0.003354114123914962
RP11-15K3.1,0.0033536972513969416
ID2-AS1,0.003353678798196383
AC006041.1,0.0033536426110289458
C4A,0.0033531484037179686
AC005540.3,0.003352226482219012
PFN1P3,0.00335210709385983
RP4-705F19.1,0.003352089899892948
RP11-129B9.2,0.0033520253628666072
CTD-2140B24.6,0.0033518525360105313
KRT6C,0.0033513552025575878
RP3-508I15.9,0.0033512640773204305
PI3,0.003351007694625766
RP5-850E9.3,0.0033505619618032475
TRAV18,0.003349318849441255
RP11-40E6.1,0.00334901415940365
NAP1L6,0.0033485504143677706
THEMIS3P,0.0033483889817940197
RP11-479A21.1,0.0033483667282972274
TNFRSF1A,0.003347842074031569
RNY1P4,0.0033476284180009703
RP11-843B15.3,0.0033474794088608857
RP5-892K4.1,0.0033471066174408366
CTF1,0.0033470852257768994
VN1R35P,0.003347083678771164
RP11-830F9.6,0.0033470157662628393
CTAGE7P,0.0033468863304744793
CTB-161M19.4,0.0033466151629986465
AC004067.5,0.003346452057338635
TUBG2,0.0033463396535147885
FABP5P1,0.0033462211693451854
RP5-1057B20.3,0.003345828791438261
RP1-80N2.2,0.003345525148099714
RP11-278H7.3,0.0033454743460474942
FAM134C,0.0033452317875221197
ENPP5,0.003345172612573322
CTA-415G2.2,0.003345157005380874
KB-1460A1.1,0.0033450720001999374
TRAJ35,0.00334481212276652
RP11-9N12.3,0.003344593363071586
RP11-850A17.1,0.0033442855463288183
ERVV-1,0.003343632005117319
CTC-312O10.3,0.0033436318871797478
CTD-2620I22.3,0.003343505376603953
MAPRE1P3,0.0033434891781724744
RP11-338K17.6,0.003343045216041386
RNU6-361P,0.003342820989080592
AC005786.3,0.0033422463100742433
RNU6-918P,0.00334205955646002
TUBBP10,0.0033419623753244
RHOT1P1,0.0033415702965038856
SNORA4,0.0033414628472635986
CTC-308K20.4,0.0033410866980509847
RP11-521O16.2,0.003340711684173419
LSM1,0.003340572945189867
DEFA4,0.0033403473815715565
Y_RNA,0.003340089796214848
RPL9P21,0.0033398589561462475
HMGN2P30,0.0033397569775653977
PABPC1P8,0.003339640280069958
RPL19P20,0.003339522961322632
HNRNPA1P46,0.003339508976861276
HMGN2P6,0.0033394051538702444
C1orf64,0.003338286010250332
RASSF8-AS1,0.0033382849199480188
PCAT18,0.0033379541363529274
CTD-2281E23.3,0.0033378679216386703
DHRSX-IT1,0.0033378163002621896
IPO7,0.003337333148767275
RP13-36G14.4,0.003337013367307896
RIOK2,0.0033369938847989935
MAPKAPK5-AS1,0.0033365437838352584
AC010894.4,0.0033359789754485647
CTC-459F4.9,0.003335924768455669
AC053503.11,0.0033352290037011274
RP11-547M24.1,0.003334817242841021
RP11-285E23.2,0.0033338773737069203
HMGN2P24,0.003333768176604836
RP11-138A9.2,0.0033326782834592113
SNORA31,0.0033325077104895476
RP11-23D5.1,0.003331962912714584
RPS15,0.003331951052392755
RNA5SP437,0.003331889063896643
KRT8P14,0.0033309223412120903
LLPH-AS1,0.0033304483030103665
RP11-118K6.3,0.0033302984214134443
RP11-310E22.6,0.0033300357712707867
NANOS3,0.003329690450022989
NR2E3,0.003329562334801515
RP3-454B23.1,0.0033283105608406874
ZNF398,0.003327557225186442
U4,0.0033275461076211
CTA-520D8.2,0.0033273423353057958
LINC01317,0.0033273174622181633
NPHP3-AS1,0.003326854504845445
RP11-893F2.14,0.003326817003479653
MATN1,0.00332669999427666
HRK,0.0033257904664369875
RP11-459K23.2,0.003325732147261515
AL133243.2,0.0033251362322620688
CTA-392C11.1,0.003324845804957343
RP11-802D6.1,0.0033240987988853183
DEFB108B,0.0033240283552346747
AC106801.1,0.003323953635590483
RP11-155G15.3,0.0033239438176417397
ACAP2-IT1,0.0033237398758726036
SAMD11P1,0.0033234384081913815
CTA-126B4.7,0.00332334555895028
AC114730.5,0.0033233224800052336
LINC00854,0.0033221381923522076
NAMA,0.0033217044316536377
RAB30-AS1,0.0033213445132799515
LINC00398,0.003321248616325285
MIR370,0.003320831629010616
BORCS6,0.003320488136153907
RP11-354P11.2,0.003320051029022761
PWRN4,0.003319549783067485
RP11-340I6.5,0.003319487481424546
YPEL2,0.0033186834157331677
RP11-31K23.1,0.0033176405301045897
IGLV3-12,0.0033171256257999884
LINC01163,0.0033169886945516934
RP4-811H24.9,0.003316956512965822
RP11-540K16.1,0.003316807628541593
AC018867.1,0.003316723196454833
XX-FW83128A1.2,0.00331617918633645
RP11-2K6.1,0.0033161666652143985
GSDMA,0.003316136023572581
PRR13P4,0.0033160527654602086
MELTF-AS1,0.003315128338973371
EIF4EBP1,0.003315026715479583
RP11-355I22.5,0.0033144787753670575
ZNF214,0.0033138524358748843
Y_RNA,0.0033138163441443088
DDX12P,0.0033135928219229427
RP11-672L10.3,0.0033134858701612396
LINC00886,0.003313450792755274
SHANK2-AS1,0.00331341806222618
WWC3-AS1,0.0033130042486914893
RP11-621L6.2,0.0033129247058581238
RP11-128N14.5,0.003312713160681147
RP11-347C18.1,0.003312556310385913
AC141928.1,0.00331251280246361
ZBTB26,0.0033123065089458786
PARD6G-AS1,0.0033122503524948624
AC016644.1,0.003311773514531484
UTF1,0.003311394240219457
TM4SF5,0.0033110467625705733
RP4-797C5.2,0.0033103125065130938
BUD13P1,0.0033099175215251507
AFG3L2,0.003309911305943743
AGGF1P6,0.003309551824977356
RP11-420L9.5,0.0033094376321966515
AC002523.1,0.003309356907148926
RP11-736E3.3,0.003309177130834526
ATP6V0CP2,0.0033091306800929745
MEIKIN,0.003309052542871624
PRELID3BP3,0.003308811606191237
RP11-13J8.1,0.003308733486329809
RP11-613C6.2,0.003308628361975785
REV1,0.003308393572802097
RP11-713D19.1,0.0033082358048518784
MIR4692,0.0033081457184083395
RP3-437C15.1,0.003308118600336116
AC005481.5,0.003307420764222518
RASEF,0.0033071443120824802
RP11-402L1.4,0.0033070823790044656
MIR3149,0.0033069510710470734
CTC-493P15.2,0.0033068761085493933
CTB-180A7.6,0.003306013854513275
CTC-523E23.1,0.003305892146687404
RNU7-87P,0.0033054000449047986
AP000487.5,0.00330538898996405
CABP5,0.003305328849058159
RP11-64B16.4,0.003305305420902357
RPL3P5,0.003305006156486414
CEP57L1P1,0.003304989497037566
RP11-104G3.7,0.0033046481673828757
RP11-319G6.1,0.003304566350410259
HNRNPA1P37,0.0033045191509468784
LTB4R,0.0033042687316355433
RP4-568F9.6,0.0033041740660914643
CTB-160O22.1,0.0033034385223999533
MIR4642,0.0033030781809561356
RN7SL344P,0.00330305501704666
RP1-29C18.8,0.003302397831421455
RP1-27O5.3,0.003302319390742939
HPCA,0.0033020810385434784
BMS1P13,0.0033020621286344413
PPP1R26-AS1,0.0033017760287773652
ID2,0.003301744335316226
RP11-10J21.5,0.0033017147378566637
GLRB,0.0033014636028592627
LINC01505,0.0033011148545075276
CCDC121,0.0033011103516349923
OR1P1,0.003300690564172431
CTD-3022L24.1,0.003300648149420314
RP11-794P6.6,0.003300468423109972
AC107218.3,0.0032998482923178645
TRAJ30,0.0032996935731437567
RP11-777J24.1,0.003298804567672659
CDX2,0.003298691288450099
NME2P1,0.003298047583748936
TECPR1,0.0032978102285106206
UTP15,0.0032973080358604462
RP11-437B10.1,0.003297038741373612
RNU6-882P,0.003296968482021363
ZNHIT6,0.0032969350684198986
RP11-769O8.1,0.0032967938552285036
RPS24P18,0.003296757597048821
GS1-259H13.7,0.003295157043774452
RP4-639F20.1,0.0032949452997787006
ZNF628,0.003294392991279852
AC091132.1,0.0032933539687101565
RP11-176N18.2,0.003293329429967344
RP4-781B1.5,0.0032932946092884604
SHB,0.003293210564251393
GNG8,0.0032930924261711093
BPIFB9P,0.003293086161066249
RP11-321M21.4,0.00329304512934688
ZNF564,0.0032928402493452927
FBXO27,0.0032925034335951355
RP5-1027G4.3,0.003292372462580805
RP11-343N15.2,0.0032921863624104735
RPL13P2,0.003292170601506844
MC5R,0.003291699087445752
ZNF71,0.0032915350749470594
RP4-799G3.2,0.0032912323707730397
RPS3AP4,0.0032907886467457136
TPTE2P1,0.0032907575570338267
AC007285.7,0.003290539976614181
RPL3P11,0.0032904288981863523
BZW1P1,0.0032900962871557893
ADAMTS14,0.003289939538144964
RP11-95I16.4,0.003289895702120158
RN7SL322P,0.0032892976302015954
CTD-2091N23.1,0.0032892718203219695
RP11-285A18.2,0.003288780300449842
UBBP1,0.0032886045976826604
THAP2,0.00328849316348278
GPR139,0.00328810913631264
CCDC77,0.0032881079220138
RNU2-51P,0.003287727957530312
LINC01450,0.0032877021776593334
LINC00167,0.003287463374442776
AC004053.1,0.003286906259063482
CASC19,0.0032863407043655386
CDNF,0.0032861918444936898
RP11-629N8.4,0.0032855242580826596
TAS2R40,0.003285470707114941
FADD,0.0032850504664437164
CYP2F1,0.003285005333220729
CTD-2572N17.1,0.003284915174800044
RNU2-6P,0.0032848185389114546
BHLHE23,0.003284467901391131
RP11-366M4.1,0.0032843583239945302
RP11-478C6.4,0.0032843328040750596
PDCD4-AS1,0.0032839939037553
EIF5AL1,0.0032839717792189876
RP3-476K8.4,0.003283489110506207
RP11-122K13.12,0.0032831325132185005
AC012506.3,0.003282894984129986
RP11-395C3.1,0.0032827812568720417
RP11-540O11.6,0.003282454639680111
PCDHB10,0.0032823785236603146
RN7SL819P,0.0032823136548075036
RP5-837J1.4,0.003281917287488464
RP4-663N10.1,0.0032816417304536724
AC009501.4,0.0032815936136650083
NUDT15,0.003280357810482861
C1RL-AS1,0.0032801761516829137
MIR379,0.0032800493408077502
SNORD111,0.0032796758036974685
RP11-809C18.3,0.0032793485950801896
NBPF8,0.0032791613577289247
APOE,0.0032791545848587485
CTD-2287O16.4,0.003279154447288111
NCCRP1,0.003278475479387017
ADRA1B,0.0032784129960978887
RP11-1060G2.1,0.0032781259265989285
SH3GL2,0.0032781247690423236
MIR3659,0.003277833596969276
RP11-158L12.6,0.0032776048429729787
RP11-121C2.2,0.0032775932187197503
KCNA5,0.0032774033964407803
GAPDHP32,0.003276790937160091
ANKRD22,0.003276661708896857
RP11-108L7.14,0.0032765500648933754
RP11-364M6.1,0.003276391341172146
RP11-408H1.3,0.0032760053639139053
TIMM17BP1,0.003275979382037179
CACNA1E,0.003275851893194993
FAM25A,0.003275623565102738
RP11-365F18.1,0.0032754351942602443
HCAR2,0.0032752434865977627
RAB11B-AS1,0.0032747626725082957
IRF2BP1,0.003274529123762126
RP5-1139I1.2,0.003274035251037179
LINC01346,0.0032732110104251085
MT-TY,0.0032731959998757052
RP11-93H12.4,0.0032726208642682225
KLHL14,0.0032726016441394154
SHFM1P1,0.0032725960179224864
GPC2,0.0032725909503212957
RP11-15A1.4,0.003272479855338455
MFAP1P1,0.003272355180859382
LINC01509,0.003271676331426288
NKPD1,0.0032713153374592397
CTC-487M23.6,0.003271066065179979
ATP6V0CP1,0.003270856651221703
RPL21P13,0.003270813591219927
ALKBH4,0.003270791132638087
AADACP1,0.0032706553419859057
YWHAQP6,0.003270549672955165
RP11-184I16.4,0.0032703292232241147
H2AFZP4,0.003270291933706423
RP11-346I3.2,0.003269707997589627
SNORD114-11,0.003269562173491074
HNRNPA3P2,0.0032693585953513416
LIN37,0.003269302580784966
ZNF680P1,0.003269063712298259
LINC01578,0.0032688257751820513
RP11-107I14.5,0.0032687373377503974
RP4-550H1.4,0.003268597561200515
HMX1,0.003268471274859987
MIR570,0.0032682816424902056
ZNF444P1,0.003267833648985565
LINC00868,0.0032677445109922454
IGHV1OR16-1,0.00326748706142062
MTCO1P30,0.0032674817294071875
RN7SKP257,0.003266879723444148
RP11-627K11.3,0.003266828332115004
RP11-305E6.4,0.003266783585247108
RP11-126H7.4,0.0032665486190254106
IGBP1P3,0.0032660694436140877
RP11-286N3.1,0.003265713363006879
FAM228B,0.0032654068385867202
AC121251.1,0.0032651220962222533
RP11-152H18.4,0.003264126766605217
NANOGP9,0.0032639547446556673
AC079150.2,0.0032631989607615117
FABP7P1,0.0032628640597097873
RNU6-964P,0.0032626521271472103
C9orf139,0.0032615474043763155
AATF,0.003261442986853654
RP11-329B9.3,0.00326127703281699
RP11-713H12.2,0.0032609286414738902
RPS2P35,0.003260659691170635
RP11-744O11.2,0.003260131198488123
CTC-513N18.7,0.0032599253142039904
RP11-656D10.6,0.0032593238390689603
BSN,0.003258890886270753
DMRTA1,0.0032588092146383853
RN7SL2,0.003258195191017327
SNRPGP17,0.0032581040014711764
RP11-214K3.5,0.003257097026590329
LINC00381,0.0032565570145442874
FAM90A28P,0.0032560823421130484
VN1R84P,0.003256023020843592
IGLV5-45,0.003255852532115706
RNU2-40P,0.0032553266236999027
RP11-291H24.1,0.003255156458446652
AAMP,0.0032551502555904373
PDZD11,0.003255008718006725
SLC26A7,0.0032542189872027116
CTD-2267D19.1,0.0032539882552823775
RP4-788P17.1,0.0032538168246220773
SLC25A1P1,0.003253680838138513
ZNF625-ZNF20,0.0032536477781516834
RPL23AP61,0.003253329039576992
RP11-393I23.3,0.0032533250389853155
SCARNA21,0.0032531519151742377
TRAJ31,0.0032529485880366774
AC079145.4,0.0032527288992501347
RP11-397A16.1,0.0032526515975374796
RNA5SP434,0.0032523775484572578
RP11-6K23.1,0.0032523295524727294
AC107072.2,0.003252215965776934
SPOCK3,0.0032519679319899125
RP11-512F24.1,0.0032512197012966766
RP11-58A18.1,0.00325100285329768
SEC22B,0.003250310589788841
RP5-856G1.1,0.003250308492689633
IGLV2-14,0.0032502328675226323
RP11-206L10.2,0.003250074985536367
AF228730.8,0.003250017008777398
RP11-68L18.1,0.003249778319525689
AP001468.58,0.00324965827538364
RP4-631H13.6,0.0032491902972579187
RP11-557C9.3,0.003249084091329901
RNU6-1337P,0.0032488775672194683
RBM28,0.0032487032136257776
RNU6-1245P,0.003248668031824701
RP11-524O1.4,0.00324830794345636
ERCC6L,0.0032479086855918007
NORAD,0.003247795776306583
NPY1R,0.0032477568833782088
RNF115,0.0032474828153946753
IGHD,0.0032474552407648614
MELK,0.003247083951204591
BATF2,0.003247061405072902
RP11-133K1.7,0.0032468623608330658
RP11-548H18.2,0.003246461190102742
MTND6P25,0.0032463012497406848
LINC00427,0.003246197436617752
MEIS3P2,0.0032460880340406243
NIPAL2,0.0032454612826947472
RP11-113I24.1,0.003244868635935417
RP11-397E7.1,0.0032447248454089686
HIST1H2BO,0.0032443501274019237
AC007163.6,0.0032438832962679467
RP11-209M4.1,0.0032436998287144574
IGHV7-27,0.0032433313691410718
CRYGD,0.003243312276890939
RP11-386G11.10,0.00324313023190927
RP11-244O19.1,0.003242806128994727
MIR4500HG,0.003242662816347282
GUSBP2,0.0032425623532601733
CTC-265F19.3,0.003242202685935301
RP11-661A12.4,0.0032417874905618167
ZNF815P,0.0032412070139622453
PKD1P1,0.0032408832544815603
RP11-727A23.5,0.003240828638128355
RP11-525A16.4,0.003240770239080538
CAMTA1-IT1,0.0032406075326210336
EEF1B2P6,0.0032400846673792897
PIN4P1,0.003239488131432813
RP11-528I4.2,0.003239231750453247
RP11-169D4.3,0.003238410857328923
RN7SL736P,0.0032384056092919986
GRAMD4P3,0.003236781441120001
AGGF1P1,0.003236467349888617
AC007563.1,0.0032364608685223457
RP11-83J16.1,0.003236167655863538
CTC-451P13.1,0.0032361620176364655
LINC01237,0.0032353378560766007
ANKRD30BP3,0.0032344623234627687
AC015849.13,0.003234437068651093
AC096669.2,0.0032342504367520574
BDP1P,0.003233895608871431
CTC-471J1.11,0.003233880943113666
RP11-822E23.3,0.0032335765296938254
AC008985.1,0.0032334879270049352
TICAM1,0.0032334245082680946
KLF2P1,0.0032332415188805162
PWRN1,0.0032330306230944576
IGLV1-36,0.0032330125706065394
AC125232.1,0.003232892630288304
RP11-461F11.3,0.0032327324916546587
A3GALT2,0.0032327203653318005
RP5-826L7.1,0.0032318523110591263
RP11-654C20.1,0.0032308684228624447
IGLV7-35,0.0032307871070047485
MT-TW,0.003230661866476528
CTA-722E9.1,0.003230562974537304
RP11-542H15.1,0.0032304733552175444
LKAAEAR1,0.003230182009694674
RP11-671E7.1,0.0032301251564252997
GYS2,0.0032297393316581056
RP11-944L7.4,0.003229652835446246
RP11-228M15.1,0.0032296247980838464
TRAM1,0.0032294420291039574
NBPF12,0.0032289308203112947
RP11-114H24.7,0.0032284091296364632
RP11-65D24.1,0.0032282101214999694
RP11-454L9.2,0.0032281419092374617
RP11-818F20.5,0.003228058424738453
PKD1L1,0.0032279045038014456
RP11-306K13.1,0.003227891232595366
RP5-860P4.2,0.0032275388457140503
MIR3667,0.0032274669597751526
FLJ38576,0.0032272029717098773
RP11-807E13.3,0.003226857394527849
Y_RNA,0.0032265624273942754
CTD-2562J15.4,0.003226014669614351
RP11-330L19.1,0.00322512121130141
RP11-642C5.1,0.0032250310145737968
LINC00567,0.003224893584810843
CTD-3035K23.6,0.00322485168121063
CCDC58,0.0032237225381058286
UNC5A,0.0032228275486363735
PTMAP8,0.0032226754282904
SLPI,0.003222565426453909
RP11-507E23.1,0.0032223581487186535
SCAMP4,0.0032223118309365794
RPL23AP20,0.0032217245317054492
FAM86GP,0.0032213512649760783
LGI3,0.0032212165080822736
RP11-488L18.6,0.0032211684880312998
C15orf59-AS1,0.0032210822292154445
RP11-566K11.4,0.0032210104599784514
DNAJC9-AS1,0.003220746814668609
RDH8,0.0032207392073468413
MIR4777,0.003220695209795839
RP11-405M12.3,0.0032203965938196466
RNU6-828P,0.0032203891133319846
RP11-101E13.5,0.003219617544402097
RNA5SP175,0.0032195242632836575
MTND1P19,0.0032192392480922495
XXbac-BPG157A10.21,0.0032190719482201647
CTD-2005D20.1,0.0032187993703910226
AC009413.2,0.003218644790747321
RP11-555H7.2,0.0032185117508897426
RP11-485B17.5,0.003218196165275261
MIR150,0.003218169840319885
RP11-483A20.3,0.0032177743968688673
RP4-800G7.1,0.003217702745679756
RP11-33H15.1,0.0032176590547810164
PAN3-AS1,0.003217610969515551
MIR4506,0.00321749595612006
RP11-21L23.3,0.0032174618553201017
RP11-231D20.2,0.0032162241899111703
RPSAP43,0.003215648589095864
LHX5,0.003215321971900868
CTD-2316B1.2,0.003214635451648089
APOBEC2,0.003214169749784041
RP11-124O11.1,0.0032138908251790107
PRCAT47,0.003213839209080913
RP11-485G7.6,0.003213571073456075
CMB9-22P13.2,0.003213459370539964
DEPDC1-AS1,0.0032133747078889018
RP5-1139B12.3,0.003213328823600625
RP5-1057I20.2,0.0032132605956667255
RP11-467L19.8,0.0032127812865563733
IGHV3-13,0.0032123492337158568
RP11-556O15.1,0.0032120165679702883
FAM161B,0.0032119265416172406
Y_RNA,0.003211824511187368
EIF3FP1,0.003211695866152041
MIR377,0.003211390476019676
SNX18P13,0.0032112424863928817
RN7SKP71,0.003211208319807715
HMGN2P21,0.003211005752103717
C4orf36,0.0032107619421878676
RP11-1084J3.3,0.0032107123661099814
ZNF766,0.003210625629611447
RP11-384O8.1,0.0032100392970777136
LINC01517,0.003208157650265492
AC002075.4,0.0032079306483569128
RP11-66N11.6,0.003207733295420966
RP11-180K7.1,0.003207536374418184
POU5F1P4,0.003207262084046012
TMEM211,0.003207234018128932
CTA-243E7.1,0.003207231789498373
C5orf24,0.0032070867059251153
CCDC144NL,0.003206646171015149
PABPC5,0.003206312515906577
ALYREF,0.0032062131765830445
RNU6-1215P,0.0032057661159498635
RP11-164P12.5,0.0032054450092596967
RP11-574O16.1,0.0032046107486605885
ZNF542P,0.0032045446421944423
TMEM169,0.003204536739938397
Y_RNA,0.0032044529201676526
CTA-292E10.6,0.0032037866616638367
RP11-269G24.4,0.0032036453325554226
RP11-564D11.3,0.0032033735258312824
RP11-147L13.11,0.003203352715103929
OR2N1P,0.0032033280802144367
RP11-157L3.6,0.00320304923266514
CTD-3064M3.3,0.003202591223938962
U1,0.0032023530705332626
RP11-100E13.1,0.003202269994877035
CTD-2525I3.6,0.003201674582780608
CDC23,0.0032015861179274293
MIR548AC,0.0032013114721688115
RP11-301G7.1,0.003200695656397781
RP11-69E11.8,0.003199985649787395
SEPHS1P6,0.003198785140768354
CDR2,0.003198684709378031
ZNF747,0.0031985946094770907
BMS1P20,0.003198523535513967
CDCA4P2,0.003198491915055872
CICP22,0.0031983583504550956
RP11-529P9.1,0.0031981620484386195
RP11-230F18.6,0.003197809365760133
KDELR3,0.003197645790787301
AC242988.1,0.0031975550224394456
LINC01181,0.0031975525218751744
GABPAP,0.0031960940747262695
RP11-138I18.1,0.0031960267557408473
RNU5A-7P,0.003195933961562188
PTX4,0.0031958758219017953
LINC01203,0.0031956894898440944
IFI30,0.003195688613156584
RP11-407A16.1,0.003195549212915441
RP11-111M22.3,0.0031952503213519053
CH17-302M23.1,0.003195135321990102
AC144838.3,0.0031951250538941145
RPL35AP32,0.0031949969233321164
RP11-554D14.8,0.00319433923771902
RP11-7O11.3,0.0031937440088585785
CICP4,0.003193522865859065
RP11-404P21.8,0.0031935128216079496
CTD-2235C13.3,0.003192573316157106
MIR8058,0.003192292485929919
KIAA1644,0.003192246432003947
CTD-2182N23.1,0.003192205282926801
OR1K1,0.003192182944875613
RP11-297C4.3,0.0031921593857001116
AC092652.1,0.0031912946672999595
RP11-322E11.2,0.0031911487914486865
ETHE1,0.0031909866146576783
RP4-543J13.1,0.0031908406034368586
OACYLP,0.0031907720673580615
CEACAM22P,0.0031905757281604804
ZNF358,0.003189693802269189
CAV3,0.0031896231884237665
LINC00882,0.003189464234416425
RP11-12A20.8,0.003189255584838727
E2F4P1,0.003189118616109184
RN7SL836P,0.003188550088221516
OR7E106P,0.003187713099822827
RP11-163O19.10,0.00318770254565563
RP11-63I8.1,0.003185547142403595
RNGTTP1,0.003185487892984841
KRT18P52,0.003185414001518691
RP11-416H1.1,0.003185165222618762
TMEM14A,0.00318503504341722
RPL10P17,0.0031846811548426343
RP11-879F14.3,0.0031845922266414933
ZNF736,0.003184429669495652
HNRNPA1P24,0.003184428937914645
OR2K2,0.003184390734262812
CENPBD1,0.0031842553431479176
RP11-384M20.1,0.0031839128266064813
CD27-AS1,0.003183819646621765
RP5-965G21.6,0.0031835785900189177
AC090283.3,0.003183525805522283
HOXD12,0.0031835045251769017
EEPD1,0.003183279669837463
MIR4518,0.0031830289377222025
RP11-184B22.2,0.003182699917556476
TMTC2,0.0031820600207059916
RP11-324E6.10,0.003182028153703139
RP3-522D1.1,0.0031817933435010536
RP11-141A19.2,0.0031814704121804946
RPS26P40,0.003180977164423435
CTD-2532K18.1,0.0031808911898635627
IGKV2D-28,0.0031808856086663517
SPIN4-AS1,0.003180772896854575
GRB14,0.003180264795015455
RP11-154P18.2,0.0031799840907615865
MRPL50,0.003179911862503046
CTB-4E7.1,0.0031799008319033017
RP3-441A12.1,0.0031795890570314863
GABRG3-AS1,0.0031795672461797575
C2orf57,0.0031791343936099156
RP1-95L4.4,0.003178632927245466
RNU5A-3P,0.0031784738444674207
RAB40B,0.0031780261554349497
RP11-249L21.4,0.003177978374180664
NDUFA1,0.003177762944822463
RN7SL674P,0.003177683692467486
SNORD114-20,0.0031773167585162775
IGHV3-41,0.0031772922934981533
CTD-2659N19.4,0.0031771377073928145
RP11-553N16.1,0.0031766234174621225
CTD-3128G10.7,0.00317626774007655
RNU4-14P,0.0031761095159302077
LIN7A,0.003176109277973592
RP11-818F20.4,0.0031760987347382464
SEMA4C,0.0031760233689266705
PAQR9,0.0031760188880810064
RP11-616K22.1,0.0031759951442696987
MIR152,0.0031758574764518075
TSPAN15,0.0031749506778428996
Y_RNA,0.0031749264064444027
RP1-22N22.1,0.00317479626105464
TXNP3,0.0031747286562380187
UBALD2,0.003174555065141451
RP11-216B9.8,0.003174438973175717
MUC22,0.003174379500017075
RPL23AP26,0.003174369616567653
MIR339,0.003173821568366936
LGALS7,0.0031737997771839575
GS1-115G20.1,0.003173658022011792
RP11-144G6.4,0.0031720740550764703
AC098872.3,0.003172061718651652
RP13-585F24.1,0.0031718876435755375
HLA-K,0.003171846221427652
IGLON5,0.003171790270057758
RNU6-930P,0.0031717357987680974
AP003025.2,0.003171427715364417
RN7SL510P,0.0031714207581951164
RIT1,0.0031710360591221923
OPA1-AS1,0.0031710031031913118
RP11-295P9.12,0.0031709495869445092
PI4KA,0.0031708851135103053
RP11-616K6.1,0.0031707392571982845
BTF3P5,0.003170635435235302
CTD-2228K2.1,0.003170486445834058
LINC00498,0.0031702135867253006
RP11-378J18.8,0.0031701684746387156
WAC-AS1,0.003170106903797713
ATF1,0.0031695157385722467
KDELR1,0.003169382522549481
RP11-70K10.2,0.0031691090556686266
RP11-210K20.2,0.003168857262513068
CTC-304I17.3,0.0031687889108147184
LINC01565,0.0031684361091839316
NDUFA8,0.003168207994003692
OCIAD1-AS1,0.0031676103868414325
CA11,0.0031675365539565806
LINC00326,0.00316745706450782
AC007036.6,0.0031669939992112245
ANXA2P2,0.0031662906556907716
AC078882.1,0.0031658697891967275
RP11-184A2.2,0.0031655838040736905
RP11-159F24.5,0.0031652460885858388
LINC00083,0.0031651323771030157
RP5-1052M9.1,0.003164515990495291
RPL21P134,0.0031643506374300183
RP3-512B11.3,0.003163177706472791
CTD-2521M24.6,0.003163087925055241
AC016723.4,0.003162807725483248
RP11-456O19.3,0.0031626217307987
NTS,0.003162008774185621
AC011298.2,0.003161403596617141
RP11-589M4.3,0.0031609584891554026
RP11-83N9.6,0.003160395420142894
CALN1,0.0031595802956372837
KLF17,0.003159525762533787
RP11-105N14.1,0.003159264353586769
HLA-L,0.0031591856294920077
TRIM13,0.003159095448648804
MIR4292,0.0031590501878335023
AUNIP,0.0031586156244556643
OR6T1,0.003158328558753505
TERB2,0.003158292149014083
RP1-152L7.8,0.003157743862561625
AC008992.1,0.0031576292950878616
RP11-21B23.1,0.00315752621060098
HSPD1P7,0.003157467513598114
SYNDIG1,0.0031573382734509446
RP11-1085N6.4,0.0031573230714145046
C20orf141,0.0031569405145359147
PRMT6,0.00315651155807929
ANKRA2,0.0031562982931554987
RP11-235E17.2,0.0031556681546374937
IGHV7-34-1,0.0031549391028465944
RP1-159A19.3,0.0031545556442802497
RP11-84A19.4,0.00315433632872398
RP11-102M11.2,0.003154009773915846
RP11-1018N14.1,0.0031539959483747456
CCNT2-AS1,0.0031539150638341595
SNORA51,0.0031536466699907777
SLC17A8,0.0031533016388915424
CTD-2001C12.1,0.003153011267468953
RP5-1074L1.1,0.0031529916919021458
CTD-2562J17.6,0.003152988394497985
RNA5SP146,0.0031526933684003556
ERICH6-AS1,0.003152463005776441
RP11-139H14.5,0.0031522466027233647
CTC-498M16.4,0.003152047308130462
TIMM50,0.0031508060843424336
CHST1,0.0031507595113092588
SFRP5,0.0031506768490298033
RP11-255P5.2,0.00315035428466573
ANP32B,0.003149618416273288
MIR3199-1,0.0031494691245939773
ALG1L9P,0.003149454349059165
CEBPB,0.0031491501844536397
RP11-567O16.1,0.0031490324926322635
GS1-541M1.2,0.003148903623778807
RPL19,0.003148559300629894
MAPRE3,0.0031482756806338196
RP11-34P1.2,0.003148243983338683
RP1-69D17.3,0.003148089688429811
AC068533.7,0.0031473028409287666
Metazoa_SRP,0.0031472560624314864
RP11-349H17.2,0.0031470936344433374
RP11-3B12.5,0.003147039218611879
RP11-334E6.2,0.0031467692573422146
DNAJC27-AS1,0.0031462953116768284
KRT75,0.003146237453775421
RP11-864G5.1,0.0031459024110152044
AC003986.7,0.0031457732973882106
RP11-554D14.2,0.0031453160614690057
RP11-347P5.1,0.003145208220472938
RP11-114G11.3,0.0031449143410084883
RP11-360I2.1,0.0031446646841709024
LINC01299,0.00314466406897654
RRP9,0.003144497803843678
PCDHGB3,0.0031442533741035386
IGF2-AS,0.0031440535303260907
AC006262.4,0.0031439071402194615
GACAT3,0.0031436495355072294
CALML5,0.0031433780062039888
TEX37,0.0031419786958747898
RP11-552M11.8,0.003141391183503083
GUSBP4,0.003140754897740149
IGHV3OR16-7,0.003140565103180708
DPY19L1P2,0.0031400264286185636
NCS1,0.003139586845453748
SAMD7,0.0031393281360929106
RP11-331N16.1,0.003139124971771052
RP11-436F23.1,0.003138844959952786
CTD-2651B20.5,0.003138833055871443
RP11-443G13.2,0.0031384418699527566
MT-TR,0.003138165479358722
RP11-402G3.4,0.00313782772746738
CTD-2020K17.1,0.0031376078632303728
RP11-706O15.5,0.003137146465121225
RP11-388M20.1,0.0031369205741558002
RP11-359D14.2,0.003136873690907459
RP11-275I14.4,0.0031366440395636315
AL591806.1,0.00313651629207281
IMP4,0.003136462587215069
DIRAS3,0.00313576017093396
RP11-800A3.3,0.0031356183665313024
CTB-193M12.5,0.0031354512977634324
RP11-532F6.3,0.003134940042450342
AC016768.1,0.0031340598023419344
RNA5SP246,0.0031335430605337828
RASSF10,0.003133074963143392
TRPV5,0.0031323363094805483
TBX4,0.003132159394799725
NPM1P49,0.0031320469830700996
ODF4,0.0031320234379147113
MIR4653,0.003131767197124378
RP11-475O6.1,0.0031316724515538645
MIR3616,0.003131568071741103
TTC28-AS1,0.0031309075664648573
RPL23AP74,0.0031306546276429915
RP11-431M7.3,0.003130118352013692
RP11-322L20.1,0.00313009745338823
RPSAP11,0.0031300921778880126
LINC01177,0.0031300509040988168
SLFNL1-AS1,0.0031300363783236637
TFAMP1,0.003129599269308686
RP11-302K17.4,0.003129300027426111
RP11-425M5.7,0.0031292388306727575
RP11-3M1.1,0.003129213678219738
RP5-1142A6.7,0.003129080447957777
RNU6-528P,0.003128898683961704
AC006372.4,0.003128567254462752
MTND5P13,0.003128375522803868
MZT1P1,0.0031283437216723265
MTCO3P8,0.0031274669668374354
RP4-635A23.4,0.003126925552908199
EEF1A1P31,0.003126747915783613
HSPA2,0.003126579701179963
RP3-393E18.2,0.003126454693891047
MTND6P2,0.0031264323705301675
RP11-1145L24.1,0.0031264051092358106
HIST1H2APS4,0.0031261565931457714
SCARNA11,0.003125961767318986
LINC01202,0.0031252056133211285
AP000662.9,0.0031247812076282636
RP11-138H8.3,0.003124698968038193
AP000936.1,0.003123662332019864
RP11-74M11.2,0.003123628369876635
RP5-1056L3.3,0.0031236125896251746
CEBPA-AS1,0.0031233655928039838
CALM2P2,0.0031233651000485037
CTD-3099C6.5,0.0031232938644278414
RP3-333H23.8,0.0031226554917929473
HMGB3P24,0.003122397418663617
C1orf216,0.003121110110289898
DESI1,0.0031210444949814637
CTD-2313J17.6,0.003120972895737797
CHST13,0.0031204973649712766
PLS1-AS1,0.0031203708293319234
MRPS36P4,0.0031203680825827675
OR1L1,0.003120345707115761
TRIM58,0.0031201143106857065
MIRLET7F1,0.003119912947315395
RP11-752G15.4,0.0031198248022358188
AC078942.1,0.0031192771800773993
CTA-445C9.14,0.0031186994047177723
ADGRB1,0.0031184274318911795
MT2P1,0.0031182044539454544
Z83851.4,0.0031180575409293803
CYP4F23P,0.0031175727660990825
POM121L6P,0.0031175298593758777
RN7SKP230,0.0031172911653589382
CTB-47B11.3,0.0031170642199265246
RPL23AP42,0.0031167839652094438
RP11-617F23.2,0.0031166688065926906
RP11-760D2.5,0.0031160569138833642
IFI27L1,0.003115828483878211
ATP5LP5,0.0031157823799243915
SNORA36C,0.0031155143160184525
CTD-2538A21.1,0.0031154672575935257
RP11-4M23.4,0.00311544859660447
PCNPP1,0.0031152917561503082
MIR513A2,0.0031150224614900513
RPL39P40,0.0031145970424436235
RP11-867G2.8,0.0031142578978742876
FGF7P6,0.0031141216469607433
RP11-203F10.6,0.0031139710232988512
RNVU1-19,0.003113708679392349
IGLV1-51,0.0031134980582902577
ZNF30-AS1,0.0031134041629848905
RP11-805F19.1,0.003113274781494754
RP11-680C21.1,0.0031131748245107854
CDC42BPB,0.0031129843040216426
CTD-2171N6.1,0.0031129610004896483
PSMB6,0.003112738053349018
RNF114,0.0031126699487279393
AC072062.1,0.0031124857675128466
SNORA31,0.0031124376576349435
RNU4-88P,0.003112097674931779
pRNA,0.0031120339320510103
RING1,0.0031117624120580146
RP5-945I17.2,0.0031112854125201366
EVI5L,0.0031110091801678113
RP11-54G14.1,0.0031108907486899606
MLF2,0.0031107890214925093
SIN3B,0.0031106476962438558
GAS2L1P1,0.00311021217584048
RPL15P1,0.0031101038976927148
RP11-111J6.2,0.0031099806742207045
RP11-97O12.7,0.003109598834920143
RPL23AP65,0.003109452426748752
RP11-804H8.6,0.003109406391359135
MAGEC2,0.003109298826992042
FAM224A,0.003109072895035205
RPS4Y2,0.0031090559209118887
CDH9,0.0031088967235780693
ZNF165,0.0031083662224756538
RP11-30K9.7,0.0031079361924375155
AL158839.1,0.003107052445715919
RNA5SP251,0.0031066685379345467
RP11-296A18.5,0.003106432484514819
TM9SF2,0.003106350448496986
KCNS1,0.0031063501618971024
ASS1P7,0.0031063172441686653
RN7SKP4,0.0031059261542697573
RP11-53B2.4,0.0031058234817160453
RP11-777B9.5,0.0031057133343430493
RP11-94B19.4,0.0031055517939474185
RP11-1109M24.5,0.0031053098685179885
MIR889,0.003105098009662521
LINC00969,0.003105047679673071
TAS2R31,0.0031049932196827407
RP1-232L22__B.1,0.0031039520676499656
SNORD113-8,0.003103634009480497
RPSAP71,0.003103626038106433
RP11-353N4.6,0.0031030592669306087
PLET1,0.0031029915586010563
RP11-864J10.2,0.0031028338642243363
NAT8,0.0031022055910914304
RP11-649G15.2,0.003101738755016823
LINGO3,0.00310154192765655
LINC00393,0.0031011813751786613
RP11-46C24.3,0.003101064521093274
Y_RNA,0.0031008070833820262
LINC00671,0.0031002617547315914
RP11-84H6.1,0.0030999754690915603
STS,0.003098560023510414
RP11-395N21.2,0.0030984934835279663
RP11-115D19.2,0.003098143274903867
RP11-96O20.4,0.003097954679964451
RP11-358L22.3,0.003096990552767009
KLHL30,0.0030967693784649374
GLDC,0.0030963235046724946
LINC00421,0.0030962969869322565
RP11-258F1.1,0.003096032098835934
RP11-1003J3.1,0.0030960310234350807
MYL7,0.0030959981567791825
AP000711.1,0.0030956592012059427
RPL4P6,0.003095588290160728
RP4-781L3.1,0.0030953892597700527
ULBP2,0.003095376239330947
FLJ16779,0.0030953497884223134
MIR4782,0.0030951315558613154
FRMD8P1,0.003093774616317741
SNORD62,0.003093043129551999
CTC-756D1.3,0.0030925471895471832
CPN2,0.003092025615699002
MYRFL,0.00309197960065313
CYP4F60P,0.0030919751332230357
TRAV8-5,0.003091849691101959
RP11-324F21.1,0.003090984993650473
RPL7P7,0.003090944177827115
NACC1,0.0030908530037505426
RP11-561O23.8,0.003090804017545295
OR52W1,0.0030905324134429288
RP11-670N15.1,0.0030903488059474244
AL023806.1,0.0030899636325031664
RPS27P23,0.003089662994307808
PGAM5,0.0030895606743248276
RP3-434P1.6,0.003089336697867589
RP11-69H7.4,0.003089209076493718
RP11-727F15.11,0.003089040876833547
DYNLT1,0.003088820107657397
RP11-190D6.2,0.003088814460528933
CLDN24,0.0030885925499822982
TMEM151A,0.0030885617309619096
MIR302B,0.0030882402093514584
ZBTB46-AS1,0.003088033957677502
RP11-11M20.2,0.0030879481271549173
MTRNR2L6,0.0030879278499733945
AC068724.1,0.003087424776278968
COX11,0.0030874171018511793
RP11-582E3.4,0.0030873944885808978
RN7SL19P,0.003087155211831469
RP11-393B14.2,0.0030869647878867595
DUSP26,0.003086381799329414
NUPR2,0.003086342005647116
RNU6-1056P,0.0030863379637013203
NOC2L,0.0030861925336082294
NHEG1,0.003085990646012205
PNMA2,0.003085802743107899
RP11-90P16.2,0.0030855403872476666
SNORA80E,0.0030855061131561867
CTD-2568A17.8,0.0030853382802590854
AC114755.4,0.0030852036240681933
FAM166B,0.0030850967032744875
TREML5P,0.00308474078571488
RNU6-1116P,0.0030843011111118977
LINC00278,0.0030842550475510826
RP11-1007O24.2,0.00308412119877406
RN7SL220P,0.003084102441119432
RP11-466F5.8,0.003084063813900312
NBPF2P,0.003084048503487714
RP11-463I20.3,0.003083308422958524
OPCML-IT2,0.003083081282066066
RP11-295D4.1,0.003083014660610189
SPRY4-IT1,0.0030823811343033266
GPR6,0.0030822920801804477
FBL,0.003081957645036025
RP11-173P15.10,0.003081329638321282
VRK1,0.0030811556629254744
CLK2P1,0.003080916945008627
MIR98,0.003080816009910945
UBE2FP3,0.0030798961661496096
PPIAP21,0.003079821245789343
RP5-1087E8.2,0.0030793812166523657
RP11-556I13.2,0.003079236954163947
HMGA1P3,0.0030788792390593726
RP1-257A7.4,0.003078717121484873
uc_338,0.003078675793167657
RP11-177A2.5,0.0030783926955896
LINC01558,0.0030783662223812496
C4orf45,0.003078076785391546
Y_RNA,0.0030774028653271636
RP11-56B16.6,0.0030771696873176223
RP11-552M11.4,0.0030769746702610534
MPRIPP1,0.0030767501703117543
KB-1043D8.6,0.003076530408759419
RP4-735C1.4,0.003076197942586349
RP11-166O4.4,0.003075911865879763
AL928654.7,0.003075549101414792
RP11-613M5.1,0.003075503910472321
RP11-671P2.1,0.003075496753155012
IQCH-AS1,0.0030754133256773656
AP000477.3,0.0030751329948614323
DPY19L2P4,0.0030750927975559724
MIR1245A,0.0030749536125320334
RP11-496D1.2,0.003074587216880054
DBF4,0.003074254699266128
RP4-630C24.3,0.003074199008113386
MS4A10,0.003074123625188183
RP11-732A21.2,0.0030738046769069965
RP11-15H20.2,0.0030731486333755147
AC007319.1,0.0030730577207598196
CICP13,0.0030723913196584293
RP3-467K16.2,0.0030722587694199874
uc_338,0.0030721698516087506
CTC-369A16.2,0.003072149620459679
LINC00698,0.003071879336148949
ELFN1,0.0030713841951912927
RP11-203L2.3,0.0030713664919445657
PAK1IP1,0.0030712627049021375
AC008074.4,0.003071240422450738
RP11-470P21.2,0.003071129442720491
CIPC,0.003070938381474262
TCEB1P20,0.003070538776845625
DYX1C1,0.003070503232594966
GJA1P1,0.0030703296972568795
MIR3202-1,0.0030701663870617854
CTD-2269E23.4,0.0030694976693112406
RP11-83B20.5,0.0030693521030599755
ZNF525,0.0030688083268916246
RP11-94P11.4,0.0030686791133908388
RP11-364L4.1,0.0030685948893996685
AC015688.3,0.0030683112772931114
CTB-32O4.3,0.00306820594039479
LDHAP3,0.0030682049879312942
CYP2C58P,0.003068194918045098
RP11-38G5.2,0.0030681316508840355
CDC42EP1,0.00306780196550929
RP11-394B2.1,0.0030677906223423312
RNU6-486P,0.0030675253240159276
RPSAP69,0.0030672900613519243
AC002550.5,0.0030670405763084446
RP5-916O11.3,0.003066945417137429
MIR548N,0.003066689302949539
RP3-414A15.12,0.0030665938716109005
RNASEH2A,0.003066499479464243
LAMP5-AS1,0.0030664038676853278
RP11-156E8.1,0.003066270776660006
RNU7-41P,0.0030662279179410686
LINC00939,0.0030660448897388347
AC099850.1,0.003065875300425396
LL0XNC01-250H12.3,0.003065549247708423
MCTS2P,0.0030655177957698548
ATF6,0.003065373568735991
CSAG2,0.0030650565118160674
KB-1458E12.1,0.003064969537675185
CH507-338C24.2,0.0030645438545252686
UBBP4,0.003064478964679466
RNU6-1340P,0.003064269128960138
AC064836.3,0.003064170103145562
TMEM74,0.003064072520569337
PPP3CB-AS1,0.0030640340578409584
RP1-178F10.1,0.00306362673384329
TMEM143,0.0030629233811012638
KRT8P41,0.003062891338213497
AC113404.1,0.0030623271665752455
CTD-3137H5.4,0.0030621547873274325
RP11-481J2.4,0.0030618736069121977
TMEM199,0.0030615190372005724
AC104297.1,0.0030602736979843544
IGKV1-13,0.0030599297926299624
RP11-438C19.2,0.003059453427108835
AC003005.2,0.0030594399213043993
IQSEC3P1,0.003059171417801647
SNORD83A,0.003058557637295427
RP11-48B14.1,0.003058255888006628
OFD1P17,0.003058160925503809
TIMP4,0.0030579779057641073
ZFY-AS1,0.003057947751750915
KIF11,0.0030577362468494564
PARG,0.003057689911705556
RNA5SP187,0.003057532703997467
RP11-793A3.1,0.0030570599441985006
RP3-405J10.2,0.003056976606566869
RP11-467L19.11,0.0030567614690463416
SNORD114-16,0.0030562480717843117
AC018731.3,0.003056222140031321
TRIM31,0.0030560016099446833
RNU6-1163P,0.0030559580779139623
RGPD4-AS1,0.0030558641174581853
RN7SL251P,0.003055694933597861
RN7SKP106,0.003055693363678936
RP4-784A16.3,0.0030556359655919303
TRBV21OR9-2,0.003055502257560915
LINC00526,0.0030551594166819077
AC009095.4,0.003054940303276562
RN7SL189P,0.0030549254751068575
IGHVIII-67-2,0.0030547176926879584
RP11-499E18.1,0.0030546821403293375
LINC01413,0.003054600165552502
TRAJ33,0.0030545112985046062
ITGB6,0.0030545071341876707
AC104088.1,0.0030540742566403287
RP11-16D22.2,0.0030539726696313984
Y_RNA,0.0030539638552772442
RP11-80H5.6,0.003053895927205299
RP11-414H17.5,0.0030534198266706455
AS3MT,0.0030531741610224654
RP11-171I2.2,0.003053161275127806
RP11-404P21.6,0.0030523555221793784
GEMIN6,0.0030517721393734797
AC080125.1,0.0030516531877361115
CTD-2410N18.5,0.0030514686091079805
MAGEA3,0.0030512063807523683
ASH1L-IT1,0.0030499613812102013
AL109767.1,0.003049203634164641
RP11-554D14.4,0.0030490762590509304
CTD-2145A24.4,0.003049045785183075
AP000569.9,0.0030488954014711574
BFSP2,0.0030488906203711805
MIR3936,0.0030486021908770894
RP11-687M24.8,0.0030485605234142755
RP11-1B20.1,0.0030484310284411282
AF038458.5,0.0030480428700621737
RP11-15A1.8,0.003047730350305328
CNTN3,0.0030473354802071436
RPS2P28,0.0030473113554156063
PRSS41,0.003046430002353602
AC067959.1,0.0030458091097553806
AC004009.2,0.0030457341086628947
RP5-940F7.2,0.003045506080697045
CYP51A1P3,0.003045492856975971
GS1-124K5.9,0.003045440407499991
C15orf54,0.0030445926347043087
RN7SL635P,0.0030443820502774064
RP11-285A1.1,0.0030438229826646093
RP11-109N23.4,0.0030435012464450632
PEX10,0.0030432954201089256
AC006946.15,0.003043110551482633
CTD-2291D10.2,0.0030429586833894077
NADK2-AS1,0.0030427851377022182
PPP6R2P1,0.0030427286908407255
CEP97,0.0030423773185446886
MIR5002,0.0030417693825297095
MIR367,0.0030417643549288773
RP11-570L14.1,0.0030411156919319636
RP1-228P16.9,0.0030408619945203885
PDXDC2P,0.0030402157809648702
KIRREL3-AS3,0.003039925716695712
RP11-359K18.3,0.0030395090157403293
AK3P2,0.0030394040174678114
RP11-553K23.2,0.0030381587540180737
FAM133A,0.003038000001751979
RP11-386I8.4,0.0030379784192178286
HMMR-AS1,0.0030376395801327174
RP4-568F9.3,0.003037558137788103
CTC-344H19.6,0.003037350315190916
PPP1R15B,0.0030372025642105213
RP5-1142J19.2,0.0030370334303733986
FABP12P1,0.003036394388047515
KRCC1,0.0030361285575435976
RP4-680D5.8,0.0030361233834775418
RP11-164N3.3,0.003036101865416258
CA3-AS1,0.003036051035482887
ZNF737,0.0030357431278271118
RP11-730B22.1,0.003035551142855961
RPS23P1,0.0030354841171489452
SLC29A4P2,0.003035224473296094
RP11-795F19.5,0.0030351219091413802
TFAP2A-AS1,0.0030349060421791824
TRMT10B,0.003034312719894837
OR1X1P,0.0030342979396471774
EEF1GP8,0.0030341634957555597
RP11-100G15.10,0.003034102868596695
RP11-644A7.2,0.0030337669255366025
RP11-111H3.3,0.0030335721202358074
RP11-148K1.10,0.0030335082837535457
CTD-3199J23.6,0.0030326713497841663
RNU6-595P,0.0030321381802538325
TMEM231,0.003031677482144982
RP11-347H15.1,0.003031672399395748
NCAPG,0.0030315996006165307
RP5-966M1.6,0.0030310519625496657
Y_RNA,0.003030858484663085
RP11-973H7.1,0.0030307210311461457
RP5-1024N4.5,0.0030302947955266808
FLJ46066,0.0030302355161489544
LINC00570,0.0030300893775746436
CTC-498M16.2,0.00302933111971674
OR51Q1,0.0030287134475560774
CCDC116,0.003028635234714215
RP11-669N7.3,0.003028603259092055
RP11-342K6.1,0.0030282238068085774
PRELID3BP11,0.0030280908965697197
Y_RNA,0.0030280804738410387
RARRES2P1,0.003027753309454533
KLRC3,0.003027567769217463
MTND4P29,0.003027468262360978
RP11-554D15.1,0.003026793458776832
CTD-2621I17.8,0.0030264233775117323
U8,0.0030261331604342486
RP5-1047A19.4,0.003026114335011831
HIST1H1T,0.0030258287222197223
INA,0.003025796522059415
TP53RK,0.003025559805251948
DBIL5P,0.003025512975640332
DARS,0.003025457590760449
RP11-1228E12.1,0.003025334213840664
EGOT,0.0030249087658250845
RP11-567O18.1,0.0030242134641038374
RP6-91H8.3,0.003023969106973335
RNA5SP57,0.0030233854289559285
DERL1,0.003023384823360764
SNORA48,0.0030233310505769872
RP11-163G10.2,0.0030230002919941004
VEZF1,0.003022805891221223
CTC-512J14.1,0.003022526444066013
RP11-711C17.1,0.0030225185605136772
RP11-152C17.1,0.0030222367698874426
IGKV1-39,0.0030216395886766105
LLGL1,0.0030215279469118883
AP004782.1,0.0030209913114335454
RP11-866E20.1,0.0030202195170086787
RP11-92G12.3,0.0030200386146098965
ZNF839P1,0.0030200172855356475
MYLK-AS1,0.00301987505196166
CFAP44-AS1,0.003019812414941665
MIR361,0.00301975710279701
SIX4,0.003019428916580755
Y_RNA,0.003019301875271857
CTC-441N14.2,0.003018855163337612
RP11-435O5.4,0.0030187809123071703
CTD-2527I21.4,0.0030185567521889413
CDC42P5,0.0030183401427562114
NUFIP2,0.003018158810807278
CCDC127,0.0030181275390860035
KLLN,0.003017817559446488
RP13-1039J1.4,0.0030173411954919163
SNORA81,0.003017158439681164
RP11-185E8.1,0.0030170145020632947
IGHV3-63,0.003016980470573456
CTD-2561B21.5,0.0030167447091916577
MIR890,0.0030165136107076916
RP11-380I10.2,0.003016472357984251
RP11-260N14.1,0.0030164032016089253
IGKV1OR2-11,0.0030162466634121587
RP11-182N22.7,0.003016118600652282
TAF13,0.003016090258238743
MT1H,0.0030159188598862783
BMS1P15,0.003015841241196985
RP13-279N23.2,0.0030156057937081476
ARHGAP11A,0.0030153718328386255
ZNF2,0.003015004490820432
RP11-49I11.3,0.0030143709488778614
AC104843.4,0.003014359563657014
RP3-412A9.12,0.0030142715338729066
LINC01121,0.0030142663015162905
RP1-251I12.1,0.0030140211125911985
BNIP3P27,0.0030138944311600673
ISCA1P6,0.003013624833726174
OR7E122P,0.0030128983989970285
RP11-58K22.4,0.0030118741152043806
CTD-3224K15.2,0.0030118435371813764
RP11-60E8.4,0.0030115162762129975
SNORA42,0.0030113383546839676
RN7SL213P,0.0030112987624177343
bP-2171C21.4,0.0030111471306567186
RP11-354M20.3,0.003011135339401577
RP11-244H3.4,0.003011121650122659
NDUFS3,0.003011097023719063
RP11-798G7.5,0.0030110488983283883
RP11-540B6.6,0.003011033812556869
DRD5P2,0.0030110258269383993
RP11-43A14.1,0.003010200916905733
RP11-288K12.1,0.0030096766523611514
RP11-248M19.1,0.0030096253780310897
AC006116.17,0.003009581752851188
RP11-325L12.6,0.003009553491293904
RP4-789D17.5,0.003009240283131637
OR12D1,0.0030089984556092185
RP11-63L7.5,0.0030088751096314734
RP11-1035H13.2,0.0030088308194993266
RP11-345P4.9,0.0030086086695842746
HILS1,0.0030081853211481177
RNY1P16,0.0030079745208940623
RP13-895J2.6,0.0030079036633776156
RPS24P16,0.003007889645598979
RP11-498J9.2,0.0030078299808314205
RP11-495K9.8,0.0030072910287045687
ZBED9,0.003007241008735158
AC104532.3,0.003007231783732214
PPIAP11,0.0030071589278691923
RP11-61G23.2,0.003006433283990766
RP4-738P11.3,0.0030061734309608777
MAPRE1,0.0030060982799731575
CICP16,0.0030060921229254794
MIR7843,0.00300603830098687
RPL7P12,0.0030059691693362788
RP11-290C10.1,0.003005949868844691
CTD-2350C19.2,0.0030054410209839136
LINC01580,0.003005182189948422
RP11-495O11.1,0.0030050680412306244
RP11-143A22.1,0.0030048799795327668
RP11-191A15.2,0.003004064630350151
LINC01387,0.0030039466403822723
HEXIM1,0.003003556708228213
RP11-475C16.1,0.003003520789661134
SNORD63,0.003002892179235715
RP11-394B2.7,0.003002711669892714
Y_RNA,0.0030024313330154545
Metazoa_SRP,0.003001839027941829
TDRG1,0.0030015712348359625
MIR128-1,0.003001158846120558
CTD-2050E21.1,0.003001151395319847
PRRG4,0.003000349413793193
LINC00399,0.0029996483833579788
RP11-328C8.2,0.0029993247317255125
RP11-63P12.7,0.002999268443839093
TAT-AS1,0.002999152088933544
CASC15,0.0029990819447018586
KLRF2,0.002998901988640465
RP1-266L20.2,0.0029986682128571407
CEP83-AS1,0.0029975680679282185
RP11-2E11.5,0.002997012096093001
KRT6A,0.0029965751514618964
NEFL,0.002996301193953496
LINC01011,0.002995954229613914
SYP-AS1,0.0029954997466866136
VPS37C,0.0029949220889923496
RP11-51F16.9,0.002993702005650315
GRK6,0.002993563475029106
BACH1-IT2,0.002993238446358865
RP11-48F14.2,0.0029930257791686227
CEBPA,0.0029929675782949176
AC004911.2,0.0029921539929411117
AJ003147.9,0.0029919038639683562
SH3BP5-AS1,0.0029916081434309765
CTA-331F8.1,0.0029913310343780714
MTRNR2L10,0.0029912464034645425
MNAT1,0.0029911166850589248
RP11-797M17.1,0.0029909872564707765
USP38,0.0029908765293835417
ATP5HP3,0.002990132363293441
SUPT20HL2,0.0029897249401492332
KHDC3L,0.0029889270954041574
RP1-278E11.3,0.002988895242845437
RP1-225E12.3,0.002988757359317033
CNTN4-AS1,0.002988647297514821
RP11-430C7.2,0.0029878886701446682
RP11-314N13.10,0.0029874390975506595
FPGT-TNNI3K,0.002986475037441525
ZNF280A,0.0029864357533075773
AKAP17BP,0.0029851631740215067
RP11-297C4.2,0.002985140199869816
IFT74-AS1,0.002985039472355543
RP11-886P16.10,0.002984500013311884
MRPS21P7,0.002984143414823334
RPL12P42,0.0029840156440926503
RP11-282K24.3,0.002983923502824437
HNCAT21,0.0029832944889623706
PEX11A,0.0029832578512136274
GVQW1,0.0029831808455003644
SBK3,0.0029831798642400266
RP11-344P13.6,0.002982729129189716
CTC-265F19.1,0.002982722028543465
TMED7-TICAM2,0.0029821559012503437
RP11-471L13.3,0.002982045855632275
RP6-65G23.5,0.0029819044553542457
AC113618.1,0.002981877599375761
C12orf75,0.002981368308803737
RP11-398J10.2,0.002981067639546116
PRG3,0.0029808967898701305
SLC25A15P2,0.0029808728342539306
MIR3181,0.002980822563961362
RPS20P32,0.00298070013171694
IGHV3-73,0.002980644591248545
RP11-580I16.2,0.002980425146054636
RN7SKP38,0.0029803678645406837
AGAP2-AS1,0.0029803077020071045
LINC01507,0.0029799306195691004
RP11-312J18.3,0.00297986868812648
RP11-44F14.7,0.002979650183411049
RP11-416A14.1,0.0029791298928589505
RP11-678G14.3,0.002978643141921497
RP11-1094M14.1,0.002977974624829623
RP11-1E4.1,0.0029779384828499335
ARHGAP40,0.0029776973848307867
LINC01227,0.0029773708660977534
KIF18A,0.002977237360575092
HMGN2P8,0.0029767655519035148
CCDC53,0.0029766231390270367
SNORA67,0.0029765862382616828
RP11-550C4.4,0.0029763360469712355
MIR1468,0.0029763073372842774
LINC00588,0.0029762909553412565
CTB-186H2.3,0.0029758514666597857
Metazoa_SRP,0.0029758293792098633
LCA10,0.002975714898223057
RP11-527L4.6,0.0029754490263923304
CICP20,0.0029752050066299265
UBE2SP1,0.00297519031228486
RP11-139H15.6,0.0029751653472775367
AC007787.2,0.002975160761300345
AF131216.5,0.002974950388007021
CUL1P1,0.002973888936925838
RP11-340E6.1,0.0029737283637354356
C17orf98,0.002973621032875948
RN7SL75P,0.002973617985311244
HUS1B,0.0029735322393275743
PKN3,0.002973491319846
RN7SKP203,0.0029734871637540653
ERICD,0.002973120576715939
CTC-340I23.2,0.0029728878841969964
CTD-2529P6.3,0.0029727952776676804
RP3-370M22.8,0.002972790520673409
OLIG2,0.0029726561735462856
MSRB1P1,0.002972638929187213
AC026188.1,0.0029722135924076173
CTD-2195M15.1,0.0029720957645552274
UBE2Q2L,0.002971660254584277
MFSD9,0.0029715333781804966
ZNF528-AS1,0.002971468760219275
MIR1301,0.002971090149340848
RP11-152K4.2,0.002971039907088936
Y_RNA,0.0029710234893949826
AC079630.2,0.002970765503590242
RP11-542C16.2,0.002970623395339325
SNAPIN,0.0029704742340915104
AP000347.2,0.002970415356132403
MALSU1,0.002970385941845726
LAT,0.002970354408093064
C6orf106,0.002969996758695751
RP11-419L20.2,0.0029697074441125248
CRABP1,0.0029691965183439952
TEX43,0.002968048752820374
RP11-46H11.11,0.002967933786580018
DUXAP5,0.002967683720181221
KCNK16,0.0029675383076534214
RP11-645C24.4,0.00296738653844274
RP11-90C1.1,0.0029671139649374363
RP11-473I1.6,0.0029669895732357243
ATP5BP1,0.00296682011252501
CTD-2192J16.20,0.0029665840106562207
RP11-243M5.4,0.002966508478395312
RNA5SP473,0.00296640312361881
RP11-429J17.4,0.0029662634722603083
RP11-400N13.3,0.002966254329076074
Y_RNA,0.0029660469271985397
RP11-97C16.1,0.0029660056554593
RP11-459F6.3,0.0029660017062030247
RP11-158I9.8,0.0029659897629458155
AC016716.2,0.002965869803873775
AC002069.5,0.0029656038827608885
AC093690.1,0.0029655304856650573
ECEL1P1,0.0029649439488246285
RP11-536G4.2,0.0029645644695786293
RP11-50D9.1,0.0029638789495611247
TMEM55B,0.0029638601461412367
RP11-589M4.2,0.0029628827846271974
NPM1P52,0.002962750489807432
RP13-157F18.2,0.0029624523413251487
RP11-1012A1.4,0.0029623297118977435
RNU4-5P,0.0029621860364082903
MIR30C1,0.0029615332043488093
ZNF322P1,0.002959798364147373
RNU6-844P,0.002959719150806381
IL1RAP,0.002959614849405086
C12orf57,0.0029593168769818053
MIR5192,0.0029581309222313926
RP6-99M1.1,0.0029581197729031204
CTD-2095E4.5,0.002958002031072829
RP11-323I15.3,0.0029579919343956282
RP11-493L12.6,0.002957385278304328
CCDC58P5,0.0029571866523079057
MPZL3,0.0029571466784880183
RNU7-59P,0.002956189207779916
RP11-287D1.4,0.0029559533628347842
RP11-521H3.3,0.002955942003305773
RP11-669N7.2,0.002955714130754064
RNU6-1285P,0.0029555426390456252
RP11-175P13.2,0.002955482614181885
TMEM81,0.0029547274596071556
Metazoa_SRP,0.0029543336688545164
RP11-321P16.1,0.0029542957386637565
RP11-152L20.3,0.00295412181892458
ZNF10,0.00295403169298639
RP11-211G3.2,0.0029537738260061704
RPL23AP47,0.0029533331664554543
RP11-466A19.3,0.0029531371118502224
AC090957.2,0.0029529235008611938
Y_RNA,0.0029528827854753683
RP3-423B22.5,0.0029528020140816764
TMCO5B,0.0029525939123676284
FOXS1,0.0029520209604184406
NKAIN1P1,0.0029519883893514664
RP6-74O6.6,0.0029519764668702116
AC079612.2,0.0029518232513563013
RP11-278C7.1,0.0029514933992640445
RP11-679C8.2,0.002951274068361893
RP11-346C4.3,0.002950769951891678
WFIKKN2,0.00295035952656017
AP1B1P1,0.002949834684486158
RP13-577H12.3,0.002949692243860085
RP11-159H10.3,0.002949274536307099
RP11-143J24.1,0.002949251210980411
AQP8,0.002948958654013009
RNU6-869P,0.002948786997937805
RP11-757O6.6,0.0029487219280784566
PHBP5,0.0029486617426851044
RP11-109M17.2,0.0029477242796474446
NOG,0.0029475032847655572
RP11-20B24.6,0.0029472610728848974
SNORA63,0.0029471048340139407
RP11-463O9.9,0.002947067892221214
AC009262.2,0.0029469645594032714
PPP1R12BP1,0.0029467224504926243
RP11-282I1.2,0.0029466819124721252
AC105339.1,0.0029466751984342718
RP5-1186N24.3,0.002946200084021714
RNU6-234P,0.0029456233821226626
TRPC3,0.0029439543299089144
AC015969.3,0.0029436804018920446
RP11-168J18.6,0.0029435751119157626
RP11-253M7.3,0.0029435310718853476
LAMP5,0.002943444048053231
NECAB2,0.002943402130831305
ZNF625,0.0029425940246116744
RP11-65J3.14,0.0029425170729567513
AC006050.2,0.0029423413702870005
RP11-448G15.1,0.002942285800151859
RPS27P15,0.002941784121039948
RP11-597D13.9,0.0029411408399124045
FTLP17,0.0029409087593033076
RP11-350J20.9,0.0029403222671355246
CTD-2293H3.2,0.002939846453259338
LIPT2,0.0029397710063222035
RP11-561O4.1,0.002939445647111914
RP11-680G24.7,0.00293921088109253
TCP10L,0.0029391883739026325
RP11-20I20.2,0.0029391638974369735
AC005392.13,0.002938806238207236
UGT2B24P,0.0029386528787229043
CTC-457E21.5,0.002938638834335423
CTC-444N24.6,0.0029379815805782605
EPB41L4A-AS1,0.0029375940150571287
RPL21P4,0.00293735204732249
CHMP2B,0.0029372113723136377
RN7SL708P,0.002937064027998255
MIR3663,0.002936900734753129
RP11-249C24.11,0.0029368865414405834
ALG1L9P,0.0029365049068807193
RP11-44F14.5,0.00293641754641161
RP11-183A22.3,0.0029364122572301914
LINC01482,0.002935944401954302
RP11-521D12.1,0.0029358523198636534
PAPPA-AS2,0.0029357403992250697
VN1R53P,0.0029353228734437377
CTC-260E6.4,0.002935228894142914
LINC00869,0.00293518475192883
MIR2278,0.0029349426026353026
OTUB2,0.0029345263605673353
RP13-614K11.2,0.0029337518060917364
RP11-539I5.1,0.0029335348994002715
BPIFB2,0.0029330505884959768
RP13-895J2.10,0.0029327493751737784
PTMAP2,0.0029327042486000277
GSTA2,0.0029326007375196955
RP11-574K11.27,0.002932594412122155
CTA-280A3.2,0.002932188847125297
CRISPLD1,0.002932049178927201
RP11-364P22.1,0.002932032256994455
Y_RNA,0.002931971290016308
CTD-2061E19.1,0.002931574241565115
RPS3AP36,0.002931303282561017
AP000560.3,0.002930028217222852
GAPDHP22,0.0029297309695628534
RP11-342M1.3,0.0029290809751794404
CTD-2001J20.1,0.0029286552196221434
PEBP1P1,0.002927907512921339
RP3-477M7.6,0.002927482367024047
RP1-30M3.5,0.0029269477413905037
NOP56P2,0.0029267180374069448
RNU1-132P,0.0029253203099938027
RP11-114G11.5,0.0029252438269854486
RPL5P3,0.0029242076987060165
LINC00592,0.00292419676927636
RP11-231C14.5,0.002923036822600087
XXbac-BPG32J3.19,0.0029229978222657786
DHRS4L1,0.0029228870744082394
IGHV3-11,0.0029228727083418014
ZNF749,0.002922560436403752
BOLA3P4,0.0029225417265685426
MUL1,0.002922316114258479
RPS15AP36,0.0029221853814318226
TMEM11,0.002922066956025949
HHIP,0.0029215549386890378
RP11-174C7.1,0.0029208882094470395
RP11-98D18.15,0.002920769890005726
RP11-543C4.1,0.002920588270472922
GCC2-AS1,0.0029205203915944017
ATP5G2P3,0.0029203599582893667
RP11-290L1.4,0.0029201558986241376
RN7SKP250,0.0029200319999295172
RP4-778K6.3,0.002919963181524025
RN7SL558P,0.002919284646518092
TRAJ26,0.00291928422499417
LINC00493,0.0029187492385779365
RP13-444H2.1,0.00291873043447608
NAA25,0.002918391500332003
CTD-2227C6.2,0.0029178902576462635
MIR558,0.0029177282483849342
SCOCP1,0.0029177181047065643
RP11-747I9.1,0.002917475937091985
AL445183.1,0.0029167978928339674
LINC00571,0.0029167753147368663
MIR365A,0.0029167694596245472
RP1-269M15.3,0.0029166069262149177
RP11-953B20.1,0.002916442375345853
RP11-752G15.8,0.002915965933173437
RP11-810P12.1,0.0029156717930033486
CSPG5,0.002915187720126946
RP11-214K3.20,0.0029146159675739985
LINC01584,0.0029138458380269737
RP5-998N21.10,0.0029137570015137604
RP11-231P20.6,0.0029132204441664716
LINC01033,0.0029130509047156296
CTD-2210P24.3,0.0029125035320816794
OTUD6B,0.002912502840253792
RP4-761J14.10,0.0029124076222825745
RP11-843P14.1,0.0029121302839400353
IMPDH1P8,0.002912024279992302
Y_RNA,0.0029118610875092897
AC016292.1,0.0029118552802738307
ENPP6,0.002911758962863148
C5orf49,0.0029117267374347226
C9orf147,0.0029112072976095176
YY1P2,0.0029110980951462485
CTC-497E21.3,0.002910807733803849
SNORA31,0.0029104748228512465
RP11-1149O23.3,0.00291045290052282
CXorf58,0.002909652197302524
APOC2,0.002909567593802736
ZNF92P2,0.002909473430924833
AC007283.4,0.0029093536959324986
HPF1,0.0029092736765894568
RN7SKP25,0.002909213146186595
CXCL6,0.0029084415660590424
RP11-637A17.2,0.0029068121406801437
RP11-840I19.3,0.002906532655486174
RP11-503N18.5,0.002906471995450687
CTB-161M19.2,0.002905846193659709
RP11-318A15.8,0.002905842313584352
DUSP8P4,0.0029056857326161005
CTB-96E2.10,0.002905645705443762
SNAPC4,0.0029056281180164308
CTC-428G20.2,0.0029054793676044606
RP5-1050E16.1,0.002905457294347828
SELENOWP1,0.0029051000018727614
ZNF814,0.0029047681486965653
GTF2A1L,0.0029037316182097817
NANOS2,0.00290343256061264
ECHS1,0.0029031670749974964
NOVA2,0.002902888877881379
RP11-25K19.1,0.0029028079024560303
ATP5EP2,0.0029023995059244754
FAM201B,0.0029022625030181754
LINC01581,0.002902169480026697
RP11-343C2.10,0.002901847544163389
FGF12-AS2,0.0029017204506520044
SLC14A2-AS1,0.002901609203908437
RP11-236P24.3,0.002901602957414603
SNORD63,0.0029015246654292837
AC092641.2,0.0029012022628100266
DNAJC1,0.0029008188825587087
AC011999.1,0.0029006127207850106
CYP4F24P,0.002900553110407869
MYL4,0.0029005294058304285
GPR22,0.0029000839102749803
C11orf97,0.0028997878560924764
HSPD1P1,0.0028996926956374857
RP11-734I18.1,0.002899164469125389
CTB-162J7.1,0.002899084207260784
RP11-200K12.3,0.00289894144954255
EZR-AS1,0.0028985383683055436
MPHOSPH10,0.0028984218504439826
MIR3680-2,0.0028981002455041828
GK-IT1,0.0028980181288141044
MIR6504,0.0028979618573455003
CTD-2319I12.10,0.0028976817065086732
RN7SL447P,0.002897451371652016
IGKV1D-16,0.00289703970585263
RPS13P2,0.0028970365101653266
RP11-3L10.3,0.002896601900609903
FFAR2,0.0028965508244819397
AC079776.6,0.0028964100759506753
RP11-693M3.1,0.002896351287929448
ZNF969P,0.0028963229120920865
CCND3P1,0.0028954357625166362
MIR4671,0.002894732474444116
RP11-483I13.2,0.002894460028655483
CDKN2A-AS1,0.0028944592738442583
FRG1KP,0.0028944368619202767
HMGN1P20,0.0028944038643098553
UBE2L5P,0.002894386807541949
AC018693.6,0.0028940935410282603
RP11-461L13.4,0.002893818273771482
RP11-227G15.12,0.0028936909830311456
AL022345.11,0.0028934309476493225
RP11-1143G9.5,0.0028932998526729763
RP11-111H13.1,0.0028931370698159413
RP11-57H14.5,0.002892896521025874
CYP4F34P,0.0028928463884785108
TTTY10,0.002892544627910807
RPL12P13,0.0028922422465215885
IGHV4-4,0.002892046163671256
HIST1H2AB,0.0028919052219134283
RP11-1018N14.5,0.0028916068984020334
AC012358.8,0.002891353589449258
AC093063.2,0.002891075644329576
NUTM2B,0.0028909622808837615
SMC5-AS1,0.0028908797463671502
RN7SL39P,0.00289071893073944
IL1A,0.0028900518120221113
RP11-645C24.5,0.002889687550528629
AC023271.1,0.0028892376391907917
RPL7L1P7,0.0028881116997759855
RP11-250B2.6,0.002888073304575203
RNU2-22P,0.002888030953807374
TRMT10C,0.0028880114491497484
RPL23AP81,0.0028879462366905285
YWHAG,0.002887843802397551
RNU6-178P,0.002887633742815608
RP11-59H7.3,0.0028875924705790623
MIR6780B,0.0028870189572916044
LINC01608,0.002886595352818668
RPL36AP51,0.002886371219460081
PPIL1P1,0.0028862793688104803
UBR5-AS1,0.0028854784906024475
PHBP18,0.002885398788908121
RP11-474D1.4,0.0028850640760841087
RNU4-49P,0.002885047940549165
RP11-876N24.3,0.0028847499799471415
DNM3-IT1,0.002884362557990306
RP11-521M14.1,0.002884360033072345
RP11-464D20.6,0.002884180665456406
Y_RNA,0.0028841414748237357
VN1R20P,0.0028841159664298203
CTD-2353N24.1,0.0028840868799513038
KRT8P46,0.002883603828297269
BOLA3P2,0.0028835834834346767
RP11-546M21.6,0.002883566992950503
CCNA2,0.0028835295222413445
RN7SL120P,0.002883483746921352
RP11-266J6.2,0.002883419617864209
PSKH1,0.002883342813027758
PUDPP2,0.002883128880399282
MIR548I1,0.002882714647973789
RIMBP3,0.0028826672031623504
RP11-23J9.3,0.0028821205842983343
CECR5-AS1,0.0028820918175262093
NDUFS5P4,0.002882012244184715
RP11-541P9.3,0.0028815710237667645
TMPRSS5,0.0028815404771080654
EPHA8,0.002881430259485955
RN7SL4P,0.0028813750151538654
FCF1P7,0.0028813745737251884
LINC01510,0.0028810918059147287
OR2T12,0.0028810788785198385
RP11-547D23.1,0.002881055182661112
LSP1P1,0.002880326366783067
TMEM35A,0.002879543489513357
RP11-39H3.2,0.0028790872713996226
RP11-278J20.2,0.002878999245658436
Y_RNA,0.0028789945683951085
RP11-651K21.1,0.0028787535149153993
MIR641,0.0028786733798298277
GAPDHP1,0.002878611669661917
GPS2P1,0.0028783846469214117
RP11-478K15.6,0.0028783506242237938
COPS6,0.002878141208353854
HOOK3,0.0028781113762179544
AC004471.10,0.0028776718682696936
KB-1930G5.3,0.002877621735675851
WBP11,0.0028775597713290462
OR11M1P,0.0028773875879241637
DSG2-AS1,0.0028771819241972534
OR2AK2,0.0028759343819999544
AP000432.1,0.00287557160558786
PLPPR2,0.002875009748799965
SPACA1,0.002874840709315132
CTC-308K20.3,0.00287472108036441
RP11-116B19.2,0.0028745801595812677
SORCS3-AS1,0.0028740268172417352
VWC2L,0.002873981341248343
AC004069.2,0.002873883638730285
RP11-106M3.3,0.002873692110343481
CTD-2270N23.1,0.0028729543537708564
Y_RNA,0.002872761139215098
KRTAP5-7,0.0028725151279799578
MAGI1-IT1,0.002871543603501187
RP11-96G10.1,0.00287127789616677
PTCHD4,0.0028710335852459765
AC103563.9,0.002870990224820992
RP11-452L6.6,0.002870472215925862
RP11-15B24.1,0.002870449169146529
RPL17P45,0.0028702002280057938
RPS26P11,0.0028690324052349082
LBP,0.002868860012938935
AC004980.9,0.002868441517793544
RP11-65L19.4,0.002867958345482162
CCT8L2,0.002867911146502192
PPIAP10,0.002867093175201714
RP11-280O24.3,0.0028670767686865975
HOXA1,0.002867028885092371
RP11-843B15.4,0.0028663114905881017
LDLRAD1,0.0028661020567209974
SEC63P1,0.0028660038307710477
ST13P13,0.002865847929479772
RP11-455J20.3,0.002865682251505393
POU4F1,0.002865629200615221
POLR2KP2,0.002865549265767684
RP11-401P9.1,0.0028653665224829916
HSPA8P15,0.00286510986965816
NDST3,0.002864266204599309
TBX2-AS1,0.0028636518914909002
GHc-857G6.7,0.0028635948563851053
XXbac-B562F10.12,0.002863326533974564
SPTLC2,0.002863291074452933
RP11-22N19.2,0.002863185785242024
FAM111B,0.002862598690579721
TIMM8BP1,0.0028625013741408294
AC104451.2,0.00286193831019563
USP9YP14,0.002861739277776411
MTHFD2P4,0.002861626573717014
SPDYE10P,0.0028605901274486117
RPL21P75,0.002860435080660305
RPS26P3,0.002860302422409013
BNIP3P13,0.002859085858243546
KB-1460A1.3,0.002858727780492904
RP11-385F5.4,0.002858386337758708
AC007277.3,0.0028583051227203085
PCSK6-AS1,0.0028582721919123083
BCDIN3D,0.0028579252155275557
PCAT1,0.0028577505048583587
C4orf46,0.002857709374385439
RNU6-686P,0.0028574518686784157
RP5-1121E10.2,0.002857209628948019
RNU6-1148P,0.002857026924792631
RP11-745L13.2,0.0028559682178232824
CTD-2265D6.2,0.002855735773839218
AC009264.1,0.0028556053113475634
MIR4644,0.0028553902073273282
MTCO1P18,0.0028553150765553417
CTC-559E9.5,0.002854984735411729
AC012360.4,0.002854720195337027
GS1-309P15.4,0.0028546886631556304
RP1-313L4.3,0.0028546702993870136
RNY1P12,0.00285461361920796
IGHD3-22,0.002854594190939495
LEF1-AS1,0.002854553898579021
RP11-1212A22.8,0.002854092807776946
THAP5P1,0.0028538873546602923
RP11-697H9.3,0.0028538790616536567
RP11-788A1.1,0.0028530311158940424
RPL7AP7,0.0028528978568552726
RP11-707G14.1,0.002852727256902629
LINC00846,0.0028525821154331715
MARK2P6,0.0028524298470050382
AC010976.2,0.002852319528949211
SCARNA2,0.002851598152912586
RP11-481J2.2,0.0028515335822256573
CTD-2530N21.5,0.0028513871633947386
CCDC144NL-AS1,0.002851378422492988
RP5-945F2.2,0.0028510752242134514
CTD-2587H24.1,0.0028510630639819283
TAS2R42,0.0028510504205854375
PCDHA1,0.0028510257835366475
RP11-1H8.5,0.002850784623204854
ATXN7L3B,0.0028507560567615758
RP11-186B7.4,0.0028506569640030454
RP11-131M11.3,0.002850255749720376
MIR6779,0.0028500231698376116
IGKV1D-42,0.002849810984939399
HMGN2P18,0.002849623609416625
RP11-452H21.1,0.0028488931628254323
RP11-769N22.1,0.002848826352581285
RP11-166B2.8,0.0028484742842351924
SNRPEP10,0.0028482996214981493
UGT2B17,0.002847842691334328
CLDN25,0.0028473684521064554
GATM-AS1,0.0028471645576529083
CCAT1,0.002846920335577694
RP11-387D10.4,0.0028469157828553914
AC002383.2,0.0028463007505464704
RP11-277P12.6,0.0028461067394049957
SNORA24,0.0028459889790114707
AP1M1,0.0028459242349046206
RP11-517O13.1,0.0028454474112514895
RPL7P15,0.0028447249410557198
AC093326.1,0.002844632431436357
LINC01305,0.0028443945075539334
RNF113A,0.0028443609138628883
CTD-3094K11.1,0.0028442027063184357
C17orf100,0.0028438753321651804
Y_RNA,0.002843777747745796
RP13-635I23.3,0.0028436463300532916
RP11-286N22.8,0.0028435691432197397
AC009120.4,0.002843497347331453
CHCHD3P3,0.002843410371466048
RP11-74D7.3,0.002843385639840011
RN7SL716P,0.002843001135929869
RP5-1059H15.1,0.002842679570194622
TFB2M,0.002842561718908412
MIR4482,0.002842280685307064
FOXO1B,0.0028419111781142147
RP11-439A17.10,0.0028416912742375245
LINC01205,0.002841467771813387
AC008154.4,0.002840481598971092
RP11-771K4.3,0.002839761426114589
RP11-844P9.5,0.0028395530829494766
KRT18P61,0.0028395032951834373
LL0XNC01-73E8.1,0.0028393787109305827
AL133243.1,0.00283929738724156
CCDC18-AS1,0.0028391643101235947
VN1R91P,0.00283913574866368
MIR3941,0.0028390997662714615
RP11-67C2.2,0.0028387242649638646
RP11-211N11.5,0.0028387094794782176
RP11-445N18.5,0.002838670580800691
SYDE2,0.002837938639924779
RP11-384F7.2,0.0028379310369600697
CTD-2542C24.5,0.002837876025805284
MACROD2-AS1,0.002837436891548279
TNFSF15,0.002837381550541373
CTD-2245F17.9,0.00283658901835369
CECR6,0.002836331164217587
RP11-465I4.2,0.0028361989225509647
MIR3146,0.002835440708382701
HBG1,0.0028351100499779762
RPL29P12,0.002835015424968561
CTD-2228A4.1,0.002834608399497787
RP11-641D5.1,0.002834607272272181
FARSA,0.00283403769918687
RP11-616M17.1,0.0028338059734943247
GMFBP1,0.00283361922416227
OOSP1P2,0.00283354061154518
Y_RNA,0.0028329121870219257
RP11-744N12.3,0.002832842896738168
RP11-806L2.2,0.002832779757549565
CTB-193M12.3,0.0028326742656856335
HIST1H2BI,0.00283244065331302
AF165138.7,0.002832171683218535
TPM3P1,0.0028321222366176776
PTGER2,0.002832018626751073
PPP1R2P2,0.002831623962809374
ZNF350-AS1,0.0028314409293669508
RP1-313I6.12,0.002831435259934958
RP11-20D14.6,0.0028312638647338653
RP11-845M18.7,0.002831222544955498
POLR3GP1,0.0028307539946202877
RP11-498C9.15,0.0028306787246993397
RP11-466M21.1,0.0028306378430846698
AC002368.4,0.0028305534079238236
AC022153.1,0.0028303452085316106
RP11-294C11.4,0.0028302643111975507
AWAT2,0.0028301268459449422
AC016734.2,0.0028300678668616596
RP11-288G3.3,0.002829586562312835
RP11-263K4.5,0.00282943336028429
RP11-680H20.2,0.0028286874300031376
RP11-158D2.2,0.0028285455504941724
RP11-100N3.2,0.00282816274481561
LINC01097,0.0028279022671327068
CTD-2340D6.2,0.002827521198591538
XXbac-BPG300A18.13,0.002827226259545412
RP1-228P16.4,0.0028271452471545907
MIR563,0.002826962409839814
RP11-435D7.3,0.0028268294993549726
IGSF11-AS1,0.002826715406260805
SUMO2P4,0.002825788943463706
RP11-307L14.1,0.00282569926608842
SOWAHA,0.002825509171597618
RP11-387M24.5,0.002825234310602582
FKRP,0.0028252255130231784
ANKRD20A2,0.0028250697582318652
MTATP6P14,0.0028249553870707328
SMG1P6,0.0028249276054487142
TUBB4BP3,0.0028246024555698157
RNA5SP477,0.002824531801823536
KIAA0040,0.002824514138084685
SOX2,0.002824490192824674
BNIP3P16,0.0028241951610194177
RP11-326E22.1,0.002824114835936477
RP11-443B7.2,0.0028240739133681496
AC017006.3,0.002824072000184769
MTCO1P23,0.002823983799985921
RP11-255A11.4,0.002823959841514721
ARHGEF25,0.0028238765123671885
SNORD116-1,0.002823695134368698
C7orf34,0.002823204333159958
GNG3,0.0028225261216544306
AC099684.1,0.002822436857299636
RP5-1085F17.3,0.002822209966478227
Y_RNA,0.0028221999267773017
IGHVIII-22-2,0.002821327020941148
MRPS2,0.0028211131369633526
RP11-959I15.4,0.0028207189332512435
HMGN1P11,0.0028206911215567345
RP11-9G10.1,0.002820439410068263
GDF3,0.002820189019412781
RNU6-571P,0.0028201044429952272
RP11-1212A22.4,0.0028201004514201156
MIR6891,0.002819911549546879
STMN3,0.002819867932430849
RP1-197B17.4,0.0028192942588997328
TPTE2P6,0.002818667433891099
BTBD18,0.0028185733397878892
RP11-446H18.1,0.002817842164768743
CTBP2P8,0.002817801386543273
MTND4LP14,0.002817507979779603
ILF2P1,0.0028173012428175954
RP11-165J3.5,0.0028172485653546425
EHHADH,0.0028161455920948293
LINC01560,0.0028158504308684225
CTB-32O4.2,0.00281580157977528
ALDH1L1-AS1,0.002815394918232119
IGHV3OR16-8,0.002815354893638604
RPS24P8,0.00281520756633778
RPL17P34,0.002814290377584598
RP11-372E1.7,0.002814221036442082
RP11-379L18.1,0.0028141897577244617
RPL21P119,0.002813870338463176
AC007365.3,0.0028136975888532
RPL36AP26,0.002813659941076267
POLR2K,0.002813572105659035
HPYR1,0.0028134051561181164
CTD-2503I6.1,0.002813328127488018
RP11-346E8.1,0.0028132519925258095
PCDHGC3,0.002813162313178816
RIMBP3B,0.0028124954325434316
RP11-18M17.1,0.002812408181751841
RP1-79C4.1,0.002812180624614829
CTB-57H20.1,0.002812170384457555
CTB-55O6.10,0.002811840296640086
PRAF2,0.0028114382368980323
Y_RNA,0.0028103718959409684
CRYGA,0.0028096481770204422
RNU6-1123P,0.002809284181413394
RN7SKP263,0.0028089651616245792
RP11-269M20.1,0.0028089032440330856
RP11-1396O13.2,0.0028088373888267323
RP11-133K1.12,0.002807520503120072
AC015922.6,0.0028074711659740216
SNAPC1,0.002807469813251481
AC090587.4,0.002807417640437487
RP11-57C19.6,0.0028069438288866985
AC007250.4,0.0028065929563073416
HSPE1P26,0.002806195310270669
CTD-2287N17.1,0.0028057637449242314
AC063961.1,0.002805678273728212
RP3-497J21.1,0.002805677875988675
KIRREL3-AS2,0.002805406830317032
FAM19A5,0.0028050697506838912
CLYBL-AS1,0.0028046384371188293
RXRA,0.002804264613666678
RNU7-47P,0.002804189919152819
OR8B7P,0.0028039942867379973
CTC-550B14.7,0.002803788884213047
RP11-557C18.4,0.00280292988593413
RP11-29H23.6,0.00280289090932344
RP11-95P2.4,0.002802793891301363
CPSF1P1,0.0028027515253134126
RP11-60A8.1,0.00280242903448249
ATF5,0.0028023559333309905
RP3-323P24.3,0.002802023290033683
RPS15AP17,0.0028018313114795876
AC073091.2,0.002801635289122458
PIGQP1,0.0028003169946778047
RP11-134K13.2,0.0028003143536823177
RTN4RL1,0.0028000794482058765
AP001043.1,0.002799931050044856
ATP5J2P4,0.002799894447363378
RP11-72K17.1,0.0027995351391212164
EEF1GP7,0.0027993205074571636
CTC-524C5.5,0.002798391585992031
MIR597,0.0027981174217217414
TCEA1P2,0.002798005163526264
ARL3,0.002797726665410752
FLJ36000,0.002797407392475274
RP11-245J9.5,0.002797249232305742
RP11-400F19.6,0.0027971680191349727
CTC-548K16.6,0.0027965425882329285
RP11-145M9.5,0.002796249679791344
MIR4502,0.0027958531285761615
CTA-243E7.3,0.00279507844225094
RP11-36N20.1,0.0027949492993903946
RP11-594N15.3,0.002794871111157441
MORC1,0.0027946936023851635
RP11-224O19.5,0.0027943221815181296
MIR3197,0.0027942516284527787
RP3-400B16.3,0.0027941888986805496
RN7SL704P,0.002794009732830088
AVIL,0.002793964371696518
RP11-405F3.5,0.0027937893246826597
RP11-136K7.2,0.0027935398163497034
LINC00560,0.0027931681285971984
RNU6-623P,0.0027929848892748596
CDC27P1,0.0027928634983711603
RP11-426L16.3,0.0027927877062650457
MIR378H,0.002792398061886006
AC006372.6,0.0027922022823898512
GPATCH1,0.002792025938291628
TCEAL6,0.0027917524658278787
SPIN2A,0.002791605781064197
LINC01630,0.0027914284273907906
DEAR,0.002791284544639651
RP11-495P10.4,0.0027911963282651305
RP11-271K11.6,0.0027911637991988006
RP11-535C21.3,0.002790818361661596
RP11-68I3.10,0.0027904961209004463
LMO7-AS1,0.002790481399291939
ORC2,0.0027902688648154587
GPC5-AS1,0.002790134225595329
POU2F3,0.002789903130427452
RP11-798K23.3,0.002789464678448751
ATP6V1G2,0.0027890857330380506
RP11-420H19.2,0.0027890664216890636
CHGB,0.0027889134235059452
RP11-352D13.5,0.0027883910254957204
RN7SKP268,0.002788030235854013
RP11-74J13.9,0.002787739761301304
MT-ND1,0.0027875863359953083
VN2R19P,0.0027875779737279996
AC011247.3,0.002787465123237726
SLC25A5-AS1,0.0027872552198328253
RP11-84C10.1,0.002787151321997392
RP11-488C13.4,0.0027865425532640005
DNAJC8,0.0027860872079846755
OTUD6B-AS1,0.002784838065469745
RP11-40C6.2,0.002784531866239514
AC018832.1,0.0027843658874920083
AC005330.2,0.0027842431143418403
RP11-368I23.4,0.0027837839441583936
HCFC1-AS1,0.0027836918511396033
PCDHA3,0.002783656309071902
RN7SL452P,0.00278345866919203
C8orf37-AS1,0.002783177686101322
AC006116.19,0.0027827853320449426
CTB-14A14.1,0.0027826142287938308
RP11-713C5.1,0.0027824159030240443
RP11-351M8.2,0.0027822283212418216
RPL5P1,0.0027817222508987106
PEX5,0.0027817182822697513
ARPIN,0.002781643625777463
RNU2-46P,0.0027813502293065136
RBM12B-AS1,0.0027813194693478223
RP11-231G3.1,0.002781177264756143
LRRC74B,0.0027808801573630908
DRD4,0.0027806689224291357
STEAP3-AS1,0.0027797993637963974
RP11-188P17.2,0.002779687986446233
RP11-268P4.5,0.002779682582013232
MRPS17P3,0.0027794344591390496
NACA,0.002779204921269028
RP11-17J14.2,0.0027790901645441957
SNORA65,0.0027790264092339106
GYG1P1,0.002778995517885089
WDR7-OT1,0.002777960172228606
FTH1P20,0.002777710572512763
AC008278.3,0.002777501240126575
CTB-174D11.3,0.0027774657258271647
RP11-51G5.1,0.0027774529654879102
RP1-288H2.2,0.0027773041869413127
H2AFZP3,0.0027772825979652384
AGAP14,0.0027772421755292384
MIR4732,0.002776899763786797
CCDC70,0.002776806680468503
AC009313.1,0.0027766959854861983
VDR,0.0027765470539318597
CTD-2129N1.1,0.002776171307084506
RP11-396B14.2,0.002776060478883268
ZNF280B,0.002776023367116758
RP11-41L14.1,0.0027759221624438354
BTF3P14,0.0027757394751450623
RP11-626E13.1,0.002775728808169594
RP11-325D15.2,0.0027755796098721257
CTD-3018O17.6,0.002775134717986358
ANAPC4,0.0027749391441436763
PAICSP1,0.002774629024649959
RP11-71H17.1,0.0027744278331451027
MIR1268A,0.002774406361134926
RP11-103J17.2,0.0027743100841035556
AC017083.2,0.0027741766289415587
MTND6P24,0.0027741155291606382
U2,0.0027736426070194367
MTCO1P17,0.002773532022126374
RP11-96D1.7,0.0027730947068965056
RP11-711D18.2,0.002773066610934895
RPS3P1,0.002773011630836414
RP11-343P9.1,0.002772991173759077
TMEM56-RWDD3,0.002772890858464707
RP11-710E1.2,0.0027719999227360653
MTRNR2L7,0.0027719809010307763
RNU6ATAC41P,0.0027719592238279462
TRIM64FP,0.0027717860962380727
AK4P3,0.0027716883697585645
CTD-2286N8.2,0.0027709127539199485
UBAP1L,0.0027708392588510523
FAM216B,0.0027706490327692322
LINC01447,0.002770148021124718
RP11-432I13.6,0.0027699354625442393
MYO5BP3,0.0027698512989730263
SYNPR,0.002769838122377366
CTB-187M2.2,0.0027697016942157377
PPIB,0.0027695850200457946
RP11-231E4.5,0.002769548319325239
RPL23AP37,0.002769501291915484
CTC-523E23.6,0.002769294795480422
RNA5SP233,0.0027690316323193366
RP11-770J1.4,0.002768466068582511
MTCO3P13,0.0027679449533892734
SRP14-AS1,0.0027678768526263812
RP11-132A1.3,0.002767795891584605
CTD-2547L16.1,0.00276771299855726
RPL12P11,0.0027673083485593567
MIR8070,0.002766795640433404
SLC36A3,0.002766665984679962
TRIM26,0.0027663689511527373
TMEM178A,0.00276629884528348
ILF2P2,0.0027661769530348207
PRB1,0.002766014463793835
AC007463.2,0.002765934801845667
RP11-706O15.1,0.002765719448859538
RP11-332H14.1,0.0027656636010052415
RPS10P2,0.0027656242289642416
RP11-410K21.2,0.002765463980513915
RP11-20I23.2,0.0027652802681541163
RP11-51J9.6,0.0027644375545398075
RP11-340F16.2,0.002764141149097243
CH17-132F21.5,0.002763830583526955
LCN15,0.002763826651025095
RHPN2,0.002763770435865082
LINC01587,0.002763759450827674
PCDH9-AS4,0.002763485741368046
RP11-45M22.5,0.002763480065903331
LINC00680,0.002762050783287084
RP11-291L22.4,0.0027617738445956095
RNA5SP449,0.0027616568812315486
RP11-98F14.11,0.0027613996703284467
MT1CP,0.002761011501239659
RP3-412A9.15,0.0027605895943770137
AC023590.1,0.0027601442986656868
RP11-295I5.4,0.0027596220777260446
RPL15P13,0.0027595898855607404
INHBE,0.002759418785737635
RP4-631H13.5,0.00275889163101331
RP5-1070G24.2,0.0027586661480300738
RP11-136C24.3,0.002758049126683364
RP11-317B7.2,0.002757880019529822
RN7SKP207,0.002757868522193752
SLC36A2,0.002757665369161021
AP000280.66,0.0027573652566723595
RP11-764K9.1,0.0027572881439208792
IGHJ3,0.0027562228960291107
FOXI1,0.002755901900683164
ARL8A,0.00275575123337575
Y_RNA,0.002755316974709585
RP11-456P18.2,0.002754821774030046
FBXO47,0.0027547235860194987
RCC1L,0.00275466316199055
AC007237.2,0.002754409062366114
CTC-471J1.9,0.0027543893492269146
SHFM1,0.002754247596210352
MCM8-AS1,0.002754131607285762
RP11-327E2.5,0.002753991842009074
SCARNA15,0.002753682845360794
PKIA-AS1,0.0027531277215516936
Y_RNA,0.002752914248986338
HSP90AB2P,0.00275252998674132
RP11-10N16.2,0.0027512496769769895
CTB-147C22.9,0.0027512367931815957
MIR106B,0.002751234845168148
HNRNPUL2,0.002751096138689271
RP4-771M4.3,0.002750993719060704
IGLVIVOR22-2,0.002750971576874341
FIRRE,0.002750943926454481
STN1,0.0027509185964073803
NDUFA3P4,0.0027508516231314387
PP12613,0.0027506241793852906
RPL10AP6,0.0027504300933650838
AC022819.3,0.002750347623582284
HSD17B3,0.002749921064850305
CTD-2189E23.2,0.0027496601874568453
RP11-728G15.1,0.0027491695875808543
DSCC1,0.002748647971296647
ABCG8,0.0027479773800075853
RP11-407A16.3,0.0027478267826628014
DUSP14,0.0027478047230197096
RN7SL33P,0.002747648335448328
EXOGP1,0.0027474963641956974
RNU6-994P,0.0027469788284296987
OR5G3,0.002746669470430036
DUX4L46,0.002746668077061398
RP11-114H21.2,0.002746130519887482
CTD-2085J24.5,0.002745197321041636
RP11-554A11.9,0.002745148194736736
RPS5,0.0027439229973135015
RPS17,0.002743138467265685
CDV3P1,0.0027428599718920857
RP11-300G22.2,0.0027423589255487655
RP11-500M8.4,0.0027419041303170548
IGFLR1,0.0027417736255424996
TATDN2P2,0.0027415502829779546
RBMY1KP,0.0027408422239248594
GAPDHP39,0.0027408373689150603
RP11-850F7.7,0.0027404679415869338
CDC42P1,0.0027404298141666074
ALG3P1,0.002740234170878869
LINC00235,0.002739585294177239
CTC-350I8.1,0.0027395219298358797
CTD-2308G16.1,0.0027393277497995638
RP11-638L3.1,0.0027392185499647524
NAT8L,0.002738887064242323
HSD3BP1,0.0027388384691168694
CTD-2081C10.1,0.0027385556392306677
PPP2R2B-IT1,0.0027384442762620857
YWHAQP7,0.002738116573436599
RP11-168O16.1,0.0027380924943174114
RP11-438D14.2,0.002737962486910399
RNU6-26P,0.0027378315866018756
RP13-228J13.1,0.0027374510130111986
RP11-264B17.2,0.002737333044900429
AC007204.2,0.0027369105906986497
IZUMO1,0.0027367099806728246
NTM-AS1,0.0027364009756307393
LINC00113,0.0027359102738084254
RP11-288L9.4,0.0027356922425200597
CTC-273B12.5,0.002735645530463482
AC007292.3,0.002735492666115821
RP11-635O16.1,0.002735252342555904
RP11-299D14.2,0.002734164506196627
RP11-813P10.2,0.002733632596279513
AC093673.5,0.002733524437556388
Y_RNA,0.0027331428933632
RNA5SP238,0.002732394574389885
RP1-209A6.1,0.002732363561121736
RP11-304F15.4,0.002732297013288116
STUM,0.0027317678218466606
CACNA1G-AS1,0.002731077826753198
SPDYC,0.002730757071040143
RPL7AP38,0.002730399894361945
HMGB1P6,0.0027296580508871073
AC015849.19,0.0027292002840744773
FEN1P1,0.0027280663839164125
RP1-240K6.3,0.0027280382335189116
RP11-229P13.27,0.002727798441972169
LINC01526,0.002727502477275141
FBXL14,0.0027270122902323776
RP11-195B17.1,0.0027268566177941736
AL121590.1,0.002726713265920292
RP11-434D2.9,0.0027263846904268486
FAM133B,0.0027260151579299443
RP11-1152H14.1,0.002725800061096523
RPL21P33,0.0027257749532151702
STYK1,0.002724832611698199
RP11-696F10.1,0.002724621907952553
PRH1,0.002724561828862351
SLC25A39P1,0.0027245149624374613
RP11-132A1.4,0.002724512175102456
SLC5A3,0.0027241438639676162
TCERG1L,0.002724007380686725
RP11-326I11.4,0.0027232281397780926
FAM229B,0.0027226496610778883
AP000356.2,0.002722591261235527
RP3-455H14.1,0.002722515574452817
GAPDHP35,0.002722435126768019
SLC20A2,0.0027224074658017622
SLC29A3,0.0027221002269601
RP5-858B6.3,0.0027217343278437235
MIR3183,0.002721198653430656
BANCR,0.0027210029776068992
RP5-1042K10.13,0.0027209069937663417
RP11-313I2.7,0.0027208536880968482
SLC25A30-AS1,0.0027208038436402535
AGAP6,0.0027205020764586043
MIR4659A,0.002720237174908859
SCARNA13,0.0027198042228224638
RN7SKP285,0.0027197354912801056
AC005076.5,0.0027196460091761135
CROCC2,0.002719402675870381
BAALC-AS1,0.002718827672959846
CYCSP52,0.002718462210418326
CTD-2283N19.1,0.0027184122757882255
TERF1P2,0.00271815081942807
RP11-108A14.1,0.00271809957719643
RP11-299G20.5,0.0027179278002144726
RP11-767C1.2,0.0027176818423803296
RN7SL825P,0.0027174343885578056
OR7E90P,0.0027168694458045996
SRSF12,0.002716666002918824
LINC00554,0.0027165748894764623
RP11-725G5.3,0.0027165419341592363
SLCO1B1,0.002716332474261955
LINC00534,0.002715817032941692
AL691477.1,0.0027155147217273142
UCKL1-AS1,0.002715409744977371
RP11-749H20.1,0.00271471596763942
CFL1P8,0.0027146537439692096
RP11-613E4.5,0.0027145671540651194
LINC01034,0.002714413484010238
TMEM200B,0.0027142935227063565
RP11-639B1.1,0.0027135438971790274
CTC-554D6.1,0.002712854772076194
MFSD5,0.00271252758891343
SNORD15A,0.002712258576005332
RP11-89N17.4,0.002711476551135907
ELOVL2-AS1,0.0027111244433792995
SNORA75,0.0027111188912420548
LA16c-395F10.1,0.0027110659435646304
GRHL2,0.0027109703748624545
RP11-20I23.3,0.002710831539335033
ATXN8OS,0.0027108109439654606
RNA5SP123,0.002710761530007216
RNU6-821P,0.0027105499434442763
AC093642.3,0.002710288226939702
RP11-432J3.4,0.002709804079344127
LINC00311,0.0027091765849702053
GPR87,0.0027089878911617047
AC006369.3,0.0027087261609234636
CHCHD2P7,0.002708601591930815
RP11-63A2.2,0.002708594783935335
AC016738.3,0.002708443242998657
MINOS1P2,0.002708269971446802
MIR3649,0.0027080822441708096
RP11-780M14.1,0.002708058149585756
DTX2P1-UPK3BP1-PMS2P11,0.002707954121916237
KPNB1,0.0027076284885845445
CTC-503J8.4,0.0027072633882997436
RP11-7F17.3,0.0027071458173958786
RP11-25I15.3,0.0027067902610886816
RP4-666F24.3,0.002706442657466081
APOA1,0.002706288844740199
RP11-114J13.1,0.0027061977471990856
FTH1P3,0.002705947216663883
STK40,0.0027057494191925573
Y_RNA,0.0027056898628849647
KCNH4,0.0027056356987474003
FAU,0.0027055120173698336
RP3-406A7.7,0.002705005848242019
RP11-111E14.1,0.0027040806636568736
TRAJ40,0.002703959784011648
MARCH5,0.0027035175696649705
RNA5SP78,0.0027033586035861523
RP11-557F20.2,0.0027029491944503222
RNU6-180P,0.002702505482797111
DNMT3L,0.0027021878823798003
MTND1P15,0.002701803691853434
RP11-447M12.3,0.00270177563291705
GNL3LP1,0.00270120348951407
BLID,0.0027009563385046956
RP5-1119A7.14,0.0027008294252224407
RP3-394A18.1,0.0027006559535767446
LY6E,0.0027003203957334768
FRG2MP,0.00270016884926042
RP11-395P13.7,0.0027001367292739664
TOMM70,0.0027001081856743835
RP11-876N24.4,0.0026998313551345205
PDCD2,0.0026997369080401954
OR7E91P,0.002699733319857838
CHIC2,0.002699529075892913
Metazoa_SRP,0.002699296299958057
RP11-331G2.6,0.0026986990123615703
FLJ33581,0.0026985468275578855
RP1-102G20.4,0.0026983351576107617
CCDC58P1,0.002697875460308236
HSPA1B,0.0026978666616016603
MIR548J,0.002697788602803352
AC007568.1,0.0026972190046673813
RP11-268P4.2,0.002697118959065665
RP11-848P1.5,0.0026971147969831887
RP11-390K5.1,0.0026965888063369046
NXPE1,0.002696558018104493
LINC01310,0.0026962491543945023
RP11-556G22.1,0.002695791688838906
SPRED2,0.002695382356306909
FUNDC2P3,0.002695371358904913
RP11-927P21.6,0.0026953458721288314
RP13-140E4.1,0.002695034677098717
OR2AJ1,0.002694601921988665
UBL7-AS1,0.0026945061368901764
RP11-126O22.1,0.002694159214860422
AC093159.1,0.0026941141032778247
CUX1,0.0026941060003559153
AP000697.6,0.002694090904023121
RP11-420C9.1,0.002693923034332231
LINC01087,0.0026938297959409416
MRPS18C,0.0026936474739992404
RP11-326A13.2,0.0026936045169700406
SLC35G2,0.002693116083596755
RP11-424E7.6,0.002693041391322111
RP11-520D19.2,0.002693038800014002
AC092675.3,0.0026925844793444106
RP11-501O2.5,0.002692437515300887
AC009945.4,0.002692416754667336
RP6-127F18.2,0.0026923527146966325
ARHGAP11B,0.0026923236620204987
RP11-246A10.1,0.0026921326099410134
AC073842.19,0.0026920387757462436
RP11-611O2.1,0.0026915191152169396
IFNA17,0.002691493096344177
RP11-697E2.6,0.002691455140130685
RP11-496H1.2,0.002691299130184427
HNRNPKP1,0.0026912520501846575
IL17REL,0.0026903830544605938
CTD-2554C21.2,0.0026900477859038655
SNORD113,0.0026896018728845674
RP11-598F7.5,0.0026893318528972356
RP11-442N1.1,0.0026892108372626234
MIR193BHG,0.0026891875121153475
SNORD41,0.0026891690472771548
TMEM198,0.0026889939043495165
CTB-120L21.1,0.0026889089123638024
ZC3H12A,0.0026889052243477046
HERC2P9,0.0026881907365438338
LRRC57,0.0026881163256509567
RP11-3P17.5,0.002687655363565876
RP4-735C1.6,0.0026876026603431884
CLDN34,0.0026875673633191466
RP11-1000B6.2,0.0026874892605280015
RNU6-1143P,0.0026868387861308123
RNA5SP464,0.0026866805492701627
IGHV1OR15-3,0.002686230846722795
MMP28,0.0026858564560166163
WFDC12,0.0026855673148426743
RP3-322G13.7,0.0026855321715820685
LINC01314,0.0026854778797673895
RP11-461F11.2,0.0026841436982535318
HOXB8,0.0026833233611288127
Y_RNA,0.0026830571871472864
RP1-144F13.3,0.002683000221962728
CPT2,0.002682935740466283
MIR8057,0.0026828417925631705
LMTK2,0.0026828316626100438
RN7SKP275,0.002682728839430891
HNRNPCP6,0.002681721679307056
RNU2-58P,0.0026815978319162446
RP11-864N7.2,0.0026813997271975505
RP4-560B9.4,0.002681398441834706
CTD-2161E19.1,0.002681369018333765
C22orf39,0.002680439241632005
MIR659,0.0026803909738649483
AC092198.1,0.0026803148907220053
MTATP8P1,0.0026802157363274544
GRAMD4P8,0.002680125596936534
FLJ37035,0.002680008872639417
USP18,0.0026796653092623296
RP11-84A19.2,0.0026795620681694765
CTD-2195M15.3,0.0026794939532620676
CTD-2288F12.1,0.002679435888048427
ARMC12,0.0026794110573360743
USP27X-AS1,0.002679180594340001
CFAP54,0.0026791190654784137
G6PC2,0.0026789043105830837
CATSPER1,0.002678887737889629
FBXO45,0.0026788185404371554
RP11-395B7.4,0.0026787830353642095
RP4-791C19.1,0.0026785970676714865
PRSS29P,0.0026785809899290375
VWA8-AS1,0.0026785133048452788
FEV,0.0026783576329392255
RP4-549F15.1,0.002678135339811333
Y_RNA,0.00267739394787396
YEATS4,0.0026770217445932273
PCBP2P1,0.002677007891314556
RP11-180M15.6,0.0026769286216868065
RP11-1026M7.3,0.0026767773454649804
PRDX3P2,0.0026766725043031485
RPL17,0.0026762143738403386
MIR4727,0.0026750356484559106
AC103563.2,0.00267479975974906
HRASLS,0.002674460610892297
TGDS,0.0026743321189644453
LINC01515,0.0026741239844090842
VN1R81P,0.002673684780579104
AP000350.7,0.0026734386925339627
CSAG3,0.002673421062397756
MIR3920,0.002673196651815504
NRSN2-AS1,0.0026731773770689144
ANXA10,0.002673150917966151
RP11-513G11.2,0.0026731064593057277
DEFB134,0.0026730593993969246
LINC01374,0.0026729972956096586
AC007881.4,0.0026725244247552617
DNAH10OS,0.002672523091096423
AP4M1,0.0026721866211328075
IGHV1-68,0.00267210026703613
CTD-3224K15.3,0.0026717002584681977
RP11-219A15.4,0.0026712433998460202
IGKV1D-17,0.0026708712299483525
RPL7P38,0.002669673598681488
ZNF271P,0.0026694068443739935
RP11-511B23.3,0.0026690265070654943
RP11-438F14.3,0.002668886470771481
LINC01324,0.0026687692114306595
RNA5SP97,0.002668626534032581
LINC01335,0.0026683723421428358
MIR3938,0.00266789525084304
RPL12P8,0.0026677331821415933
RN7SL719P,0.002667582275357796
RP11-267D19.1,0.0026675668999777903
MIR1252,0.0026674322205030208
NOM1,0.0026663347144510775
SNRPGP5,0.0026662880409547966
DLSTP1,0.0026662737857740247
RPL37P23,0.002666228575846125
OR7E37P,0.0026661378529039222
RP5-1173A5.1,0.0026651500854967835
RNU6-247P,0.0026650522892423833
NEK4P2,0.002665044792643176
AC116366.5,0.002664981251599601
Y_RNA,0.0026648044547256345
RP11-252K23.2,0.0026646456538852864
Y_RNA,0.0026646030636083154
RN7SL762P,0.0026643029964496176
CTD-3037G24.4,0.0026636782752171395
PNMA3,0.002663555319555536
RP11-66C24.1,0.002663512964137404
RP11-196G18.3,0.002663422963865725
RP6-91H8.2,0.0026632586956495067
KB-1683C8.1,0.0026629181631767935
RP11-12M9.3,0.0026625966914103722
MIR4714,0.0026621281226739527
PGAM1,0.0026618078520759757
RN7SL231P,0.002661485806286723
AC092610.12,0.002661209741819434
LINC00412,0.0026611777756971257
TMEM30CP,0.002660943555048784
RP11-567M21.3,0.002660767330659448
SNORA36A,0.0026606876039704055
Y_RNA,0.002660384949764888
KRT8P39,0.0026602824263415557
RP11-13P5.1,0.002660231941141221
RP11-102G14.1,0.002660199002126907
IGKV1OR2-3,0.0026598548427496315
Metazoa_SRP,0.0026598175869720292
RP11-763B22.4,0.0026597759899744965
RP11-87G24.2,0.0026595801452794603
RN7SKP140,0.00265954658828283
RP6-1O2.1,0.002659439090592351
FTLP13,0.0026592939041753584
FABP5P11,0.0026591847381790394
RP11-553D4.2,0.00265889182674296
QRICH1,0.0026588234115375257
RP11-605F22.1,0.002658520850553802
RNU6-1153P,0.002658362787150092
AC009014.3,0.0026583382002475283
AC012358.7,0.0026582666717096344
CTD-2035E11.4,0.002658255251872564
RP11-549L6.3,0.0026581276033877496
ELK2BP,0.0026580587160501745
RP11-69M1.6,0.002658023747458181
RP11-122L9.1,0.002658001393474389
RPL17P17,0.0026578274273513884
LINC00645,0.0026577597152169907
RP11-497K15.1,0.002657636745353628
RP11-707M1.7,0.002657342641482091
RPS15P5,0.0026567277224585277
SCARNA17,0.0026564352647679835
CTD-2528L19.4,0.0026558358660213723
RP11-495K9.7,0.002654966886932607
RP11-80H5.7,0.002654738976269161
OR7E126P,0.0026545794942841668
DSTNP5,0.0026544537914694206
CTB-31N19.2,0.00265444856844426
GRID1-AS1,0.0026543457000799578
RP11-214N16.2,0.002653707519226977
RP11-215P8.4,0.002653515552121051
U3,0.002653415317387969
GSTA8P,0.0026533927524853454
LINC01516,0.0026530041373480583
CTD-2009A10.1,0.0026529790473953417
RAB6B,0.0026528422823651043
IDI1,0.0026524172589437174
RP11-453N3.7,0.0026515569997255114
RP5-828K20.1,0.0026512123753068685
PPT2-EGFL8,0.002651133886005456
RP11-456O19.2,0.0026511010704995297
RP11-154J22.1,0.00265108154494396
WI2-1896O14.1,0.002650987287522675
AP000477.2,0.0026506208659842056
RP11-431K24.2,0.0026502856558586526
AC010547.9,0.0026501854058865078
RP11-473P24.2,0.0026501674709065674
RP11-838N2.3,0.0026497947779137755
RP5-1181K21.4,0.0026496199159913485
RAB28P1,0.0026495168446059015
TRIM43B,0.0026492244666202138
ZNF630-AS1,0.002648901567918523
INTS5,0.0026488072461050955
EMG1,0.0026486177451929657
RP11-307C19.1,0.0026484704739323317
OR6M1,0.002648404134858556
GSTM3P2,0.0026483932719207504
RP1-12G14.9,0.00264825593833783
KCTD8,0.0026478984373657613
MIR1226,0.002647740012313901
RP5-1106H14.1,0.002647629220136876
RP3-366N23.4,0.002647594046948508
RP11-520B13.8,0.0026475928820107776
RP11-344L21.1,0.002647550315651141
PITRM1-AS1,0.0026473925515395854
RP11-45A16.4,0.002647374795714581
HCG23,0.002647298495845176
RP11-453E17.3,0.002647281132047308
SMCO4,0.002647052633941659
EEF1DP6,0.002647031817460149
MIR892A,0.00264690113458431
CTC-458I2.2,0.0026463807930961363
RP11-631M6.2,0.002646332991552245
RP11-385H1.1,0.002646134619431425
XPA,0.002645747786561344
CACNA1C-AS2,0.002645636194128832
RN7SL390P,0.00264555905018607
NPAP1P4,0.002645512900237246
MSS51,0.002645303051520993
RNU6-466P,0.0026453016784823476
RP3-510D11.2,0.0026452990601971735
COX10,0.0026452769392909534
HMGN1P38,0.002643930528370752
TUBBP8,0.002643618634515131
RP11-473O4.5,0.002643586149147108
CYSTM1,0.0026435004380054063
RP11-527L4.2,0.002643471661458355
AC021016.7,0.0026432086493290144
AP001347.6,0.002643069695167772
C18orf65,0.002641130373795846
MRPL49,0.0026410904629435
RP11-568J23.4,0.0026410140399505846
ZSWIM8,0.0026406580194388374
NUFIP1P,0.002640239294798941
TRAJ21,0.002640219006045383
CCDC58P3,0.002640109449631922
U82695.9,0.002639869460274321
CTD-2251F13.1,0.002639836756451726
FEM1A,0.002639362407551111
CTD-3028N15.3,0.0026389598313437956
TRIM26BP,0.0026388879117970753
RP11-1085N6.3,0.002638664746167953
RP5-1033E15.3,0.0026378673099116436
Y_RNA,0.002637760047726024
GS1-257G1.1,0.002636782942222637
CTD-3220F14.1,0.002636738032737805
RP11-225B17.2,0.002636559432203469
RP11-434H6.6,0.002636456585207191
H3F3BP2,0.0026362407577987944
uc_338,0.002634761753052764
MIR571,0.002634181351666452
LINC00927,0.002634073945402476
RP11-157L3.9,0.0026339151204506956
VNN1,0.0026338551546490827
LINC00346,0.0026337035789165465
RP11-168P13.1,0.0026336918311402027
CBLN2,0.002633400727385524
PHBP4,0.0026330694965201796
FBXO46,0.002633049718034116
RP1-224A6.3,0.002632802769195847
NTN3,0.0026326749869953806
C17orf49,0.0026326053752269724
Y_RNA,0.002632317175086661
TCTE3,0.0026322598029447706
AC007016.3,0.0026322379022589793
SPIN2B,0.0026315832277892678
CSPG4P11,0.002631516000224906
LINC00941,0.0026314989810659484
RP11-33I11.2,0.002631301852996221
MSI1,0.002631121442949631
THRB-AS1,0.002631080978663109
LIMD1,0.00263090355223763
RP11-82H13.2,0.00263085792468785
UBE2D3P1,0.002630786083437783
GRM7-AS3,0.0026307077053554194
POM121C,0.0026306475887228425
AC138430.4,0.0026305196407729135
RP11-483P21.2,0.0026304970545823047
RP11-202I11.2,0.002629902508672048
MOAP1,0.0026296163976159445
RPL21P9,0.0026295826334402127
LINC01618,0.002629475724916528
RP11-463J10.4,0.0026293673086026322
RP11-14I17.3,0.0026292784092541324
IFNA22P,0.002629112302291611
GPX6,0.0026284553192991254
SSR4P1,0.00262817169590317
RP11-72M17.1,0.0026281229742290803
ZNF429,0.002628106486503203
RN7SKP255,0.002627887172705891
NSDHL,0.0026278388035780057
RP11-727A23.7,0.0026277934320792493
TAS2R6P,0.002627441099640296
NOX5,0.002626522242989549
RP11-467L24.1,0.0026264833310486804
RP5-881P19.7,0.0026263901552392656
RP11-81A22.5,0.0026259137844704744
CSN3,0.0026255505191906652
AC006160.5,0.002625475424539803
TMEM132B,0.00262546705620261
CFAP44,0.0026252398224062947
CBSL,0.0026251173395059895
RP11-620J15.2,0.0026250681889771308
RP11-2L8.1,0.0026248323593792296
LINC01486,0.0026243837288484674
RNASEH1-AS1,0.002624098292750054
IGKV3OR2-268,0.002623992030718362
RP5-1051H14.2,0.0026236265882590227
RP11-247I13.11,0.00262358725501453
RP11-57A19.2,0.0026230290493749176
AC007078.4,0.0026229945525418634
RP11-82K18.2,0.002622758737051745
RP1-251M9.2,0.0026225710390461675
RP11-329N15.3,0.002622509177089103
RP11-488L18.8,0.0026211650594827243
RP11-624M8.1,0.002621095644697958
MYOG,0.0026209609282872304
FAM24B,0.00262086307283424
ENPP7P6,0.0026204563441916424
RP4-673D20.5,0.0026203546411671425
RPS27AP2,0.0026203441324228064
NRAS,0.0026200232130820997
Y_RNA,0.0026197259560305614
NLRP3P1,0.002619632842538134
RP11-324L17.1,0.0026195047364763768
RP11-839G9.1,0.0026193479885900164
RNU1-133P,0.0026193294259028023
ZNF526,0.002619201978126508
UPK3BP1,0.0026189394085583
IGKV2OR22-3,0.0026186321458163578
ALDH16A1,0.0026185086501809905
AC093642.1,0.002617902279927929
LINC00909,0.0026176081701163537
RAB6C,0.002616964490092241
RP11-400N9.1,0.0026169563164983273
RPL21P8,0.0026164398656944414
DCAF16,0.00261622907367671
RPSAP61,0.0026157842507128467
OR2V2,0.002614939898542888
IGLVI-70,0.002614780646035435
ARL14,0.0026143221013205063
RP11-24I21.1,0.0026142707056544634
SOX21-AS1,0.0026140281791497025
RP11-65D17.1,0.0026133378353852973
IGHV3-37,0.002613224539004455
AC006019.4,0.0026128403637080007
RNA5SP460,0.002612751774804728
RP11-344P13.3,0.002612740645993951
RP11-548K12.8,0.00261258984804268
AC007563.4,0.0026124842275140185
RP11-62G11.2,0.0026124210289137063
RP11-44F14.6,0.0026124047067109745
NUDT19P3,0.0026120811838709892
SLITRK6,0.002611899282091607
RP11-144C9.1,0.0026116812089748784
EIF4BP3,0.0026116163329296693
AGBL1,0.0026114797541987454
LINC00443,0.0026112236523189074
RPL7AP8,0.002611205390850481
RNU4-29P,0.0026111698552893758
RN7SKP83,0.002611071947741709
PSMD8P1,0.0026109106539919293
RNU2-17P,0.002610753684820611
SOX2OT_exon4,0.0026102130449444606
RP11-803B1.8,0.0026101212679481125
ZNF474,0.002610068620193452
CTD-2349B8.1,0.0026099595672449604
CTA-339C12.1,0.002609443825744505
RPL5P28,0.002608858845614184
RP11-151H2.1,0.002608474003921138
RP11-550I24.2,0.0026082258022351824
RP13-895J2.11,0.0026074052956174426
APOPT1,0.0026068492898976606
RP11-1147P1.1,0.002606446351542321
RNU6-501P,0.002606212852748856
RP11-346C16.2,0.0026060897662911592
SYPL2,0.0026060473260580276
RP11-421L21.2,0.0026060293144318076
FAM199X,0.002605783592269598
PHOX2A,0.002605288287691754
ZNF799,0.0026051342720851867
SLC25A21,0.0026045554835537137
CXCL1,0.002604391993906774
MIR4462,0.002603939254842705
RP5-1116H23.6,0.002603663447274527
RP11-9L18.2,0.002603540623461102
RP11-619A14.2,0.0026034784027839843
RP11-428G5.1,0.0026033761282752053
RP11-43P8.2,0.0026031403472261605
GMDS-AS1,0.002603095485000857
SAP30,0.0026030432387732943
LNP1,0.0026029029328941623
RP11-15I11.2,0.0026028661593370888
ATP13A5-AS1,0.0026027619333267747
FAM71E1,0.0026023182436618964
RP11-458I7.1,0.0026022441559084165
RPL19P21,0.002602210153309739
RP11-1070A24.2,0.002602138754676402
RP11-325L12.3,0.0026018554176610448
LINC00694,0.002601721354849528
RP11-138E16.1,0.00260166417991629
RP11-849F2.7,0.0026014419830295682
RP11-379P1.4,0.002601039056860115
LINC01315,0.002601034435597999
CYP51A1P1,0.0026002653105887128
CASC17,0.0026001968046808683
RPSAP22,0.002600182878567436
FAM27E5,0.002599676631161809
MIR190A,0.002599624799400229
SCARNA20,0.0025991650050882944
RPSAP18,0.0025990788124584455
RP11-102N12.3,0.0025987103703900057
VTRNA2-1,0.0025985948837450082
ARMCX3-AS1,0.0025984145435944002
GPS2P2,0.0025984000033678375
ASS1P10,0.002598395984765841
CTD-2290P7.1,0.002598241715861523
ZNF442,0.002597907491529058
PTPRD-AS2,0.0025978913891322535
RP11-81A1.4,0.002597715017205405
NEUROG3,0.0025974218981732037
RP11-364B14.3,0.0025971800659247797
RP5-1011O1.3,0.0025971322309016063
RP11-349F21.3,0.002596973923792737
POP4,0.0025969123598453027
U1,0.0025962492676983055
PABPC1L2B-AS1,0.0025960715134212614
RP11-259G18.2,0.0025960322530364146
RP5-862P8.2,0.0025957261008186052
RP11-19E18.2,0.0025951565689782755
RP1-43E13.2,0.002594628512193878
Y_RNA,0.002594538714486588
ANKMY2,0.002594462534646203
DPPA5P1,0.0025935028569319357
RP11-289I10.2,0.002592812120010762
MCM3AP,0.0025925981422413725
NEIL3,0.0025924792138343478
BECN1P2,0.0025923557892210537
MIR602,0.002592354170099277
RP11-552J9.9,0.0025916006921978
RP11-885B4.1,0.0025911631888924868
Y_RNA,0.002591042477913883
MIR4639,0.002590994804706548
AC009227.2,0.002590913490263165
TPT1P10,0.0025907215759148057
RP11-256L6.2,0.0025906330258473483
TCEB3B,0.0025905196545294913
RNF222,0.002590475642153082
Y_RNA,0.002590292867206853
RPL7AP72,0.0025900516068407442
CTC-218H9.1,0.0025898232440656477
ANKK1,0.0025895283286709652
OR1Q1,0.0025893223239360267
RPS3P7,0.002589306036281901
CYP1D1P,0.002589267078982028
RP11-77K12.7,0.0025890901021150365
HES1,0.0025889407594859365
GAPDHP20,0.0025889049473443253
AC005753.1,0.002588885951260873
AC096574.5,0.0025884661838591625
ZNRF2P2,0.0025884628687008453
MT-ND4L,0.00258826277317518
RP11-138P22.1,0.0025877246852509246
RP11-219B4.7,0.0025873299672002723
SERBP1P5,0.0025865770707588515
RP11-490G2.2,0.002586238535346117
RP11-266L9.5,0.0025861868501064183
RP11-148M9.1,0.0025858916128630293
RP13-20L14.6,0.0025857388604194663
CTC-297N7.10,0.002585682524902953
RP11-1174L13.2,0.0025856174327696714
GJB3,0.0025855312525867855
AC092066.1,0.0025854297211080272
SNCB,0.0025844745499996077
ECD,0.0025843846262563895
RP11-45P15.2,0.002584216372801964
CTD-2371O3.2,0.0025840124574448343
CTA-414D7.1,0.0025836957899150153
NXPH3,0.0025836364992495725
RP11-661D19.3,0.002583613519961571
RN7SL664P,0.0025834123905704607
RP11-114L10.2,0.0025833143770637858
CTC-232P5.4,0.002583093760325504
RP11-665G4.1,0.0025830908283380936
MEAF6P1,0.002583048267958465
WDR46,0.00258286813649424
SLC2A3P4,0.002582690093487028
RP11-794M8.2,0.0025821941581031065
PGPEP1L,0.0025821727639352547
RNA5SP199,0.0025819949091238623
RP11-17M15.2,0.0025816519579625738
RP11-631F7.1,0.0025815433252221257
CTD-2240J17.2,0.0025812627692046283
GNAZ,0.0025808577472069168
IGHV1-58,0.0025804717757823515
CNTN4-AS2,0.0025803732627411656
RP11-735A19.3,0.002580249136909158
SLC25A15P3,0.002580100867195841
RP11-21B23.3,0.0025799323085673315
AGBL1-AS1,0.0025793436619748287
S100A2,0.0025792295245164357
RP11-460I13.6,0.0025791819145804017
BTF3P11,0.0025789612033251647
MTND1P23,0.0025788924166764535
RP11-524F11.1,0.0025784639564852066
RP4-591C20.9,0.002578421830266157
ACTN4P2,0.0025782588402664037
snoU13,0.002578021733541046
RNU6-910P,0.002578013827417522
HDC,0.002577918115524373
LIPC,0.00257733582670271
TINCR,0.0025772492096134115
SIRT4,0.0025771073222070943
HNRNPA1P58,0.0025769833307667843
RP11-396F22.1,0.0025768235850348676
RPS16P5,0.002576691209857083
AC090804.1,0.0025763903614067648
RN7SL416P,0.0025758285919724186
PABPC1L2B-AS1,0.0025752138582760425
NUP50-AS1,0.0025749876586737496
RP11-470C13.4,0.002574667209147282
CTD-2318O12.1,0.002574030834657565
RP3-446N13.5,0.002573769752309891
RP11-90K6.1,0.0025733711234036697
AC004485.3,0.0025728323924061047
TDGF1P5,0.0025715384472459876
RP11-804M7.1,0.002571178243030861
AL137164.1,0.0025711410897920387
RPL5P29,0.0025711032993455916
LAMA5-AS1,0.0025708496246331365
NCBP2-AS2,0.0025707096627766222
RP11-319G9.3,0.0025706203047966237
RP11-310N16.1,0.002570588968413963
MIR550A2,0.0025705131328539956
CICP3,0.0025700275043664175
AC005609.2,0.0025697984865489213
RP11-615J4.3,0.0025697609727510194
TCEAL4P1,0.002569527438575245
C8orf17,0.002569503828315992
AP000254.8,0.002569448608013352
METTL7AP1,0.0025693350529069903
Y_RNA,0.002568868339976648
ZCCHC18,0.002568626772134471
COLGALT2,0.002568022137255527
RP11-438D14.3,0.0025677917711408016
FAM96AP2,0.0025676956071070053
AC011294.3,0.0025670308613644226
RP11-986G18.2,0.002566946044658739
AC005009.2,0.0025662670326163355
MAGEE1,0.00256625458620225
RP11-279O9.4,0.0025660495617681497
LINC01117,0.002565641129404049
RP5-998G20.1,0.0025654558760081136
LGMNP1,0.0025654193692067778
SAMSN1-AS1,0.0025650105940431857
EPPK1,0.002564924267536973
MAP2K1,0.0025649014905230376
Y_RNA,0.0025643915573222336
TAS2R20,0.0025642114401804262
APOC1P1,0.0025640437248426345
RP11-690D19.1,0.0025638631362318023
RAB4B-EGLN2,0.002563858024456336
RP11-611L7.2,0.00256373572983712
AC005154.8,0.002563528294870582
LINC00824,0.0025635257916730918
LL22NC03-2H8.5,0.0025633044261345983
PCDHGB5,0.002563115723031972
RP11-91J19.3,0.0025630677138167033
ISCA2P1,0.002562979282488587
CTA-217C2.2,0.002562828070628755
RP11-75C10.7,0.002562822905834603
HIST1H2AH,0.002562803510115385
ZNF536,0.0025626090492591805
RP4-775C13.1,0.0025623726560640896
FGF20,0.0025619054661818715
ACTN4P1,0.002561671787151841
PRR32,0.0025615541102844345
CTD-2200A16.1,0.002561210293713593
LINC00632,0.002561193161342641
RPS4XP7,0.0025609982234122853
NXPH4,0.0025607208381248562
PGBD5,0.002560692673393122
RP11-420A6.2,0.0025604151899073714
MAGI1-AS1,0.0025603462051039436
RPS2P4,0.0025602792080201653
CLC,0.002559316656135085
IQCB2P,0.002559097838798422
MIR1305,0.0025588011572656795
AC006115.6,0.0025583271749622712
RP11-728F11.3,0.0025577789012701585
RP11-440L14.3,0.002557048420166365
SNORD113,0.002556865147071952
ALG1L3P,0.002556804581347508
RP3-509L4.3,0.002556735675172489
RP11-154H12.2,0.0025566794186659336
FAHD2CP,0.002556664789387178
POU5F1P6,0.0025566000798326765
STEAP2-AS1,0.0025564095627877426
CTD-2047H16.5,0.0025562517213559397
RPL23AP7,0.0025558719289427495
Y_RNA,0.002555614499430067
CDC42EP3P1,0.0025555707528165357
RP11-343J18.1,0.0025549921539789913
LINC00323,0.002554967810397177
ZNF157,0.00255483060989838
IL10RB-AS1,0.002554807014543437
CDPF1,0.0025547468963993975
CKLF-CMTM1,0.002554670902984716
GABRA6,0.0025545739473498822
RNU6-696P,0.002554382701859399
CTD-2017F17.1,0.0025541995325826226
RP11-484N16.1,0.002553766131373817
Y_RNA,0.002553738867972278
CTC-529L17.2,0.002553252236084116
MIR5581,0.002552728386424597
MIR548V,0.0025522434119424724
ADAMTSL2,0.00255221792029061
RNU6-341P,0.0025520108514995696
RP11-68L18.2,0.0025514189314325233
RP11-403E24.1,0.0025513145321476452
RP11-884K10.6,0.002551247187423295
TBCAP2,0.0025511418888495767
RP11-255M2.1,0.0025511051107943478
CTD-2049O17.1,0.00255106331645146
AC009518.4,0.002550996941780472
STK24P1,0.0025508419795189736
CTD-2587H19.3,0.0025505516212901186
MT-CYB,0.0025504959790819577
RP11-458K10.1,0.0025503735433299846
RPL9P31,0.0025502445769392712
GCNT1P1,0.002549754254670186
KRT71,0.002549722995248698
RP11-269F19.2,0.0025493856480735635
RP11-429P3.8,0.002549281824992493
CTA-440B3.1,0.002549097649964031
ACAT2,0.002548904263687212
ERVV-2,0.0025487939834722534
AC231657.1,0.002548551568497816
IL17C,0.0025483026638349004
RP11-452C8.1,0.0025482109202473006
PLCL2-AS1,0.0025479588078435103
RP3-509I19.6,0.002547943317084767
RP5-998N21.7,0.0025476225096498478
SLC25A38,0.0025475708312648095
AC010504.2,0.0025475676500035793
RP11-21I4.2,0.0025473586328929976
RP11-556O9.2,0.002547351737519851
RP11-417O18.1,0.002546791014234303
RP1-234P15.4,0.002546426234251637
Metazoa_SRP,0.002546393208320949
RP11-146I2.1,0.0025459292974712956
RP11-413B19.2,0.0025458802131394925
RP11-856M7.1,0.002545466541317363
MTND4P13,0.0025454372792667935
MTCO2P11,0.0025453717574585523
ZFX-AS1,0.002545300358298038
CTB-33O18.2,0.0025452446797032085
RPL15P3,0.0025452343230012767
RN7SL481P,0.0025451174542097336
PIGFP1,0.002544893003011896
XDH,0.002544497552125979
CTD-2616J11.3,0.002544429634900329
Y_RNA,0.0025442728586052336
CNN3P1,0.00254414528141958
RP11-149B9.2,0.002543912764203343
REG1B,0.002543905970567938
ZNF408,0.00254390142399343
RP11-10K16.1,0.0025434984460976505
CHTF8P1,0.0025431846906295236
RP11-474G23.1,0.0025431767496867826
FDPSP4,0.0025429624178093403
SNORA31,0.0025429051406148187
RPL7P13,0.0025424598244627645
LINC00327,0.002542416602950887
ARRDC2,0.0025423064855246776
RP11-187E13.3,0.002542285920498748
RP1-249F5.3,0.0025420724044520056
FKBP4P1,0.00254203314750206
MFSD4B,0.0025419565639861297
RP11-329N22.1,0.0025419248783112537
AC009948.7,0.002541539373891752
RP11-804A23.2,0.0025413626280022645
FTH1P15,0.0025412783500981364
LINC01356,0.0025412629729769606
RP11-1137G4.3,0.0025405484541945887
SLC7A14,0.002540523315102785
RNU6-886P,0.0025404960681659774
TACR3,0.002540243372567258
RP11-404I7.1,0.0025401731561255554
RP11-834C11.6,0.0025401703636612977
NDUFS5,0.002540133322054566
TMEM261P1,0.0025399744083327543
RPS6P16,0.002539966516447246
KIF18BP1,0.002539753395772917
RPEP6,0.0025394478645178985
RNF214,0.002539127025364153
LL22NC03-2H8.4,0.0025389611552714417
OR2A12,0.002538713227967432
ACTR1B,0.002538634036411718
LAMTOR5-AS1,0.002538203061701099
RP11-122M14.1,0.002538186597632169
PSMC1P5,0.002538179598070282
SNORD114-21,0.0025378805270297373
HSP90AB6P,0.0025375395567288055
AC006539.6,0.002537312431917929
MTND3P5,0.002536841857850876
TBCC,0.00253670932167731
PNMAL2,0.0025366315346509773
TRIM27,0.00253645009732869
RP11-574F11.3,0.002536309859826421
AC092484.1,0.0025362265628265826
RP3-426I6.2,0.002536226412397516
TCEB2P1,0.0025359912976020724
HOXC4,0.0025357467137673536
RP4-545L17.12,0.002534861800666185
HOXC-AS1,0.0025343829984848768
XXbac-BPGBPG34I8.1,0.0025343796035909825
RPSAP70,0.002534327973843988
RP11-90L20.2,0.0025340092962246596
RPS4XP9,0.0025339521417574984
RP11-640N20.6,0.0025333072330925655
HMGB1P21,0.002533233336468675
TCTEX1D1,0.002533041064630115
RP11-318K12.1,0.0025323255861359646
RPSAP63,0.0025322911818500427
RPSAP23,0.002532193316365861
RP11-111A24.1,0.0025321830693256497
RP11-355K23B.1,0.002532159911685309
GJA9,0.0025321348614715323
RP3-417G15.1,0.002531891210450737
WWP1P1,0.0025318022721927593
Y_RNA,0.0025317131311052353
RP11-21L19.1,0.0025309180052281873
RWDD2B,0.002530699887996935
TRAPPC13P1,0.00252998306377428
BTF3P8,0.0025293248893960077
BTF3P13,0.0025289679443498184
APPBP2,0.0025286768931490457
RP11-21C17.1,0.0025273977482606833
RP1-102K2.9,0.002527174430186657
GAS2L3,0.0025270177919770893
PSMC1P4,0.0025268977065432143
RNU6-308P,0.002526751834892162
MAST3,0.0025267296403746076
RP11-296I10.5,0.0025263108980447518
AC006373.1,0.0025260854877503743
RP11-240D10.4,0.002526078138697865
CTD-2248H3.1,0.002525996630273356
RP11-576N17.5,0.0025252749976394638
RP11-613D13.4,0.002524704424571494
RP11-534L20.4,0.002524578075204727
RP11-384C4.7,0.00252432793393447
PRR13P5,0.0025239079271962886
MTND2P24,0.002523664325501014
RP11-410D17.2,0.002523173169170576
FMR1-IT1,0.0025231518069310523
RP1-116K23.1,0.0025231155018393594
NOP56P1,0.0025220501173426465
RP4-651E10.4,0.002521622182469952
PROKR1,0.0025213314686909198
KRTAP9-12P,0.002520930521877009
AC013472.4,0.0025209058611958416
IGHD3-16,0.0025207707847790454
PI15,0.002520715513832811
ZNF716,0.002520444650657806
F8A3,0.0025203308035007285
RP11-265O12.1,0.0025201779046856855
MIR3117,0.0025198925926533155
KRTAP21-1,0.0025194638883867366
RIMKLBP1,0.0025194082442716887
ASF1B,0.0025190761858811107
NHLH2,0.002518932781706965
RP11-364L4.3,0.0025188639972011945
PRR13P7,0.0025188587983560585
RP11-157E16.1,0.002518827930612886
RPS26P8,0.0025185665084430887
RP11-944C7.1,0.0025184714740961313
RN7SL608P,0.002518308522960591
C1orf147,0.0025180540839840346
RP11-320P7.2,0.0025178345860051438
RP11-688I9.2,0.0025178191844386507
PDZK1P1,0.0025177830951790573
AC114776.1,0.002517612359091556
RPS7P4,0.0025173052713086948
RP11-430H10.4,0.002517171023409549
MED13,0.002517156486307497
LINC00544,0.0025166530104049553
RP11-411G7.2,0.0025165041523706497
RP11-659F24.1,0.0025162195461353957
SSRP1,0.0025158680642651
CTA-797E19.1,0.002515712409024565
PAIP2B,0.002515678221005848
UBE2V2P3,0.002515387905321498
CTB-167G5.7,0.0025153494754562885
RP11-407N8.4,0.0025148766765755184
AGAP12P,0.0025147127332236572
RNU6-921P,0.00251454777175019
ERVFRD-1,0.0025144820439580366
AC010733.5,0.002514360218681534
PGBD1,0.0025141353608451014
RPS27AP13,0.0025141115096960266
RNU2-38P,0.0025140215510469047
RP11-347C18.5,0.0025134218844536315
CRNN,0.0025134031337735625
RP11-21K12.2,0.002513195827149692
RP11-150D20.5,0.002512377633282329
HNRNPA1P62,0.0025123510858287507
RN7SL152P,0.002511815358707876
bP-2171C21.5,0.0025115527163656805
RP11-583F2.7,0.0025112152569012115
WFDC10A,0.0025109050609659145
RP11-331D5.2,0.0025107874658575322
RP11-533K9.3,0.0025106994445253834
RP11-20I6.1,0.0025105862742726215
ENOX1-AS1,0.0025103938549173254
CHIAP3,0.002509978145936221
IGLV2-5,0.0025099423457695825
AC009518.2,0.0025097007139134476
NPM1P47,0.0025096985106202534
RNU4-21P,0.002509541368830458
RSL24D1P3,0.0025093246690039025
TRIP4,0.0025086866441589263
RP11-267N12.2,0.002508659369464719
AC005013.5,0.002508604541409635
Metazoa_SRP,0.002508352820187858
FBXO36P1,0.0025080306948603373
KB-208E9.1,0.0025079032111535106
AC104534.3,0.0025077277966649
TMEM41A,0.002507662209954282
DYNLT3,0.002507626713120312
ACP2,0.002507169688370906
SLC30A10,0.0025071132318194985
Y_RNA,0.0025067895165116613
SLC32A1,0.0025065537997546327
SSTR1,0.002506513735271535
LINC00960,0.002506415391017698
LINC01440,0.002506309235393258
BCAR4,0.0025062431772095396
PPP1R14C,0.002506227343905363
RP11-483C6.1,0.002506175145558362
RNU6-1331P,0.002505986815226076
LTC4S,0.002505790200865491
AC091814.3,0.0025057229518749965
RP11-649A16.1,0.0025055578818916797
OR8G5,0.0025055281196849654
RP11-313I2.3,0.0025049890615652017
RP3-337H4.6,0.002504909515426579
IL20,0.002504544576617993
POM121B,0.0025044855471152805
PARP4P2,0.0025041264458064588
RP11-293D9.2,0.0025038057050993075
DUSP8,0.002503801564202727
MIR324,0.0025036018767814854
RP11-1080G15.2,0.0025033512316882532
BMP7-AS1,0.0025031543932312753
TMEM56,0.002503089106324316
CH507-145C22.1,0.0025027316560472124
RP1-276E15.1,0.002502629462947733
ANKRD10-IT1,0.0025025913856811526
FAM151B,0.002502513467098325
AC016747.3,0.0025024980615616713
SNORD114-31,0.0025021161268952443
RNA5SP221,0.0025011857454586756
RP1-130G2.1,0.002500993447224888
TTC25,0.0025009459338183387
AC103563.5,0.0025008573014675462
COX6A1P2,0.0025008210253864268
RP11-152P23.2,0.002500701419298825
IGHD3-10,0.0024998899507034113
C3orf70,0.002499696687120732
ZNF597,0.002499431427260058
RNU6-122P,0.002498843542962362
LRRC37A6P,0.0024986339104236645
CDC26,0.002498382324622468
RPL10P4,0.002498373970803202
RP11-378E13.4,0.0024981756202015768
EFCC1,0.0024981675091477608
RP11-339F13.2,0.0024980224365490225
RPL7P44,0.0024978817530122324
AC005255.3,0.0024976434717497663
LINC00540,0.0024976100111030286
MTRNR2L8,0.0024976067613692457
AP000282.3,0.0024975670470955527
RP11-787D11.1,0.0024974191421429223
RPSAP9,0.0024972192096998774
AC008079.10,0.002496979566172888
NOS3,0.0024968957352161213
FAM90A24P,0.0024968078832505445
TPT1P14,0.0024967387195691986
RNU7-103P,0.0024957838545296043
MT1HL1,0.0024952002118603686
RP13-204A15.5,0.002494866768243614
AC003956.1,0.002494766011995458
MED15P5,0.0024946489550789724
LINC00529,0.002494620763811713
MIR548S,0.0024945936538723883
FAR2P1,0.0024945863381785486
RP11-236P24.1,0.002494373279730954
HMGB1P5,0.002494352487608503
Y_RNA,0.00249419179345546
RPSAP34,0.002494019526880316
PHC1P1,0.0024939917455526405
RP11-67L14.1,0.0024939532603794256
RPS3AP47,0.0024938194159156066
RNF25,0.0024935242150887667
CTC-428G20.1,0.0024933853110758225
RP11-68I3.4,0.0024931172533941967
RP11-407P18.1,0.002493043948569498
MIR95,0.002492856881458189
CTD-2286N8.1,0.0024924268152576035
RP11-408I18.9,0.0024923552377165946
RPS3AP38,0.0024922325022976722
TRIM47,0.0024920852250427577
RP11-195B21.3,0.0024920735306833163
RP11-897M7.3,0.002491790927313432
RP11-334G22.1,0.0024912891977012562
ORM1,0.002490402126161825
AC019080.1,0.00249011471002679
MIR5699,0.0024899253372169324
RP11-83M16.4,0.0024897825566998653
RP11-557H15.4,0.0024895513430577185
RPS3A,0.002489392381547191
RP11-576N17.2,0.002489167743031714
ARF6,0.0024890851711987004
HBA1,0.00248899282712825
RP13-497K6.1,0.0024889407572155613
RP11-627K11.6,0.002488344195416462
GALNT4,0.002488312775991795
RP11-227H4.5,0.0024882409132972938
RP11-728K20.2,0.0024882171143547917
DUSP5P1,0.0024881877154017597
AC005609.17,0.002488184614005371
CSTB,0.002488069055124897
CTD-2600H12.2,0.0024880104967821164
IGLV2-23,0.002487999591302716
RP11-789C17.5,0.002487913476622882
NOP14-AS1,0.00248790085158768
CLCP2,0.0024878717748484202
NAALADL2-AS2,0.002487659441829512
COQ3,0.002487474247885247
RP11-343B5.1,0.0024874587064246064
LL0XNC01-116E7.2,0.0024869219218968002
CTC-487M23.8,0.002486850551923574
RNU6-790P,0.0024868186753355184
LINC01594,0.0024867305052873206
HSPE1P5,0.00248613839530934
LIN52,0.002485932263608534
RP11-339B21.8,0.002485742698070301
BTBD2,0.002485570210536467
RP11-358B23.7,0.002484990432754046
RP11-385D13.1,0.002484382648043627
EIF2S2P2,0.0024836740006903943
OTP,0.002483300478137609
RP11-963H4.2,0.002483283535049008
RP11-329B9.4,0.00248292968790534
SCARNA24,0.0024825397038724926
RP11-356O9.2,0.0024823660787610547
PRRT3-AS1,0.002482247089737391
RP11-53I6.4,0.002482068394833069
TMEM246-AS1,0.002481382010374935
CPB2-AS1,0.002481367514861812
RP11-65N13.8,0.0024813185355299122
RP4-816N1.7,0.0024804537347068727
RNY3P16,0.002480209349055304
AC012314.20,0.0024799811544064607
RP11-71B7.1,0.0024794996174887303
RP1-39G22.4,0.002479461862508917
RPL13AP3,0.0024793856051557894
RP11-894J14.2,0.0024793359205984937
AP000889.1,0.0024792110461996815
RHOXF1,0.002479046975020064
RNU6-919P,0.002478775281178569
RP4-775D17.1,0.002478727239111797
RP11-361D15.2,0.0024782960315664487
RP11-114N19.3,0.002478161917123467
RP11-436M15.1,0.0024780895660023337
SCUBE3,0.002478081378093561
CTD-3222D19.8,0.002478005912531224
Y_RNA,0.0024776592106951567
CTA-315H11.2,0.0024774046000936197
MAGEB17,0.0024770481200230864
RP3-329A5.8,0.0024769342134608042
AC144652.1,0.002476874526856366
RNA5SP394,0.002476780476735572
EEFSEC,0.0024767667447288
HAUS3,0.002476580813549922
AC091729.9,0.002476339435038667
RP11-69C17.3,0.0024757384871189583
MT1A,0.0024755753931183905
CDKN2B-AS1,0.0024754137246808007
FAM177A1P1,0.0024754081080455635
RP11-425D17.1,0.002475371431317547
AC007966.1,0.0024753610366228707
RP11-899L11.1,0.002475260172670216
SNORA38B,0.002475241495456136
MIR548L,0.0024751742469045685
KDELC1P1,0.00247513404808437
RPL3P6,0.002475116788800334
RP11-766F14.1,0.002474798684419102
AC114803.3,0.0024745991234518673
RP11-180M15.7,0.002474587090731083
RP11-50B3.1,0.0024745719888307595
ZC3H4,0.002474560650818374
RP11-326L2.1,0.002474533198619072
GULOP,0.002474180300183179
MIR1295A,0.0024741253960266626
RP11-626G11.1,0.002473716618163448
HOMEZ,0.0024736244561551026
AC079354.3,0.002473173143549616
STON2,0.0024727210289110764
RP11-644F5.10,0.0024726868091720414
NEUROD4,0.0024726270762325466
RNU6-548P,0.0024723732879757634
RP11-274H2.5,0.002471822014221376
SLC25A5P6,0.002471359287879651
RP11-61L19.1,0.002470535683364966
CTA-221G9.7,0.0024703718628977106
FKBP4P6,0.002470246861269302
RP11-131L12.3,0.002470111517081401
SYT10,0.002470084846586456
AP004290.1,0.0024698753530966585
RP11-625H11.2,0.0024698360652730855
BCKDHA,0.002469830004683735
AC012322.1,0.0024696894683264264
RP11-260M2.1,0.002469151244864561
CTD-2651B20.7,0.0024688615465651978
PRDX1P1,0.0024685759254325056
LYN,0.002468274726249489
DKK1,0.0024679617063504437
CKS2,0.0024678955697181207
RP11-613E4.4,0.0024676040072635196
RNA5SP508,0.0024672967279045117
SCG3,0.002467085930220464
RPL18AP3,0.0024670106583247276
RP11-530N7.3,0.0024669211532285123
MT-TN,0.002466434467610818
SMPD2,0.0024663194334968836
RP11-584P21.4,0.002466172755654351
DNAJC9,0.0024657843065770168
ZNF212,0.002465519525487108
TUSC8,0.002465374593204251
CTA-243E7.2,0.00246514478071125
AC093802.1,0.0024648860173332645
C9orf50,0.0024646358206930354
ARIH2OS,0.002464430953366141
VGF,0.002464272376664269
RP11-329B9.1,0.0024638639388367837
RP11-116D17.4,0.002463801434919258
RNU6-1019P,0.002463624082464856
ZMIZ1-AS1,0.002463543530166111
KB-68A7.2,0.0024634768383264794
PTP4A1P6,0.002463446927632159
AC006538.1,0.0024628932981411527
CTD-2553L13.7,0.002462875875084123
SLC5A4P1,0.002462763646861782
IGHV3OR15-7,0.002462031171856803
HMX3,0.0024619582472943597
UBE2V2P2,0.002461603987456428
HRG,0.0024614330210005544
AC018890.6,0.0024610091977728065
RP11-386I14.4,0.0024607335247561696
PAWRP1,0.002460721959406683
RP11-793H4.1,0.0024602307804993933
SNRPF,0.0024593914357799885
RP11-107C10.1,0.0024593913835148705
MTHFD2P6,0.0024591543221502417
TIMM8BP2,0.002459064442422888
EIF3KP2,0.002459042762620274
RPL6P25,0.0024586944345531972
TLK1P1,0.0024585971237862142
RP11-399K21.11,0.0024585941791006307
LINC01118,0.0024585204255869945
OR8Q1P,0.0024577256658316156
RP11-524H19.2,0.002456730074448883
PLEKHF1,0.0024562329693498127
AC006116.14,0.002455718704965419
RP11-330L19.2,0.0024556365660889073
RP1-35C21.2,0.0024554052630055456
BMS1P12,0.002455050397530483
TOB1,0.0024546578040965613
MAGEB2,0.002454359863399614
ATP5F1P6,0.0024543270446929838
RP4-672N11.1,0.002453847809122434
RP11-317B17.4,0.0024538373473707107
RP11-864I4.1,0.0024537804816932283
RP11-674N23.4,0.0024537209839628443
RAB10,0.002453653738048144
SNORA32,0.0024534453257887496
GNRHR,0.002453407439712411
TMEM35B,0.0024533796659794694
COX7A2P2,0.0024525381941890114
TAF9B,0.002451838372610685
RP11-618L22.1,0.002451777201242321
TPRX1P1,0.0024517186889157503
RP11-1046B16.1,0.0024516474658362783
ERVMER34-1,0.0024516275972148466
RNU7-193P,0.00245158305633667
AC002454.1,0.0024514469389830553
RP1-62D2.4,0.0024513848852789296
CRAT8,0.002451358954270593
MYL6P1,0.002451099854656936
NPM1P40,0.002451002740328214
WDR5B,0.002450969299731265
RP11-820K3.3,0.002450946623887915
SLC9A9-AS1,0.0024505875598294976
RP11-161H23.5,0.0024503402490773647
RP11-881L2.1,0.00245026918368336
IARS2P1,0.002450262889016306
AC015987.1,0.0024500528660115657
AC009491.2,0.0024497017053820343
RNU6-534P,0.0024496276256800427
SLC25A6P4,0.0024492701920894463
RP11-366M4.8,0.0024492480954320817
OSGEP,0.002449085043240794
CTD-2195M18.2,0.0024487995750849655
RP11-428C19.5,0.0024483646064187717
TTC3-AS1,0.0024480453447596863
RP11-514F3.4,0.0024476019227775035
ARHGEF35,0.0024471677001719006
AP000473.8,0.0024470916681225818
AC113607.2,0.002446709485395149
AC110615.1,0.0024465997359579025
RN7SL552P,0.002446589103408364
MTND5P32,0.0024465883145379976
CTB-33O18.1,0.00244657966682104
HINT1P2,0.002446518471064516
HNRNPA1P54,0.0024465094767572365
RP11-534P6.1,0.0024464347429755374
MKNK1-AS1,0.0024463689529467133
RP11-589C21.6,0.002446355710858719
MIR574,0.0024463374317574282
RP11-540N6.1,0.0024460614994396483
RP11-370I10.2,0.002446028372426522
XIRP1,0.0024456786972024817
UGT2B15,0.002445429011875058
LINC00479,0.002445040877063127
OR7E100P,0.00244503968649698
RP11-271C24.3,0.002444555099807933
SCD,0.0024445026204925396
LINC01446,0.00244440503064367
RP11-278C7.5,0.0024442528726699745
RP11-571I18.4,0.0024442124852771772
RP11-115M14.1,0.002444084780606271
MYPOP,0.0024439301106924482
RP1-118J21.5,0.002443847595250932
MIR3164,0.0024434705193117946
CTD-3006G17.2,0.002443149838472207
RPL31P47,0.0024429674198171427
RNU1-91P,0.0024425483514653318
RNU6-1095P,0.002442473135449088
TUBA3GP,0.002442059662883341
NEURL1-AS1,0.002441941861849862
LYPLA2P2,0.002441692743770317
RP11-379K22.3,0.0024414249098532043
RPL29P33,0.002441408889527224
RP11-61J19.2,0.002440928044554908
RP11-385G16.1,0.0024406471032531038
SPAG7,0.0024399434954830014
RPS18P1,0.002439525175985121
MTCYBP35,0.0024393357113312616
CACNG5,0.00243933417197258
AC118754.4,0.002438810574299931
RP11-389J22.1,0.0024382836957763778
RP13-228J13.9,0.0024379681207103683
HDGFP1,0.0024378240840773435
MIR765,0.002437545842559133
RP11-793H13.8,0.002437390568992264
FGF23,0.0024373516210197898
RARRES2P10,0.002437235535007337
GTF2E1,0.002437162992748762
CTD-2124B20.3,0.0024370678282909283
AL356806.3,0.002437034419306287
TRMT13,0.00243652095436504
OR7E85P,0.0024362584892366978
RP11-697N18.2,0.002435982050332023
ZNF367,0.0024354639399653127
VN1R1,0.002435427986873533
MTND4LP30,0.0024350391112393337
RP11-177F15.1,0.002434993143044871
Metazoa_SRP,0.0024344057344202787
RP11-642A1.2,0.002434234178054414
RP11-305O4.3,0.002434217202663312
KAAG1,0.0024340857640077073
GPC6-AS2,0.0024340502128486602
RP4-597J3.1,0.0024337229883097077
IGFL2,0.0024336461086678506
PSD2,0.0024334557655362296
ZNF775,0.0024331690609437845
ZNF878,0.0024329429146848288
CTD-2200P10.1,0.0024328669488162466
RP11-537I16.2,0.002432842306406649
FAM90A12P,0.002432779983038391
RP11-596C23.2,0.0024323258199267796
SLITRK2,0.0024322969149053104
MIR6718,0.0024320391099554575
AC002398.11,0.0024318806508960115
CEP95,0.0024316581401349112
AC009299.2,0.0024314182877705464
AC092620.3,0.0024310729805110854
RP11-678L1.1,0.00243092790152393
PCNPP5,0.0024308821690809624
MAGI2-AS2,0.0024305485105904157
ZNF674,0.0024303098932386665
AMMECR1LP1,0.002430084149720115
RPS29P17,0.0024300409737978645
RP5-891H21.5,0.00242990588926914
RPL3P2,0.002429902294267788
RP11-102L12.2,0.0024297277344097817
RP11-907D1.3,0.002429678285226062
Y_RNA,0.002429388495296359
CTD-2310F14.1,0.0024289589277024155
RP11-744K17.8,0.0024287730760763557
CISD2,0.0024287373640379537
DNAJC19P5,0.0024287286970079616
HMGB1P29,0.002428546616442421
AC011243.1,0.00242849789558813
RP11-715F3.2,0.0024283860224771077
RN7SL341P,0.002428320672021132
RP5-842K16.1,0.002428073426267616
RP11-650J17.1,0.0024278491344288766
MIR8055,0.0024278089459051594
TMEM233,0.0024268914068954883
RPL7AP73,0.0024268731884275682
USP32P2,0.0024268018592402403
RN7SKP23,0.0024264047906604773
ZNF816-ZNF321P,0.0024262441425544064
RNVU1-4,0.002426215679123775
ZNF140,0.0024261641054707365
SNORA75,0.0024261572937400587
RP11-1023L17.2,0.002425807499150956
RP11-1148O4.2,0.0024255503534191675
ZNF605,0.002425524969825681
LINC01616,0.0024251101329390502
RP11-212P7.2,0.0024249187364941325
RP11-686O6.1,0.0024242572984343102
RP11-46D6.1,0.0024240878100324965
EDDM3B,0.002423887031273615
AC005785.5,0.0024238307158485186
MTND4P12,0.002423171449151439
RNU6-422P,0.00242272886085463
TPT1P3,0.002422059588274735
CNTNAP3P5,0.002421703752497448
Y_RNA,0.00242156964065928
LINC00315,0.0024214693977552266
OR7E102P,0.0024212933605642834
RP3-474G15.1,0.0024210676815635706
RP1-168L15.6,0.0024207484786082163
Metazoa_SRP,0.0024202130671420914
AP001462.6,0.0024200304774825076
RP5-1053E7.3,0.0024199471657728347
VPS9D1-AS1,0.0024198740337119627
SP9,0.002419430714416483
RP11-182J1.13,0.0024194287752999947
RP11-605F14.2,0.0024189035196472324
RP11-307C19.2,0.002418282536664101
FCGBP,0.0024182511469884337
DCAF13P2,0.002418179022054454
RP11-85O21.5,0.00241814075123463
AL022237.3,0.002418131662100318
H2AFZP1,0.002418005230043582
RP11-439H9.1,0.0024179982434256423
RP11-108K3.4,0.0024178232218948804
ZCCHC3,0.0024177919976650195
RPL7P40,0.002417760315753247
AC002543.2,0.0024176464647884485
RP11-791G16.4,0.0024175342306328377
COLEC10,0.0024173440198351197
RP4-796I8.1,0.0024173369159307327
RP11-44N11.3,0.0024172567013839206
BARHL2,0.0024172202099977842
RP11-1018N14.3,0.0024170534659324985
IBSP,0.002416651274475979
SNORD53_SNORD92,0.00241658399976691
MT1F,0.0024165206842905107
RP11-258C19.7,0.0024165169704665405
RP11-242C19.2,0.0024164751319937054
GAS2L2,0.002416389929964822
RNU6-940P,0.002416361351684823
RP11-317N12.1,0.0024161361758956433
RP1-292B18.4,0.0024160248991759556
RP11-504I13.3,0.002415875051362306
FAM186B,0.002415793777371475
RP11-90P5.1,0.0024157890732339187
LL0XNC01-16G2.1,0.002415492663998145
C12orf45,0.002415472934769234
KCND3-AS1,0.002415436687020347
SDHAF3,0.0024154177046489663
COX6B1P3,0.0024150247101949467
RNU6-553P,0.0024149328005249452
CTD-2576D5.1,0.0024148332059110646
RPS20P4,0.002414606949305325
CTB-75G16.3,0.002414328940027066
CROCCP1,0.0024142881790390988
RP11-159M11.2,0.002414114064419124
RP11-477N3.1,0.0024140763802476535
RP11-925D8.3,0.0024140406857330195
RPS27P25,0.0024133468373897663
SAR1AP4,0.002413300757154878
RP11-338E21.1,0.002413042213828511
RPL9P2,0.002412750525751866
RP11-309L24.4,0.0024125962345163707
ZNF808,0.002412570440817498
RP5-1029F21.2,0.0024124982589478106
C1orf174,0.0024121178930967117
RP11-758M4.4,0.0024118427714250185
DLL1,0.0024116025719945304
RP11-53I6.3,0.0024115045221725427
RP11-203P2.2,0.0024110988522424116
RP3-347M6.3,0.0024110851436406535
RP11-2B6.2,0.002411084774851864
RNA5SP312,0.002410946120445775
FKBP1BP1,0.002410227344390677
CTD-2158P22.4,0.0024096641675158573
CNN2P6,0.002409536994005657
DLG5-AS1,0.0024094995577936583
CRYGB,0.002409461670686316
Metazoa_SRP,0.002409032488230978
RPS3AP37,0.0024089032518049905
CTD-3233P19.7,0.0024083061102917395
ABALON,0.002408119097522903
HSPD1P2,0.00240792153357798
CTA-254O6.1,0.0024077782140456533
RP11-146F11.4,0.0024076286745448546
CTD-2303H24.2,0.0024076037467999573
CTC-490G23.4,0.0024075985854555403
TUBB3P1,0.002407557501125797
AC109631.1,0.0024073908226179036
RP5-1110E20.1,0.0024072699752632994
RNU6-890P,0.002407237566966407
CFB,0.0024072221894591342
MT1XP1,0.002407139879994565
RPL9P32,0.0024069333210601403
RP11-443N24.2,0.0024069247125152
AC104777.2,0.002406758728361726
EMD,0.002406706420292002
RP11-76E16.2,0.002406464599938125
MIR3138,0.002406150377027989
RP5-1142A6.9,0.002405206524039701
HIST1H3A,0.0024049386801281982
RP11-820I16.2,0.002404599805487661
RP11-135A24.4,0.0024043362722952896
SGTA,0.0024038365829087407
ARHGEF33,0.002403769112923335
AC092168.3,0.002403641856431498
RASL10A,0.002403632495183407
METTL21EP,0.002403207602697685
RP11-173E2.1,0.002403113195579429
ACER1,0.002402531631397717
RP11-585P4.5,0.0024025116898826527
CSDAP1,0.0024020919969568776
RP11-680F8.1,0.0024020020188441345
RP11-314P15.2,0.00240174993218179
LINC00365,0.0024017283352426835
MTND5P11,0.002401144486026544
LINC00664,0.002400300360366181
MORF4L2-AS1,0.0024002251571637392
REG1CP,0.0024002155770208866
RP11-206L10.8,0.002399319338206294
RP11-567F11.1,0.0023989202544363007
RP11-529A4.12,0.0023987102896700628
RP11-264B14.1,0.0023983484088401807
ADRA1D,0.002398175629866593
RP11-467D18.2,0.0023979351089790184
HS6ST1P1,0.0023978031466204476
TMEM170B,0.0023977369742913908
MIR5089,0.002397653691538325
RP11-299J3.6,0.002397202291564495
CCT5P2,0.002397185940369203
TARID,0.0023967705396271935
RPS6P21,0.002396648624602104
RP1-181J22.1,0.0023965744112078506
RPL29,0.00239619451647568
OR5M6P,0.0023961627540711656
NUBP1,0.0023961387200361387
CTD-2545H1.1,0.0023956915245093914
uc_338,0.0023955181926304946
KCNV1,0.0023948375687207896
INO80B-WBP1,0.0023945814985913585
RP11-467L13.5,0.0023945793094490775
MIRLET7G,0.0023945030574906148
Y_RNA,0.0023942934202406613
AC100830.5,0.002394193257109422
ERP27,0.002393973782238423
RP11-404I7.2,0.0023938699557425436
COA5,0.0023936785210702926
FAHD2A,0.0023936668562384873
AC090505.4,0.002393635124194731
RP11-342K6.3,0.0023932461197502144
LINC00618,0.0023932012999932336
LINC01494,0.002393189077045341
AC073310.4,0.0023930265769940224
BANF1P3,0.002392958156795988
AC006378.2,0.0023924787985452906
AC004449.6,0.0023922662045509366
ZSWIM1,0.0023920735678192237
RP11-452J21.2,0.0023920509187815905
CTSLP6,0.0023916658938200677
RP5-991G20.1,0.002391648172178649
RP11-96B5.3,0.0023916428582697238
RP11-31H5.1,0.0023914558342807736
RP1-158P9.1,0.0023909586342806552
AC000123.3,0.0023907513023148567
MSANTD4,0.0023906841128250806
RNU6ATAC35P,0.0023906822512632844
AC004019.13,0.00239048895187307
RP5-1065J22.4,0.0023904475327100145
PCDHB15,0.0023902281723738625
RPS26P15,0.0023901611488489952
HSD17B2,0.0023901289366508533
RP4-536B24.4,0.002390061035723066
PSMC2,0.0023895867128940125
RP11-14I17.1,0.0023894887557002
MIR3200,0.0023892210887423476
RPL19P13,0.002389199347056165
FUT5,0.00238874942146808
GABBR1,0.002388746325175714
RNU6-7,0.00238859322646585
TREML3P,0.002388551808684764
SNORD116-15,0.0023885397537424463
RP11-192H6.2,0.002388254931320979
RRN3P1,0.002388204462212191
AC008067.2,0.002388160891134948
LINC01503,0.0023879470296673984
CTD-2012B7.1,0.0023877575768435537
RP11-844P9.4,0.002387521252798443
MTOR-AS1,0.0023874829778224795
RP11-1182P23.5,0.0023872079255233304
GCSHP1,0.0023871175403783087
ACTR6,0.00238670412452004
Y_RNA,0.002386540405180023
NPHP3-ACAD11,0.002386531998114245
RP3-469D22.1,0.0023864599062949736
AC069499.1,0.002386401686071705
RP11-377D9.3,0.0023863141367160665
RNU6-1048P,0.002386266134523719
GNB3,0.0023860818354508374
NPM1P6,0.0023859634259863803
ZSWIM5P2,0.002385852807752696
RP13-392I16.1,0.002385803644632465
RP3-395C13.1,0.0023856369229240657
AC018737.3,0.00238486551687074
SNORA2C,0.0023844547938794225
LINC01297,0.0023842352473573583
RP11-229P13.25,0.002384186621260225
RP11-354I10.1,0.002383852933627118
BNIP3P29,0.0023838422667866186
IGHA1,0.0023837711076686533
MIR554,0.0023834386147345748
RP11-61A14.4,0.0023834234979133876
MTND6P9,0.0023833432236508214
SEPHS1P7,0.0023829138480701622
RPL26P27,0.002382602198815581
RP11-212P7.1,0.002382442743252761
CTD-2527I21.15,0.0023823664579688997
CTD-2207O23.12,0.0023821159248566524
RP11-2H3.7,0.002381654763420661
RP11-445N20.2,0.0023816372541684066
RP11-317L10.1,0.002381394320209839
SNORA77,0.002381302810808964
Y_RNA,0.0023812709594275574
RP11-574K11.29,0.002381065387818642
RP11-312J18.6,0.0023808645901904372
AMIGO2,0.0023808634012530672
LINC00271,0.002380592860516512
RP1-144C9.2,0.0023804904529969215
Y_RNA,0.0023804531345482127
CD24,0.0023803575968584854
RP11-148L24.1,0.002380060824041772
RP11-956E11.1,0.0023791486125546778
KRTAP1-1,0.0023789144510945265
AC007228.8,0.0023788843820479696
SIPA1,0.002378631071261953
C17orf97,0.002378587345681522
B4GALNT2,0.0023783512171255353
MRPL50P2,0.0023780026554929327
RBM22P2,0.0023777119598717544
ALX3,0.0023774536166669695
GPX5,0.0023770362352752115
Y_RNA,0.0023767709428304546
RP11-814P5.1,0.0023766293218236098
SOX2-OT,0.002376565620473801
RP11-977B10.2,0.0023765113516975183
RP11-552D4.1,0.0023764785068790184
RP5-837J1.1,0.0023764542348547572
RNU7-136P,0.0023751453561561015
HNRNPA3P6,0.0023748690336274007
RP11-1006G14.5,0.0023739725258573366
AHCYP3,0.0023736978252547627
ANGPTL3,0.002373584390180386
FAM196A,0.002373256523842057
MIR5008,0.0023732443188513577
ATP5G1P7,0.0023731370133071314
RP11-818O24.2,0.0023728862744318946
MIR199A1,0.00237283154084132
CEBPE,0.0023726343168623404
RP11-45M22.2,0.0023725657122317177
RNA5SP372,0.00237243530513585
PDIK1L,0.0023723509253534146
RPS12P23,0.002372052069004103
RP1-59D14.8,0.0023718979593578974
PINK1,0.002371729007712995
RP11-422N16.3,0.002371376684998614
RP11-332H14.2,0.002370821342796247
TAMM41,0.002370585692355742
HMGN2P4,0.0023703659314837566
DPEP3,0.0023700473898923325
RP11-155L15.1,0.002369778050300715
RP11-108M9.2,0.002369552175861447
MRPS6,0.002369469188031631
CTC-573N18.1,0.002369463504469849
LINC01481,0.002369361528810722
RP11-160H12.2,0.0023687883526969417
CFAP77,0.0023687437728466126
RP11-331F4.5,0.0023686734965809196
RP11-301O19.1,0.0023683101088221546
LINC01024,0.0023682526336692693
RN7SL262P,0.002368150928702563
RP11-386B13.4,0.0023678970227936037
RPS29P20,0.0023678159288313704
RBX1,0.002367527329278236
SLC6A17,0.002367353534160133
RP11-463C8.5,0.0023668156563844155
Y_RNA,0.002366791762656153
ART2P,0.0023667033216462053
RPL22P18,0.002366512297546697
RBM33,0.0023662814797086695
RP11-72L22.1,0.002366176407416773
OR13A1,0.0023661005722333804
CARNS1,0.00236608265100909
RP11-662G23.1,0.002365436688611745
LINC00243,0.0023651133788961964
KC6,0.0023647894359050585
RP11-297K8.2,0.00236474535787697
RP5-1097F14.3,0.0023646313211134347
RNU6-1212P,0.0023646116908464126
RP11-384F7.1,0.002364562306910198
RLN1,0.002364494467143238
RASA3-IT1,0.0023642739367239693
RPL21P10,0.0023640962924065105
AC073325.2,0.0023640709730292746
RP11-713C19.2,0.0023636743389139746
RNASE8,0.0023636125051920745
RP11-508N22.9,0.00236351169834396
CTA-313A17.3,0.0023630355000471568
RP1-28H20.3,0.0023628064338241557
AC062021.1,0.0023627166244744517
MIR4787,0.002362259008602891
RHOXF2B,0.002362178652927562
RP5-1057I20.4,0.0023619189754040585
H3F3AP3,0.002361764029304003
AC008753.3,0.0023614591498573203
HCRTR2,0.002361280646094476
RP11-567G24.3,0.002361274167700847
RP11-342D14.1,0.002361217451592412
RP11-356I18.1,0.002361198040086823
PRR9,0.002361084214128467
CLVS1,0.0023606746945410866
RNF212B,0.0023605783366809022
RNY4P36,0.002360296946742575
HMGB1P37,0.0023600208632615204
RP4-555D20.2,0.002359935978345717
CTC-493L21.2,0.0023594497604796038
POLR2KP1,0.0023592761221305158
AC008427.2,0.0023592300105062195
GRPR,0.002359196247563041
RP11-334E6.4,0.0023590870911809184
RP11-54O7.17,0.0023582210607344693
RNU4-35P,0.002358214665404048
RP11-333A23.4,0.002357808855013823
TMSB4XP4,0.0023577364895089486
EIF4HP1,0.0023576710392353524
RP11-1112G13.3,0.002357624267631786
PNO1,0.0023574589881188227
RAD17P1,0.002357115539276756
SEC14L6,0.002357053123455989
KCNQ1DN,0.0023569717440033782
SCHLAP1,0.0023569085421182427
RPS26P6,0.002356876625251199
AC114271.2,0.002356631765404265
WTH3DI,0.0023564455394430544
BTBD10,0.002356428012229248
MAGEA6,0.0023561328250345697
RN7SKP189,0.0023560603143507265
SNORA64,0.002355979839419079
AC079807.4,0.002355905055327737
HAO2-IT1,0.002355860845728499
LINC01410,0.002355275204468263
STX1B,0.0023549144937721023
EIF1AX-AS1,0.002354664373408304
RP11-752D24.2,0.002354542376882508
RAP2C,0.0023543279884204816
RP11-3B12.3,0.002354291960070932
RP11-707O23.5,0.0023540922599117296
RP3-449O17.1,0.0023539894522539035
MSI2,0.0023539384312637438
GLRX3P2,0.002353767060085391
CASC11,0.002353702215686479
CTD-2008P7.5,0.0023536918664181384
LY86-AS1,0.0023536013236598176
MIR4632,0.002353557610340099
RP11-545G3.2,0.0023527304539351936
AC159540.1,0.0023526572471204987
EIF4A1P8,0.0023526074380954697
AC074367.1,0.002352309242850834
RN7SL749P,0.0023517395117219164
DIO3OS,0.002351708840423311
MIR3619,0.0023516054735315756
CTA-250D10.19,0.0023515511191216716
MIRLET7A1,0.002351463426749406
IFI27L2,0.0023511722811255954
ACSM5P1,0.00235063256598813
SLC35G6,0.0023506142840667263
ZNF92P3,0.002350398311247924
AC007969.4,0.0023496368739322902
VAMP2,0.002349531532150018
RP11-350N15.4,0.0023494720336043333
RP11-806L2.6,0.0023489411662693097
CCT6A,0.0023486534098370914
CTD-2235C13.1,0.0023486210118533065
RP11-690I21.1,0.0023485164555011066
AC018816.1,0.002348200124028365
NPM1P39,0.0023479686448780704
HLA-P,0.0023470725835807718
DARS2,0.0023469440538295603
PTGES3P4,0.0023468602892775673
LPAL2,0.002346651051648402
MED28P1,0.0023463125579961143
RP11-419M24.5,0.0023463033989822085
RP11-436D10.3,0.0023462207479898584
RP11-142I2.1,0.002345669997768828
RP11-57H12.5,0.002345523842967812
AP000688.11,0.00234514840252914
AC007193.10,0.0023450021996487764
TYW1B,0.0023448018347351058
RP11-132G19.3,0.0023446004692214578
MIR193A,0.0023440909852082267
FXYD6P2,0.002344045090479847
RP11-89K18.1,0.002343526773390011
MMP11,0.002342594748892918
HOXB5,0.002342287591435858
IGLV2-28,0.0023419242540745583
ARHGEF3-AS1,0.002341686917391979
RP11-767L7.1,0.002341635364628652
Metazoa_SRP,0.0023415124772822736
DEFA3,0.0023414188066087226
RP11-676J12.8,0.002341208065764951
CD2AP,0.002341138418689096
CETN2,0.002340976108045738
RANP5,0.0023408947346157546
LYPLA2P1,0.002340879817383976
EIF4A2P2,0.0023407647906315923
RP11-676M6.1,0.0023403783038432784
RP11-416A17.1,0.002340087617961346
C14orf119,0.0023400106979557505
RP11-405M12.2,0.0023397779619766463
RP11-383J24.2,0.00233954074357331
LDLRAD4-AS1,0.0023392928290502453
RP11-762I7.4,0.002338644953226816
RP11-1085N6.2,0.0023383307873412035
RP11-7F17.5,0.002337788763105487
RNU7-61P,0.002337534272681702
RP11-548H3.1,0.0023375190485423027
DHX8,0.0023372376050660704
RP5-855F14.2,0.0023367068558728336
ASLP1,0.002336565272329912
RP11-193H5.1,0.002336376099027651
RP11-536C5.2,0.002336065604011705
RP11-218C14.5,0.002335530214846767
RP11-319G9.5,0.0023354862544861655
RP11-138E2.1,0.0023353914938890516
SNORD116-22,0.0023347174957492377
RPS28P7,0.0023342963310786797
RNU6ATAC36P,0.0023341090571758097
RPS2P7,0.002333661129230218
TMED10,0.0023336022259031097
AC024060.1,0.002333598141919282
AC073133.1,0.0023330131013446454
RAMP3,0.002332946695687553
AHSP,0.00233289364224167
RP11-95D17.1,0.002332624094847319
BNIP3P38,0.002332535279208823
RP11-672F9.1,0.002331360738752359
RP11-545M17.2,0.002330275237083432
RPL23AP43,0.0023295887097787202
RP11-471B22.2,0.0023295420011435137
TERF1P4,0.0023294047861338084
RP11-379L18.2,0.0023292734428308343
RP11-109E12.1,0.002329128969742721
MIR5194,0.0023290186406648644
RPS12P27,0.0023288433540923094
RP11-573D15.9,0.002328782823313518
IGHV3OR16-12,0.002328665974287108
RAB28P3,0.0023286533850908134
RP1-81D8.3,0.002328570006408815
LINC01184,0.0023283710461928305
RP11-486O13.4,0.002328240317353402
LRRC4,0.0023281706141445925
RP11-298E9.6,0.002328145884692103
NAMPTP1,0.002327845857589628
AC012506.2,0.0023278456363506417
AC007389.1,0.002327826517884044
PCDH9-AS3,0.0023278067772969932
RP5-928E24.4,0.002327793710718722
HEXA-AS1,0.0023277759984059693
RBM22P7,0.002327540687459015
RP11-240G22.5,0.002327143992992016
RPL36AP10,0.0023270800072698887
RP11-30P6.1,0.0023260984057207655
RP11-616M22.3,0.002325992264822434
CTD-2366F13.1,0.0023259829806823173
RP11-218I7.2,0.002325899140287329
RP11-1046B16.3,0.002325755288626548
AC092881.1,0.002325717015636454
Y_RNA,0.0023252724489367465
CTD-2349P21.3,0.0023252353028118677
WDR45BP1,0.002324994776959658
SUCLA2-AS1,0.002324987644669236
Y_RNA,0.0023248133910205213
BGLT3,0.0023242112053666075
C17orf78,0.0023237243366362
DHX29,0.0023236488238488756
GPR62,0.002323308872026896
RPL36P2,0.0023229092283447634
CTD-2210P15.3,0.002322475510863858
FTLP3,0.002322416203794999
SNN,0.0023220121391860763
RP11-488C13.6,0.0023220026554941465
RP1-69D17.4,0.0023214186868812047
AC012066.1,0.002321358350432595
RP11-355B11.2,0.002321196992105602
NPM3,0.0023211655489184697
CLRN3,0.0023208190890008354
COX6CP8,0.002320675437990149
FAM21FP,0.0023206323788536984
RPL23P2,0.0023205229177856064
Y_RNA,0.0023204805522768633
RFPL1,0.0023203331317434186
NOC2LP2,0.0023198238533133865
RP11-332H17.1,0.0023198208776577904
OR52I1,0.002319688694716444
RP11-231C14.6,0.0023196406527639245
LINC00477,0.0023196086977024964
RP11-267M23.3,0.0023194083439883736
IGKV1D-39,0.0023191983708705376
RP11-316M20.1,0.002318644906715353
PIGV,0.0023185282048703475
AP000857.3,0.0023183115593432314
HCG4P3,0.002318075704598646
RP11-680G24.4,0.0023179327354930926
AC073551.1,0.002317496194142916
RPS26P41,0.002317363344313315
RP11-439H13.2,0.002317233517278203
KRT17P4,0.002317052897251011
SLC25A33,0.0023166467356025727
CTB-187L3.1,0.002316645952708046
ACTBP12,0.0023164211212242333
RPL29P25,0.0023163629863047815
AC145123.2,0.0023162971543353333
PIGHP1,0.002315857746130082
MESDC2,0.0023152379727059496
ANAPC10P1,0.0023150064161073652
RPL10AP2,0.0023148754809421924
RP11-546O6.4,0.002314659719670168
RP13-143G15.4,0.0023143170362572517
RN7SL405P,0.0023141060554302795
MIR514B,0.002313976651708474
RP11-467D6.1,0.0023139053165800996
RNU6-703P,0.00231370592313365
MAGEA9B,0.0023133445981801458
RP11-151N17.1,0.002313263173952392
AC073409.1,0.0023132494985614524
ISPD-AS1,0.002313244714312188
RN7SL18P,0.0023128805600261424
HMGN3-AS1,0.002312805509136052
CAPNS2,0.0023127797368086333
PDSS1P2,0.0023127081741527123
C5orf15,0.0023123955465789406
GS1-345D13.1,0.002312328120787114
KB-431C1.5,0.002312232647790584
RPS23P5,0.0023121798857230575
RNA5SP44,0.0023121328657466967
RMST,0.002311863067762152
LL22NC03-27C5.1,0.0023116329412498937
RP11-96C23.12,0.0023114945119569815
RP11-255M2.3,0.002311309844802186
RP11-1078H9.2,0.002311133895358062
RN7SL79P,0.0023109522675992785
HSF2BP,0.002310730333341978
RP11-370F5.4,0.0023104531282074534
CYP2AB1P,0.002310439422162701
RNA5SP21,0.002310123285651591
UTAT33,0.0023099324920669516
RP11-25O3.1,0.0023098878058151273
CTD-2376I20.1,0.002309671392118263
PDPK2P,0.002309665091548926
CTC-441N14.1,0.002309617234841866
MEMO1P1,0.0023087934359749085
RN7SL738P,0.0023087452121498264
RP13-895J2.9,0.002308594222200552
MTCYBP41,0.002308583665333064
MIR1293,0.0023084755618341234
HOXC13-AS,0.002308400149496706
EEF1E1-BLOC1S5,0.0023081054628326172
FOXP4-AS1,0.0023080101161926164
CMSS1,0.0023075198898303466
MRPS18AP1,0.0023074303363572555
RP11-702F3.3,0.0023074134693569595
RP1-32B1.4,0.002307356884789631
MCTS1,0.002307160465669322
BMP5,0.002307040899848365
SNORA55,0.002307029002878858
MIR181B1,0.00230700834094131
AICDA,0.002306338922474455
OR7E19P,0.002306243127241361
RP11-319E12.2,0.002305787830832706
MRPL15P1,0.0023057833591692825
RP3-511B24.5,0.0023057605745015995
RP1-249H1.3,0.002305544159067656
RP11-1348G14.6,0.002305497209095808
LLNLR-307A6.1,0.002304890267738948
KB-1507C5.4,0.0023042551427798525
SLC25A51P1,0.002304237292738807
NUDT11,0.0023037070942610567
RNU6-1160P,0.0023036803563661716
RP11-644C3.1,0.0023034803622431787
PLEK2,0.002303374592499428
CTD-3193O13.12,0.0023026329389850162
RP11-240L7.4,0.0023025038053614746
HIF1A-AS1,0.0023022798472132427
EEF1A1P13,0.002302229129396397
RN7SL566P,0.0023019736213722507
SGPP1,0.002301936562143753
FLJ41941,0.002301812675934838
RP11-1079K10.1,0.002301659991231112
RP11-966I7.4,0.0023012695726521044
RNU4-50P,0.0023010876386654238
ASCL3,0.002300881411619962
SUPT4H1,0.0023004160227385454
SPDYE21P,0.0023003240307840605
SNORA1,0.002300025630260617
AP006547.3,0.002300013796679064
RPS26P39,0.0022998452980617663
RP11-553P9.3,0.002299486154680613
RP11-586L23.1,0.002299473277329163
WDR12,0.002298726292246893
FTLP5,0.0022985393308796254
ASS1P8,0.0022984456890914697
KCTD5,0.00229833025882206
RP11-781A6.1,0.002298218748041149
CTD-2299N12.1,0.0022978778591026335
AC116609.2,0.0022974128093208187
RN7SL732P,0.0022973146803137085
RP11-76N22.1,0.002297188367914345
RP11-362J17.1,0.002297012881321259
AC005550.3,0.002296940656206792
RP11-368I23.3,0.0022967711233712073
BBIP1,0.002296596895606415
SCGB1C2,0.0022963450991985426
AC002550.6,0.0022961485701355738
LINC01339,0.0022960841459657415
RP11-282I1.1,0.002295504505418342
RP11-392P7.7,0.0022954430638246356
MBL3P,0.002295290405932538
RP1-60O19.2,0.0022949235827870043
RP11-739B23.1,0.0022948722541156594
IGKV2D-40,0.002294511517396552
RNY3P13,0.002294192894703179
TRAF3IP2-AS1,0.0022941216414533996
C7orf55-LUC7L2,0.002294055675806272
RP11-893F2.13,0.0022940031188072077
RP11-144H23.2,0.002293848791965499
RP11-506O24.1,0.002293221087758796
HNRNPA1P44,0.0022921582434526785
NIFKP8,0.0022919836801834903
RP11-575B7.3,0.002291618364093911
PMS2P10,0.002291405949364918
MTCO1P3,0.0022913786308978454
AL162151.3,0.0022913477531487573
MYL6B,0.002291313598034398
AGAP7P,0.002291292014160243
CTC-137K3.1,0.0022912498849510824
TMEM17,0.0022911725269369886
AC007563.3,0.002291007988754928
LA16c-313D11.12,0.0022909128884774817
MTND2P40,0.002290807482599952
RNU6-294P,0.002290801359470105
RP13-514E23.1,0.0022906613492656197
RP11-23P13.4,0.002290402662190874
NRBF2P4,0.002290338534585316
AC092155.1,0.0022897635295909976
FAM209B,0.002289726236061266
RP11-402J6.3,0.0022896242625010566
TMX2-CTNND1,0.0022894871927881264
TFP1,0.0022893116040572535
RP11-148B3.1,0.0022892403204130885
TAF15,0.00228887207485569
Y_RNA,0.0022886627832439015
AC079613.1,0.0022884704070816053
LINC01047,0.0022882105119676017
MCHR2,0.002286551183481018
AKR1C7P,0.002286054620952892
RP11-460H9.1,0.002285412826619132
EFNB3,0.0022850061081138135
RP11-452D12.1,0.002284399612077928
RNASE4,0.002284355726611875
RNU7-3P,0.002284256135548494
SNORA49,0.002283332416615407
FER1L6-AS2,0.0022833110083588484
GLUD1P8,0.0022832068051871126
AF277315.19,0.0022830436899313926
LINC01039,0.0022823010129930663
ANKRD45,0.0022821057567137867
RNU6-511P,0.002282051286755933
PAWR,0.0022816632666673767
NFKBIA,0.0022816289160828246
CYCSP2,0.0022801791755588724
HSP90AB3P,0.0022801209894620354
CTD-2375G15.1,0.002279951729173814
ACSM1,0.0022798118190496134
AC006116.15,0.002279707147375166
RP11-325E5.4,0.002279273780373845
RP13-216E22.4,0.0022792131527773797
COL28A1,0.0022788488702669657
RP5-884M6.1,0.0022788412852129745
RP11-690I21.2,0.002277509949487561
MTRNR2L11,0.002277498223826444
RP11-175B9.2,0.0022771871036567724
LUZP4,0.002277062759686356
PSMB4,0.002276762819023287
GXYLT1P4,0.002276631081211993
PCDHA4,0.002275636507784716
UGDH-AS1,0.002275509276902104
RP11-355N15.3,0.002275439555702932
ELOF1,0.0022753871294421578
C8orf59P2,0.0022751728353867153
DNM1P17,0.0022751683443442174
TFF2,0.002275129073308006
RP13-60M5.2,0.002274773522822442
RN7SKP271,0.0022747008041228106
Metazoa_SRP,0.0022744696840986734
P2RY4,0.0022740586708079324
IFIT1P1,0.002273913506660868
NPTXR,0.0022739133918619485
RP11-666A20.3,0.0022738634571591843
MTMR9LP,0.002273380476593804
RP11-298C3.2,0.0022732621095696327
RNA5SP435,0.0022729841909929992
AP000439.2,0.002272920482483023
ATP4A,0.002272803930923167
IGLV2-34,0.0022727117837696427
MIR365B,0.0022727036150990603
TEX12,0.0022726569028633857
RP11-182J1.10,0.002272637849239771
MIR548AM,0.0022725765208779073
TEX41,0.0022724116840809826
GOLGA6C,0.0022723073944170076
PCNAP3,0.0022716757514926744
RP11-78O7.3,0.0022715967698652643
RP11-805F19.4,0.0022711504435438267
HHIP-AS1,0.002270871080202966
RP11-124B13.1,0.002270419346191511
LARS2,0.00227020488504462
ARF1P2,0.0022700637055385487
RAET1E-AS1,0.0022698974481763687
KIF3B,0.0022697726423020685
TMEM144,0.002269411541005065
RP11-407N8.5,0.0022692241805886636
RP11-331H2.4,0.002268837858509721
COX7CP1,0.0022686865624728285
ATP5G1P3,0.002268629751817194
AP000479.1,0.0022685731989026308
RP11-18B3.3,0.0022684843801054
SNORD116-6,0.0022684732120114115
RP11-191L17.1,0.0022680842671068346
OR10A4,0.002268068207285362
ADIRF-AS1,0.002267726999169219
UXT-AS1,0.002267678545072789
RN7SL475P,0.002267292527148701
RP11-265F19.1,0.0022671770395979274
TTYH2,0.0022668431488929316
RPL21P90,0.0022666294058056487
RNU4ATAC12P,0.0022665639195879506
RP11-522N14.2,0.0022663984455456405
RP1-102H19.7,0.002266126715681086
HNRNPH1P3,0.00226573752426994
CH17-373J23.1,0.0022654356897557695
AC005262.4,0.0022653288276131907
PRSS2,0.0022650039677877655
SEMA3F-AS1,0.0022647966156641454
COTL1P1,0.0022643432215442537
CTD-2170G1.2,0.002264149046595018
RN7SL337P,0.0022641028615620513
SLC17A4,0.0022637830974902465
RP11-665C16.1,0.0022633916891035516
CTD-2503O16.3,0.002263114248747753
RP11-14K3.7,0.0022631012324021193
RP11-169K16.8,0.002262694418433829
WARS2-IT1,0.002262512708696565
CHRNB1,0.002262043578250149
GTF2H4,0.0022618507843633617
FAR1-IT1,0.0022618492909716012
RP11-334E6.3,0.0022618212060403304
FLJ42969,0.002261791449458966
RNA5SP237,0.0022617870374867823
MYOD1,0.0022616247647838533
PPBP,0.0022610847300167736
ABT1,0.0022605634296925716
TMBIM7P,0.002260160769488537
IMP3,0.002260157969333726
CYP2F2P,0.002260116474952046
IGHV3-75,0.0022595388392867236
CSNK1G2-AS1,0.002259395031137137
MIR649,0.002259391563145945
RNA5SP67,0.002259250693048202
RP4-530I15.9,0.0022592301941313413
LRRC37A5P,0.002259119724881483
RP11-513N24.1,0.00225910973253319
RP11-572C15.5,0.0022588598984431916
RP11-462B18.2,0.002258840966918591
RP11-310H4.6,0.0022584038597222834
RP11-430A19.2,0.0022583823043985686
RP11-342H21.2,0.0022579567800629524
WI2-2373I1.2,0.0022579338663158825
AURKAPS1,0.002257614650192731
MTCO1P6,0.002257465777356943
RSPH1,0.0022574600021919907
RP11-16L9.2,0.002257426669906169
RP11-45M22.4,0.002257277709914551
RP11-515C16.1,0.002256700227611702
AC009517.2,0.002256290130989881
CDKN2AIPNLP2,0.0022560873824873312
RP11-507J18.5,0.002255980000801775
DLGAP1-AS3,0.00225596414744178
RP11-436K8.1,0.002255725756807203
VAC14-AS1,0.00225572420430734
FAM157A,0.002255117652767144
CACNG8,0.002255035301858062
SNHG5,0.002254581883572809
Y_RNA,0.0022542970464754218
VSTM1,0.002254271385725233
PLK4,0.0022542433174322207
SLC25A5,0.002253917633437731
MKRN4P,0.002253597996516001
RP11-159D12.3,0.0022535753441718146
EXOC8,0.0022535269904541627
AL121656.5,0.0022532666224522944
SEC24B-AS1,0.0022528479910269503
RP4-753D4.2,0.002252838801139934
CXCL13,0.0022526855171978734
HMGN3P1,0.0022524014996951214
LINC00390,0.002252210517949043
Y_RNA,0.0022516581604857732
SNORA33,0.0022510562797446606
RP11-348H3.5,0.002250913924772675
RP11-654A16.1,0.00225090610218336
MIR6867,0.0022504652392689654
RP11-123O10.3,0.0022504229764409123
RP11-371M22.1,0.002249973544387841
SNORA33,0.002249872660427551
RP11-26M5.2,0.002249817082943509
TCEB1P2,0.0022497693984460483
HIST2H3DP1,0.002249427699665633
Y_RNA,0.0022491339009919477
ZNF322,0.002249075543148937
HOXD-AS2,0.0022486648753531936
RNA5SP159,0.002248503967360437
FAM138E,0.002248384662891511
C11orf98P1,0.0022478898069335164
BX842568.1,0.0022477826019942386
RP11-362F19.1,0.002247590908499943
RP11-424I19.1,0.002247501089772256
GNA11,0.00224692640065605
NDUFB4P6,0.002246492589848429
BCAS2P2,0.0022463885569397155
VPS52,0.0022462016975568987
RP11-70F11.7,0.0022456839044559403
RP11-2N5.1,0.0022454751456411595
GPC1,0.002245361514568311
UBE2Q2P2,0.0022451615891235636
RP11-457D2.3,0.002244857416857082
OR6B2,0.0022444278188697153
C5orf34,0.002244368507649844
RP11-437L7.1,0.002244308806628939
MAP1S,0.0022441646368590714
PRKX-AS1,0.0022440505768353625
PCDHGB1,0.0022438367831465154
RP11-932O9.9,0.002243459299292044
CTB-89H12.4,0.0022428731088696995
NPTN-IT1,0.002242809961745482
RP11-179B2.2,0.0022423259457101242
AC069063.1,0.0022419432362800955
MGC39584,0.002241940825453802
RNU6-262P,0.0022415960037321272
BLOC1S5-TXNDC5,0.002241321877031123
LINC01234,0.0022412878007957303
RP11-576C12.1,0.002241223598272727
KRT24,0.002241179538699722
RP11-37L2.1,0.0022411350562288198
RAD51L3-RFFL,0.0022411299390389626
ABHD15-AS1,0.0022408095617610754
RP11-15A1.7,0.00224080584175086
CCDC117,0.0022405489189799748
IGFBP4,0.002240464705849519
IRGQ,0.002240458087143782
MIR580,0.002240316827765883
AC013429.5,0.0022401788817469964
OR8I2,0.0022401773698676078
RP11-142A22.3,0.002240002159278716
LA16c-312E8.2,0.002239983335871214
SLC22A24,0.0022398164130628838
PPP1R3E,0.0022392623614350235
bP-2189O9.3,0.0022390891906036133
RPL23AP75,0.0022384761177775855
RCOR2,0.002238364830895429
RP11-50D16.4,0.0022380661370796973
CTD-2553L13.4,0.002237920763146312
RP5-963E22.4,0.0022378019999378736
CH17-118O6.3,0.00223768417522299
MIR629,0.0022376807603244854
AC079354.5,0.0022376378043874106
RP11-308D13.3,0.0022372744236098937
E2F6P3,0.0022368943008889684
FGFR3P1,0.002236526112253779
RNA5SP301,0.0022365237846454777
RN7SL493P,0.002236218167263618
RD3L,0.002235827277187043
RNU7-67P,0.002235765705955931
IKBKE,0.002235664488206541
UPK1B,0.002235326565791832
RPA2,0.002235099767909518
SMIM10L2A,0.002235007109508018
FFAR1,0.002234940784956051
RPL23AP70,0.0022349006392823117
UNC5D,0.002233721772286582
RP11-71N10.1,0.002233531474151138
RP11-745A24.1,0.002233343962084153
KHNYN,0.0022332226488187405
DRD1,0.002233171988692509
CTC-295J13.3,0.002233167143921288
RP11-775H9.2,0.002232993707768534
RP11-91P24.5,0.00223269952677026
RP11-297N6.4,0.0022326951945668316
TMEM31,0.002232170669687296
HMGN2P47,0.002231893032297869
AC004754.3,0.0022317504953532907
RP13-36G14.3,0.0022308151242523703
RP11-757G1.6,0.00223081315922549
RP11-755E23.3,0.0022307132804645314
AC012462.2,0.002230614331523943
snoU13,0.0022299564391185457
RP11-205K6.3,0.0022298314545563087
Y_RNA,0.00222901418923282
CTB-88F18.3,0.002228987317391406
RP11-490K7.4,0.002228342722545318
RP11-671J11.4,0.002228252238391299
LINC01620,0.0022280789559618384
LA16c-380A1.2,0.002227728438611666
RNU2-7P,0.002226726607920913
CCNHP1,0.002226726394345808
ZNF28,0.002226517418240946
RP11-862G15.1,0.0022261579350987457
IL1RL2,0.0022260738496990193
RP11-478C1.8,0.0022258871093830527
RP11-57A1.1,0.002225453336866655
RP4-633I8.4,0.0022252203969406695
OXSM,0.0022245277054910428
KANSL1-AS1,0.0022244886367918403
HIGD1AP18,0.002224300995424168
RP11-89M20.1,0.002224133027068721
AHCYP2,0.0022240727989137647
IGKV2D-18,0.002224004067733915
RP11-188C12.2,0.0022238286184518776
RP1-206D15.6,0.002223021002497318
RP11-804F13.1,0.0022230172657629024
RP11-121E16.1,0.0022229454853376963
RNU7-43P,0.002222794740033764
RNU2-72P,0.0022226384422911337
TMC3-AS1,0.00222213117621277
FAM198A,0.002222082825702549
ATP5A1P5,0.0022220436644868145
RP11-196G11.6,0.0022216877088399554
SNAI3-AS1,0.0022216132460473074
SNORD112,0.002221229212892056
AC093698.4,0.0022212005578630175
NPM1P12,0.0022209512250066944
WI2-80269A6.1,0.002220909662601707
TOMM22P3,0.002220710145372474
RPL7P20,0.002220290029044678
CHP2,0.0022197508226469544
RN7SL665P,0.0022195556820519815
MTCO1P49,0.002219399355973268
RP11-363J20.2,0.0022193318873162476
AC104777.4,0.002219205991576877
RP11-371F15.3,0.0022190590545485486
CTD-2593A12.4,0.0022190188505964714
CHCHD2P9,0.0022189626737765433
RP11-130L8.3,0.0022189259171011408
C1DP1,0.0022187203467160495
SNORD114-6,0.002218571018098114
HSD3BP3,0.0022185399670072033
PINLYP,0.002218510394020563
PPIAP20,0.0022184935852632742
HAUS1P3,0.0022177829276070673
MTRNR2L9,0.0022166332171639617
RP11-422P24.11,0.0022161905420344193
LINC01444,0.0022160842882437033
AC073072.7,0.0022155856832811404
RP11-265D19.6,0.0022154714927236003
RN7SL78P,0.002215226486554831
RP11-503P10.1,0.002215187801557123
RP3-336K20__B.2,0.0022151540740472865
CTD-2501B8.5,0.0022148356558450897
FRMD6-AS1,0.002214380118185576
RP11-634B22.4,0.002214348231650821
SELENOM,0.0022142850936560845
OR5V1,0.002214198354504844
DISC1FP1,0.0022139607525881993
RN7SKP246,0.00221395467802523
RP11-83B20.2,0.0022137081708360146
RP11-490B18.5,0.002213349205929274
RP13-216E22.5,0.0022133233886848644
DANT2,0.0022132900191970577
OR4K12P,0.0022132118105023593
AC093590.1,0.002213018014550011
CTB-111F10.1,0.002212661202413663
OR7E109P,0.0022126589965764274
NEUROD1,0.0022123535206985756
RP11-174G6.1,0.002212011664030459
RP11-96D24.1,0.0022118324976819737
IGLV3-31,0.0022116682171872347
CTD-3162L10.1,0.0022110430927755856
Y_RNA,0.002210799190759618
RP11-357F12.1,0.0022105318769454992
ITPK1-AS1,0.00221047929798787
T,0.002210368677190903
BTF3P12,0.00221025035004787
ZPR1,0.0022100335089240922
ATP6V1F,0.002209134672994131
RP11-200A13.3,0.002209054373432446
RPS24P12,0.002209017963761412
RP11-135N5.3,0.0022082463334400664
CTC-523E23.15,0.0022080326432109623
RP11-404H14.1,0.002207237988411819
MTCO1P47,0.002206406736055368
U3,0.00220639773612513
RP11-578O24.2,0.0022061159159945123
FTH1P21,0.00220581125768625
THAP12P4,0.0022057474653869825
PPIAP6,0.002205563637833473
RP1-100J12.1,0.0022054120694670167
BNIP3P8,0.0022051510208482726
RP11-299J3.8,0.002204723272597632
RP11-733D4.1,0.0022043897020259757
KHDC1L,0.00220425766549304
RP11-73B8.1,0.002204237253484928
TIPIN,0.0022036802424018407
AC010970.2,0.0022036210375385576
CADM2-AS2,0.0022034159066110885
HNRNPH2,0.002202730325498906
RNU6-883P,0.0022026161321658513
RP11-530C5.4,0.002202614426142664
C18orf8,0.0022020327810993176
CTD-2623H2.7,0.0022019789130033715
GNA15,0.002201099427452196
CTA-929C8.8,0.0022007285232663967
FOXD3,0.002200553195929896
AC004775.5,0.0022005471073207276
SNRPA,0.0022003939576272537
SCARNA8,0.002200301232519649
PKD1P5,0.0022001308199441696
MIR5696,0.0022000710640304303
RNU6-823P,0.0021994787173027293
Y_RNA,0.0021994407650830217
AC008834.1,0.0021992204865337508
MC4R,0.0021991232361275198
FEM1AP4,0.00219902679845855
IGKV1OR2-9,0.0021989748070071462
IGHV3OR16-11,0.0021989598088418072
CTD-3116E22.7,0.0021984897455025543
BLOC1S2P1,0.002198280070417211
ANAPC15,0.0021981700298351397
RP3-476K8.3,0.002197985797382377
SPZ1,0.0021979705642959577
RP11-363J20.1,0.0021979165978870895
MIR7854,0.002197914681318185
KRT126P,0.0021974237772080627
PCDHA7,0.0021968103280439457
IGHV3-72,0.002196247216080516
RNU6-1079P,0.0021961976943358015
Y_RNA,0.0021951763987252204
LINC01149,0.002195117600270406
CSNK1A1P1,0.002194896694285949
RP11-210M15.1,0.0021948759152680456
VDAC1P7,0.0021947355327104415
MTND4LP1,0.0021947174588810695
RP4-680D5.9,0.002194578565554459
RNU6-1327P,0.0021944209458052495
ADARB2-AS1,0.0021938826916196286
ALDOAP2,0.002193425293173769
AC074389.7,0.0021932818888548916
RNA5SP373,0.0021930871113181854
RP11-767L7.2,0.0021930404424066107
RNA5SP354,0.0021922751070730523
RN7SL126P,0.0021922457677500022
LINC01168,0.0021922240722143695
RP11-429D19.1,0.002191916823638631
RP11-128M1.1,0.0021917847955665692
AC007228.11,0.0021917809317137703
ALG2,0.0021912591284183112
RP1-118J21.24,0.0021911997031281703
LRRC10,0.002190905895345377
AHNAK2,0.0021897515747203856
RP11-463D19.1,0.0021893310319887655
RP11-311P8.2,0.0021891236630876974
NKX3-1,0.0021888827407237402
HMGA1P6,0.0021888706786253507
RP11-759A9.2,0.002188494834979136
RP11-592H6.3,0.0021882935628891203
RPL7P19,0.002188272664776677
RP11-1028N23.4,0.002187674467724652
LINC01591,0.0021874202961732836
CTC-359D24.3,0.002186838443628676
AP000959.2,0.0021868082512486358
Metazoa_SRP,0.0021866404225748003
RP11-54I5.1,0.00218631692082816
C1orf228,0.0021861318428691018
AP000770.1,0.002186129748535758
ZNF582-AS1,0.0021858939249081097
SLC7A11-AS1,0.0021857712434303653
RP11-168L7.1,0.002185770806847524
AC012314.19,0.0021855533084632387
TMEM50A,0.0021855421744967295
CTC-529L17.1,0.0021854981524753406
PABPC1L2B,0.002185224469334554
SSXP10,0.002185186522788896
CTBP1-AS2,0.002185157873740841
RN7SL160P,0.0021851050865403974
STK24-AS1,0.0021851049770348395
IGHD5-18,0.0021850270804708825
SOX21,0.0021849621831106576
FRK,0.002184640956904616
FAM95B1,0.002184554416548876
MIR4769,0.002184549172081252
RPL21P12,0.0021844622777332646
RP11-613M10.9,0.0021841020398530126
RP1-72A23.3,0.0021840766301924326
CRYZP1,0.0021840071308668416
RP11-91P24.3,0.002183925515436855
CLEC3A,0.002183731679977741
HSPE1P4,0.0021831159627211
GDI2P2,0.0021829572095750306
RN7SL408P,0.0021826694238179564
AP001350.4,0.0021826636195932253
STT3A-AS1,0.0021821855497602535
RPL12P15,0.0021821272049355415
PWRN2,0.002182079339552095
RNA5SP494,0.0021820393613731256
UQCRBP1,0.002181936411882882
HNRNPA1P15,0.0021815863271490406
RPL30P16,0.0021814614532944202
KRTAP2-2,0.0021814470721685827
Y_RNA,0.002181274247903724
LINC00364,0.00218102789886108
HMGN2P23,0.002180932872831869
DEFB1,0.0021808307486976737
RP11-428L21.2,0.002180740692548961
HTR2A-AS1,0.002180351140513501
RNU6ATAC32P,0.002180341909549444
RP11-802O23.3,0.002180161792483235
ASXL3,0.0021797279675655227
AC004870.3,0.0021796714984830814
LINC01570,0.0021796356061163126
PGBD4,0.002179348787926335
RP4-603I14.3,0.002178823848147998
RP4-784A16.2,0.0021786962869755817
KLHL30-AS1,0.0021785892398897225
ZNRF4,0.002178530646027194
MTCYBP23,0.002178530163308357
RP11-766N7.4,0.002177992386435713
AC008834.2,0.0021779437351590433
SNORD115-45,0.002177793185077622
RP11-589N15.2,0.0021776187407271724
AL672296.1,0.00217757968435018
RP11-510M2.5,0.002177191921101264
AC006262.11,0.002177185026402551
MIR4733,0.0021766630738839473
RP11-496N12.6,0.0021765253857538042
RNU6ATAC27P,0.0021761466530936862
PPP1R26P3,0.002176145863866927
ASPHD2,0.0021760200805901473
AC104058.1,0.0021746715468406426
CTD-2184D3.5,0.0021746197734427743
EIF5A2P1,0.002174491216727565
KIR3DL2,0.0021744819779068165
SERPINA12,0.002174358536856553
LRRC3-AS1,0.0021742040949113855
GDPD4,0.002174129241963115
RNU6-1306P,0.002173895835341479
RP11-694I15.7,0.0021738424478836013
RP11-546B15.1,0.0021737249311695335
RNU6ATAC39P,0.0021735297266367304
THOC3,0.00217350057650706
RP11-453A12.1,0.002172990340257795
CTD-2189E23.1,0.0021728422171291527
TRABD2A,0.0021725643845123556
RP5-1021I20.4,0.0021725085619814736
RP11-86K22.2,0.0021724737654270653
MIR4424,0.0021720260074225306
RP11-757H14.2,0.00217127342479366
GALNT18,0.002171255353698506
RP11-146G7.2,0.0021712297646091995
RP11-16N2.1,0.0021712141440806544
C5orf58,0.002171075780704078
MRPS17P9,0.002170586181981091
RP11-305F18.1,0.00216979618510452
RP11-114M5.3,0.002169769361646259
RP11-669E14.4,0.0021692373734009023
LOH12CR2,0.002169175768998444
RP11-848P1.7,0.002169046964411309
RP11-118H15.1,0.002168963633343744
IGKV1OR22-1,0.0021688257168069433
RP1-137D17.1,0.0021684729015343774
TUB-AS1,0.0021683800129516616
RP11-403P17.2,0.0021682091729769517
AC004987.9,0.0021680578473063984
ELOVL6,0.0021677558246087814
MIR4507,0.002167315667729054
ADAM20P1,0.0021671975738716868
CEACAMP3,0.0021669313795657833
RP11-56B16.2,0.0021668844951044674
TRIM52,0.002166867044166802
RP11-687F6.5,0.002166399237860021
RP11-544A12.8,0.002166044724482358
MTA2,0.002165409673673432
AC037445.1,0.0021653992319943098
AC074389.5,0.002165350713410411
RP11-158M2.2,0.0021653280980326664
LL22NC03-22A12.12,0.0021643035207086635
LINC00407,0.002163711581446494
PHBP2,0.002163613938863423
DIRAS2,0.00216360163919772
CTD-2116N20.1,0.002163504849689689
SNORA13,0.0021633346468964954
FTLP1,0.0021632364484191137
HMGB1P10,0.0021628630828257936
RP11-889L3.1,0.002162862115082702
NDUFA3P1,0.0021622412245165755
AC226118.1,0.00216212174528188
AC005197.2,0.0021619993884249484
RPL15P20,0.002161961507914751
CTD-2537I9.12,0.00216195159471331
GPR20,0.0021612892002632633
AKT3-IT1,0.0021612875938482497
YRDCP1,0.0021610015489152753
AC104581.1,0.0021608362051447586
PBK,0.0021601242256805916
TMEM38A,0.0021598641422912066
RP5-875O13.6,0.0021597520456323855
RP4-738P15.4,0.002159619994899338
AC009955.8,0.002159570840334116
RP11-326C3.7,0.0021594891613631287
RP11-817J15.2,0.0021590695795938946
AC006130.4,0.002158436584827611
RP11-707A18.1,0.0021584317784854932
RP11-1105G2.3,0.0021579206188578827
RP11-382A20.5,0.0021578719956664117
STARD13-AS,0.0021578212818267693
RP11-249L21.2,0.0021578153780038713
NEU3,0.0021573458640138737
RP11-894J14.5,0.002157200988903717
CYB5RL,0.0021569896348574953
RP1-293L8.2,0.0021569706213705004
INTS6L-AS1,0.0021560614947282964
SNORD3B-1,0.0021559288090069774
CTD-2528A14.5,0.002155741662982807
C8orf37,0.002155595064105129
TMPRSS11F,0.0021554356616672234
RPS25P9,0.0021550895950492592
PGAM1P9,0.0021546347612708358
IGKV2-4,0.002154348113507143
FAM200B,0.002154033696937147
MIR4706,0.002153959296866023
RPL7P39,0.0021539445940113016
TMEM215,0.002153835137823858
RP4-736H5.3,0.00215380974405681
RP11-755E23.2,0.002153535668156025
RP11-595O22.1,0.0021534488472816195
GLRA1,0.0021529775968714476
RPS20P22,0.0021527997725255287
CRYGEP,0.0021527527762940715
RP11-113K21.1,0.002152443472446847
AC007246.3,0.0021522807762334607
MTND1P24,0.0021519033342965585
RP11-804A23.1,0.00215171365724694
C18orf63,0.0021510118351487834
AC005592.1,0.002150990392650073
RP11-526N18.1,0.0021509739602969488
GAPDHP68,0.00215085114429261
C1GALT1C1L,0.002150831898601847
TMSB10P1,0.0021507118926278523
RP11-583F24.5,0.0021501943690701232
CTC-499B15.7,0.0021500984106273403
RPS26P38,0.002149401849569483
AC113617.1,0.002149321443758678
SPACA5B,0.002149017011399483
DDX11L16,0.002148714341088564
TSGA10IP,0.0021486985344870723
RNA5SP382,0.002148103528102113
FAM3C,0.0021480663137907275
AHCYP7,0.0021478931360241864
MTRNR2L4,0.0021471103526801033
CTC-270D5.1,0.002146862554612346
F8A1,0.0021466477273870002
RP11-141M1.3,0.0021463382155995263
RP11-238I10.1,0.002146155753312245
TNRC18P2,0.0021461134956861365
RP11-556O5.6,0.0021453956144796118
AC018865.5,0.002145070025086372
RP11-618M23.5,0.002144741391021166
AC005534.6,0.002144676539167179
OR13C4,0.0021443360631796583
ST6GALNAC2,0.002144221070101543
AC092535.3,0.002143771520298468
RNF103-CHMP3,0.0021436050093593317
RNA5SP393,0.00214356818590266
RP5-1178H5.2,0.0021433131073409772
HDAC1P2,0.002143277274353773
RP11-256I23.1,0.0021431877361904337
RP11-589P10.5,0.0021428195737103347
RNU6-658P,0.0021424087303234945
RN7SL441P,0.002142315639279266
MIR4999,0.002142147076453969
NONOP2,0.0021418642397207878
CDKN2AIPNLP3,0.0021418634492698955
IDI2-AS1,0.0021416623940785965
RAB11A,0.0021412963614718086
PTTG3P,0.0021409917981669566
ACTG1P3,0.0021407537425832956
RPL11P4,0.0021407497132928405
CTD-2184D3.1,0.0021404118187901815
RP11-96K19.4,0.00214022833872303
KLF17P1,0.002139918651553157
OR1H1P,0.0021398700738389197
RP11-346M5.1,0.002139820892154366
COX4I1,0.002139704574728386
Y_RNA,0.0021393310734778995
RP11-492I21.1,0.0021392290644609807
RP11-367J7.4,0.0021391967618591824
AC010731.6,0.0021389076523523256
RP11-234K24.6,0.0021387386327207927
KRTAP9-8,0.002138665789565931
RP11-316N24.2,0.0021384975591621316
RP11-85O21.4,0.002138169951817998
BRWD1P2,0.002137391107223148
RP5-933K21.2,0.0021372248010195524
RPS24P1,0.002137187739009141
RP11-326K13.2,0.002137150768474645
ZNF887P,0.0021371003044269336
AC006978.6,0.0021368992899118205
RP11-63N3.1,0.002136767102222509
MCEE,0.0021367361317079082
RP11-787D18.2,0.002136497425095321
RP11-485M7.1,0.0021362652611768445
ETAA1,0.0021354842094986437
RP5-978I12.1,0.0021350627719309598
RP11-744I24.3,0.0021348486044503426
UHRF1,0.0021348055116711356
RHOA-IT1,0.002134706125667275
GDF7,0.002134401419975078
RP1-137H15.2,0.002134309195344062
RINT1,0.0021341857429444944
PUS3,0.002134003889289576
RP11-64B16.5,0.0021339099152130054
RP11-298I3.4,0.0021337902213360315
PRODH2,0.0021335946827251762
TXNDC16,0.0021334842748504316
RP11-404K5.4,0.0021333841190491767
SNORD56,0.0021333158343296078
RP11-618G20.1,0.002133191835840744
PNLIPRP3,0.002133059015656045
DGAT2L6,0.002132978321488959
RN7SL105P,0.0021329275097359862
RP11-308D16.1,0.002132804359480268
RP11-388K12.3,0.0021324892717371276
RP11-254F7.3,0.0021322624146220912
SOHLH1,0.0021321093584732312
ZBED5,0.0021320466444815374
RP11-1038A11.2,0.0021319017291412863
RP11-428L9.2,0.002131290486951077
EPHA1,0.002131197561732253
RP11-106M7.1,0.0021310393143356278
RN7SL265P,0.002130858779505721
RP3-368A4.6,0.0021308212757110132
RP11-361C13.1,0.0021307890963895237
DKFZp779M0652,0.0021307249288558703
RP11-325E14.2,0.002130713190878785
RP4-641G12.4,0.0021306661165957815
MIR329-1,0.0021296234182586267
UBA52P6,0.0021295881008193476
RNU7-11P,0.0021293697393063604
AC097533.1,0.0021292432400813583
C11orf84,0.0021291241957729318
MIR148B,0.0021290979941906937
LLNLR-276E7.1,0.0021290257084053427
RP4-751H13.5,0.002128239164172551
RP11-30L3.2,0.002128046761298792
SNORA16B,0.0021279166544116053
OR2M1P,0.0021277007397265233
MTX1P1,0.0021276663265741443
MARCKSL1P2,0.0021276153521102605
RP11-96L14.7,0.0021276056905912204
AC112719.1,0.0021275585466522806
RN7SL760P,0.0021268995465520495
BCLAF1P2,0.002126778749004949
LINC01257,0.0021267144214930428
AC009120.6,0.0021267042101139402
TTC41P,0.0021266613271896185
MT-CO2,0.0021265123578298314
IFNWP15,0.0021263971692451955
GNAS-AS1,0.002126276716351515
RP11-302I18.1,0.002125716215704448
HMGB1P36,0.0021256323094668195
RP11-63A11.1,0.002125073387986616
TCEAL2,0.002125061649643234
MIR320C2,0.0021248900818925183
CUL7,0.0021248683929521875
RP1-63P18.2,0.002124866174317458
RP11-146N18.1,0.002124779608583451
DPPA2P2,0.0021247055184639434
FAM32BP,0.002124618250784865
AC105402.4,0.0021245411110207184
RP11-386G21.1,0.002124164865907801
RP11-62H20.1,0.002124120493263888
RP11-737O24.3,0.00212403497276614
RP11-490K7.1,0.0021238944213159425
RNU6-577P,0.0021237816074619574
RNU6-35P,0.002123347526606973
CCDC97,0.00212315889370537
RP11-982M15.5,0.002122999839009431
CTD-2313J23.1,0.0021229861882819793
RP11-77I22.2,0.0021227332693008194
ZDHHC5,0.002122555508698804
AC066692.3,0.0021223980625523476
SNRPGP15,0.0021221757749266294
RN7SL132P,0.002122038020997922
RP11-973N13.3,0.0021218810208836836
RP11-317B17.3,0.0021217901449857458
RNU6-1167P,0.0021216859608243176
RP11-485M7.3,0.0021209715738886247
AC004129.7,0.0021208526754402123
TRIM42,0.0021208352196139283
RP11-354E23.3,0.0021207937417597857
RP11-351I21.6,0.002120775775708496
NDUFS5P1,0.002120531191990061
IPO9,0.0021202920034180117
RP11-112L6.2,0.002120254174218828
RN7SL784P,0.002120101255968855
CTD-2073O6.1,0.0021200439007509103
RP11-401F2.4,0.0021198826518361667
TUBB8P9,0.0021198553409903093
RN7SL329P,0.00211976001731564
AL592528.1,0.002119578821922972
ACPT,0.0021192176509840068
PRKAA2,0.0021186364018394295
TMEM87B,0.0021185444812157088
SNORA31,0.0021185415955467155
RP11-140L24.4,0.002118423882241991
UBBP3,0.002118214656597754
ILKAP,0.0021182046954941855
FCF1P4,0.0021178828920277483
RPS3P6,0.0021177042668594037
ATP5L2,0.0021175530733602075
RP11-264K23.1,0.0021174511627625515
AMD1P2,0.002117305653448816
MTND4P35,0.0021172364489546545
BYSL,0.002117162842447965
NUDT12,0.0021170649815862087
RP11-164C1.2,0.0021167898433429176
RP11-496B10.3,0.002116615521197694
NLGN4Y-AS1,0.0021161827259988135
LA16c-306E5.2,0.0021161075469589025
RPL23AP48,0.0021161067317854187
LINC01611,0.002115926779666235
ATP6V1E2,0.002115893136393955
SNORD12C,0.002115599013287372
RP11-32B5.7,0.0021154280337606513
RNU4-16P,0.0021150942933431623
AC010240.3,0.0021149063202223913
Y_RNA,0.002114620390706801
KCTD9P1,0.0021145482843014244
SSBP3-AS1,0.0021141554025743436
RP11-9G1.3,0.002114139861435265
RP3-467K16.4,0.002114050426603963
LINC01322,0.002113861372754411
CTD-2207A17.1,0.00211340824422656
MRPL20P1,0.002113338249923472
RNU6-97P,0.002113263120427479
HMGB1P19,0.002113013627478739
RP5-875H18.9,0.002112970679007373
RP1-131F15.2,0.002112818236099134
RP11-516C1.1,0.0021125810535514785
CASC16,0.002112484586395824
MC3R,0.0021124168691057654
PIP5K1P2,0.0021122029110034477
RPL21P129,0.0021120769770491925
RNA5SP507,0.0021119577925465213
CTC-459F4.1,0.002111838518009681
AC016994.2,0.002111675138303897
AC000041.8,0.0021113061126966206
RP11-461O14.3,0.0021110626243899455
RP11-321E8.8,0.0021110003908027023
CHMP1B,0.0021109950386697398
Metazoa_SRP,0.002109957080076919
RP11-752L20.3,0.002109925818113849
MIR1205,0.0021098656252275592
RN7SL34P,0.0021096188106014915
RP11-580I1.2,0.002109542766613516
RP11-5G18.2,0.0021091364058758505
MIR1273D,0.0021089251703565247
CENPH,0.0021088824368146173
A2MP1,0.0021086274898752463
PCDHB17P,0.002108436079981692
CTDSP2,0.0021082803982135916
LL0XNC01-177E8.2,0.0021080673800550776
RP11-40A13.1,0.0021077776740588508
RP11-109D9.4,0.002107774289098275
AC060834.2,0.0021073020389488356
WASL,0.0021071521943063203
RP11-452K12.4,0.002106947137439462
C18orf32,0.0021065052415054544
RP11-274B21.4,0.002106362334212558
AC124312.1,0.002106341440782684
RP11-759F5.1,0.002106231744189728
RP11-373N24.2,0.0021059922983244503
RP1-142L7.8,0.002105730964397123
ARL4D,0.0021056543472577015
PTGES3L,0.002105323576442818
RN7SL414P,0.002105302380442069
CTD-2325P2.4,0.0021052775258207793
RP11-252I13.2,0.0021046859379860914
HEIH,0.0021046691177433576
AREG,0.002104532119536227
RP11-178L8.3,0.0021043365844729085
TCTEX1D2,0.0021041129257766186
AC002044.3,0.002104045489548064
RP11-572B2.1,0.0021040118554136625
OR2A14,0.0021036103224360537
LINC00928,0.002103580154921506
Y_RNA,0.002103545295423909
CTB-102L5.4,0.0021032172051041824
RP11-546M4.1,0.002103064228754209
FTH1P12,0.0021027090116707693
FSIP2-AS1,0.002102575665176828
RP11-550H2.2,0.002102573147136053
RP1-305G21.1,0.002102559788752913
AC007115.3,0.0021025261165001532
RP11-316O14.1,0.0021022875263586446
Metazoa_SRP,0.002102159892789484
WWTR1-IT1,0.0021019005314366905
LINC01566,0.0021017831681339628
RP11-15B17.4,0.002101688649054697
RP11-831F12.2,0.0021015281851931742
RP11-345K9.2,0.0021012717497937324
MTUS2-AS2,0.0021010692842708045
TXNP1,0.0021009306995890486
AGBL5-AS1,0.0021008821943871024
TCEB1P18,0.002100780038446596
DMC1,0.0021006055219140378
HSBP1,0.0021005194709895272
RP11-572C15.3,0.0021004547683871216
ZNF281,0.0021004500210724765
DDC-AS1,0.0021002766899911396
C19orf44,0.0020998287374954148
RN7SL507P,0.0020997412177683325
RP11-810O3.2,0.002099590135628246
RPL12P29,0.00209888571456853
GS1-39E22.2,0.0020985719330429914
HNRNPA1P64,0.0020984743933184385
ZKSCAN4,0.0020984321250646656
SNRPD2,0.0020981994728208817
FAM181B,0.002098015035858167
CTB-54O9.9,0.002098004432102918
ODCP,0.0020970740186017954
RP11-661C3.2,0.002096587508849489
MRPL53P1,0.002096442854609102
CTC-448F2.6,0.0020964316026639658
RP11-466A19.6,0.002096227625450839
LL0XNC01-221F2.2,0.0020961553757770255
RP11-737O24.5,0.0020961537117616474
AP000936.4,0.002095932580411731
AP000442.1,0.0020959148692603507
HSD3B2,0.002095049981743986
RP11-61N20.3,0.0020950093209011968
HMGB1P20,0.0020950001800357186
RP11-552E4.3,0.0020949187905053386
OR1N2,0.0020948611077329597
RPL36AP39,0.0020948305863963492
AC005609.16,0.002094288175714418
TOMM20L,0.0020940109367741915
RP13-16H11.8,0.0020939637797981773
STC2,0.0020938510156688957
SERPINB4,0.0020937883187230576
CTB-161J7.2,0.002093506443919444
KCTD11,0.0020933223030122046
CDK2,0.002093316453441119
RN7SL292P,0.0020932143330224472
RP11-598O12.1,0.0020927357776053847
RP11-73M18.11,0.0020926379474455587
OR12D2,0.0020925453167518924
RP13-465B17.4,0.0020925012403126934
MAP6D1,0.0020918518511595123
RPL31P49,0.0020918307974879713
C11orf58,0.002091584058043152
ARHGDIG,0.002091183306514779
RP11-491F9.1,0.0020911016231168087
Y_RNA,0.0020909518994163805
LINC01169,0.0020907956205675543
SYNDIG1L,0.0020906379035741775
RNU2-57P,0.0020903025103612637
RP11-325N19.3,0.0020901764307425493
RAB9B,0.0020899326860456817
ST13P10,0.002089805033701387
SLC6A1-AS1,0.002089327070113711
MIR920,0.0020887926491837596
RP11-692D12.1,0.002088771967853575
HSPA8P1,0.0020883907782559253
IGLV1-50,0.0020879884739497282
RPS2P46,0.0020879188200296265
RNASEH1P1,0.002087862061827747
NYAP1,0.002087206819012429
ARMCX5-GPRASP2,0.002087153690244938
TXNL4B,0.002086971656660603
RP11-420M1.2,0.0020869564022323937
RP11-734B5.2,0.0020864696417070483
RP11-775D22.3,0.002085901533230424
RP11-497G19.3,0.0020857847079751276
DANCR,0.002085730491007953
ITFG1-AS1,0.0020855718936923645
LINC01035,0.0020852981943107213
RP11-716H6.2,0.0020852151421588347
Y_RNA,0.0020850011694859005
HSPE1P3,0.0020847130852199923
CDC14C,0.0020845457101440336
GS1-184P14.2,0.002084349106515765
RNA5SP441,0.00208414656301756
MIR4500,0.0020840420423161848
SNRPCP11,0.0020840382549220204
AP000563.2,0.002083923046025152
GUSBP10,0.0020837928737731225
LINC00993,0.002083777374309654
CTD-2126E3.1,0.0020834966741352986
RP11-632F7.3,0.002083463343069161
MT-TT,0.0020834377082448573
RP11-472F14.4,0.0020834162078735754
RPS10-NUDT3,0.0020833769421050885
RP11-19O2.2,0.0020832469435559274
HOXB9,0.002083224575122929
EIF1P7,0.0020831092135559005
WDR82P1,0.0020830069611102197
RNA5SP323,0.0020823497673598474
CTB-96E2.6,0.002081872551187906
LL22NC03-84E4.13,0.002081765216906628
RP11-303E16.7,0.0020816523598785807
RP11-148B18.1,0.0020815994472080483
AC016683.5,0.0020814632476474255
YIPF4,0.002081270920528481
OR9I3P,0.0020805563015865274
RPL18AP15,0.002080445997630939
LINC00662,0.0020803106328841164
BASP1P1,0.0020798399693041382
RP11-325L7.1,0.0020798174667200457
RP11-686G8.1,0.0020795571215699226
GLDCP1,0.002078960215909091
RP11-545H22.1,0.002078941338501715
XXcos-LUCA16.1,0.002078814111296436
CCDC27,0.0020785611585326692
RP13-554M15.2,0.0020785382792144398
XRCC6P1,0.0020784768024741033
MIR877,0.002078421849095568
ITIH4-AS1,0.0020782256869468774
SCN3B,0.0020781774927094085
DDAH2,0.002078008881764461
RN7SL587P,0.002077928944163247
Y_RNA,0.0020778512353816386
MS4A5,0.002077716126197811
OR2U2P,0.0020776430664861617
MIR181B2,0.00207756195170316
RP11-9E17.1,0.002077272161343896
RP11-657O9.1,0.0020771560743361706
LINC01456,0.0020770077124199187
AC004125.3,0.002076977498452444
ZCCHC16,0.0020767661005553334
CH507-9B2.9,0.0020767147605966507
SULT6B1,0.002076672838447794
RP11-861L17.3,0.0020764663964415297
PSMD10P1,0.002076449283319826
MIR3609,0.0020763870557546503
C1orf185,0.0020762872840087536
FLJ13224,0.00207611221343367
RP1-95L4.2,0.002076037347470542
TMEM244,0.0020754903737983713
DNER,0.002075166250673407
RPS26P34,0.0020741254857426484
COQ10B,0.0020733936340428007
RP13-188A5.1,0.0020732552265633718
LINC00403,0.0020728162703890214
RPL21P5,0.0020724898989775043
AC011516.1,0.00207226722554053
CTD-2034I21.2,0.002072202163738386
TMEFF1,0.00207186717391186
RP11-439H8.4,0.0020717482932571247
RP11-114F3.4,0.002071454737394596
RP11-724M22.1,0.0020713934009206156
7SK,0.0020710606964001433
SNORA71,0.002071060505644915
AF178030.2,0.0020709603107411604
ZNF723P,0.002070823722710107
ZNF425,0.002070509351686388
SUZ12,0.002070483518538447
RP11-286B14.2,0.0020701292244640203
MIR624,0.0020699162498491203
SNX18P3,0.002069816891878122
RP11-338I21.1,0.0020695791182773694
SUPT4H1P1,0.002068917360475126
RP11-130C6.1,0.0020687748492604434
AP000580.1,0.0020685361655763705
RNY1P10,0.002068395239878912
UCA1,0.0020682942964711723
RN7SKP237,0.002068283519041037
AC000370.2,0.0020682832511564543
Z82214.3,0.0020681421723883152
ZNF609,0.0020681394463630347
RN7SL605P,0.0020680571795218235
RNU6-21P,0.002067670540869641
RN7SKP9,0.002067634511799551
FAM95B1,0.002067569767093598
RP11-963H1.1,0.002067545830596806
PPTC7,0.002067348810204368
RP11-58C22.2,0.0020670036791823735
RP11-497K21.1,0.0020668675746259046
RP11-382J24.2,0.0020667638159571258
C11orf86,0.00206666066251395
AC093843.1,0.0020664349532438166
DRD5,0.0020661031431525004
RP4-778K6.1,0.002066084170451096
CTD-2325M2.1,0.0020659561877481285
MTCO3P23,0.0020659383400620126
XXbac-B562F10.11,0.002065806790145968
DCTN5,0.002065490905607743
SAAL1,0.002065121849070629
NELFB,0.0020650225446793985
RP11-272D12.2,0.002064717852239222
RP11-1079K10.2,0.0020646760041164278
AKAP8,0.0020644222511553116
RP11-15L13.4,0.0020643010507060185
MIR4429,0.002064294067539916
RNU6-1178P,0.0020642748993141393
RP11-383J24.1,0.0020640750973850083
CTD-2135D7.3,0.002063896304218932
FTH1P25,0.002063841291104908
AC005224.2,0.002063696532379842
GJA1,0.0020629335573565297
HSPE1P2,0.0020626470700378543
SPATS1,0.0020620406319957372
RP11-3B12.2,0.0020618069470608826
CTB-96E2.3,0.002061780462017471
RP11-165A20.3,0.0020617739281207957
DACT3-AS1,0.0020615303805819516
AB019440.50,0.002061469160646905
ZIC5,0.002061195177673897
GAPDHP71,0.002061183007664595
RP11-82O19.2,0.002061129697057537
PBOV1,0.002060957512628656
RP11-188C12.3,0.0020607940587060855
RP11-484D2.2,0.0020603111684007725
RP11-466F5.9,0.0020600587623414643
CTD-2373H9.5,0.0020598883041270857
IGLV3-17,0.002059887058149057
ZNF84,0.0020596562081234885
RP11-434C1.2,0.0020595455385669747
RNU6-331P,0.0020593035483093716
RP11-271M24.2,0.0020592598463670393
RP11-1000B6.5,0.0020592370955699393
CTC-454I21.3,0.0020590546436335846
CTD-2228K2.2,0.002058547413256187
KB-1732A1.1,0.0020585161544871126
RP3-415N12.1,0.0020584584534076565
RP11-709A23.1,0.0020583630748953544
AC108039.3,0.002058143057846153
CTAGE11P,0.0020577312388012758
AP000462.3,0.0020576957954758814
RP11-327P2.7,0.0020576762443112896
EPHX4,0.0020575682119915975
RNU6-638P,0.002057554488539575
PKNOX2-AS1,0.002057205512916771
RNU7-186P,0.002057143796517102
RP11-728K20.3,0.0020567400431730476
RNU6-1109P,0.0020567210922299243
GLA,0.0020565012744047676
RP5-1184F4.5,0.002056484127276769
FCF1P1,0.0020564664487336573
CNIH2,0.0020564448764840496
KCNAB3,0.0020563313614816213
CTD-2008E3.1,0.0020561321668233017
MIR7155,0.002056012707648523
AC093388.3,0.002055876029690483
RNU6-481P,0.0020557730526600594
SNORD116-17,0.0020554592608055195
RN7SL754P,0.002055009123253537
RP11-442N24__B.1,0.002054733928591422
RP11-337C18.8,0.002054646457956393
RP11-403B2.10,0.0020545376376731803
UTP3,0.0020543202821732063
ZNF627,0.0020542046608649643
RP11-480D4.5,0.00205396605624421
RP11-456K23.1,0.0020538721614925056
PACRG-AS3,0.0020538721385634966
CTD-3093M3.1,0.0020537888898574806
RPS15AP12,0.0020536121295874946
CTD-2123J17.2,0.0020529482388633564
GUSBP9,0.0020526826580952945
CTD-3088G3.6,0.002052563316037951
FAM27D1,0.0020523492338287183
FAM134A,0.0020523233396538836
PRKCG,0.0020515590838393817
Y_RNA,0.0020510607047827317
CTB-174O21.2,0.0020510509393139556
RP11-44D5.1,0.0020510402855319684
RN7SL68P,0.0020509549274472607
LINC00620,0.002050933073258913
ACSBG1,0.0020508997231956073
CTD-2132N18.3,0.002050895484142061
C5orf17,0.0020508003534088267
RP11-462G2.2,0.0020504978603386086
G6PC,0.0020503077577469745
EEF1A1P32,0.002050050493273044
RP11-377K22.2,0.002049756139519238
NAP1L3,0.0020496537231457575
LHFPL5,0.0020495333499352324
IGHV3-79,0.0020493894061102283
LYPD8,0.00204934767431625
RP11-429O1.1,0.002049166451407809
WDR83OS,0.0020488994648145344
CTB-66B24.1,0.0020488617494016587
RP11-452N17.1,0.0020488212442702418
RPS8P6,0.0020486401058494664
AC011290.4,0.0020485626360368073
RP1-128M12.3,0.0020485255285732033
MIRLET7D,0.0020481776931705405
MESDC1,0.0020474763171258055
Metazoa_SRP,0.002047341928157529
RP4-800G7.3,0.002047232398251427
RP11-71E19.1,0.002047218411888064
ALKBH2,0.0020468162032720697
RP11-669E14.6,0.0020464573741578247
NUTM2B-AS1,0.002046032984582672
RP11-666A8.9,0.002045922199076454
IPP,0.0020457531739656878
RP11-258O13.1,0.0020457466314423127
LRRC72,0.002045390481208542
MED7,0.002045109466330293
ARPC4-TTLL3,0.0020450008959641084
DPP10-AS3,0.002044762153698441
GAL,0.0020445211714772045
NPM1P38,0.0020445100724531128
RTEL1,0.0020444705772324884
RP1-102E24.1,0.0020444487056051125
RPL26P6,0.002044125803626557
ZNF846,0.0020441252241891815
Metazoa_SRP,0.002043985358765556
SYF2,0.002043662351299644
FER1L6,0.0020436184890448303
RN7SL563P,0.00204325501435007
NXNP1,0.002042696133104648
RP11-96J19.4,0.002042686818800941
GEMIN4,0.0020423689542783353
RP11-2E17.2,0.002042271877550257
HAUS7,0.002041949826439609
BCL2L12,0.0020416811916641213
CHMP4C,0.0020416537162273605
IGLV3-16,0.0020412434297990474
RP11-284P20.3,0.002041178966432796
GS1-259H13.2,0.002040904716941604
LINC01254,0.002040836013996279
RNU4-82P,0.0020401021733514055
SPANXA2-OT1,0.002039806428847911
AD000671.6,0.002039793708075919
NPB,0.002038658894298646
AP000696.2,0.002038652034666454
IGSF5,0.002038428341238786
WBP2P1,0.002038382170467407
DNAJC19P9,0.002038329906906582
SPTSSB,0.002038193580365026
AC008171.1,0.0020379167113984934
RP11-83J16.3,0.0020378611360747667
NNT-AS1,0.002037505393728603
GPR75-ASB3,0.002037100978866601
RNA5SP497,0.0020370865950752755
NPM1P33,0.0020367370793715617
RP11-415J8.7,0.002036698600903366
GUCA1B,0.002036365184338424
RP3-408N23.4,0.002036296141427842
RN7SL748P,0.0020356824255903564
NDUFAF2,0.0020354266207779337
RP3-406A7.5,0.002035417694696701
AC104650.1,0.002035399637500612
RP11-315O6.1,0.002035281908846366
CARTPT,0.0020350493916943355
PITX3,0.002034964745419967
PSMC1P2,0.0020349152502728693
RP11-119D9.1,0.002034629934612556
RP11-1094M14.7,0.002034392573359989
CCND2-AS1,0.0020342966458428598
YES1P1,0.0020340672810703654
ZNF571-AS1,0.002033989087504905
CALML3,0.002033724195147443
RPS3AP25,0.0020336572263724164
RP11-525K10.3,0.002033362111249799
E2F2,0.002032954416066382
RP11-95J11.1,0.0020329341369482116
SLC35F1,0.0020323726249043307
RNU6-605P,0.0020319098868624937
RP11-366M4.11,0.002031860872138222
C1orf226,0.002031601372963247
MIR645,0.0020314882852404755
RP11-1081M5.1,0.0020311960417188396
RP11-83B20.6,0.0020311070160456035
RP11-413H22.3,0.002031023181229957
RP11-158I13.2,0.002030830429681128
RP11-24C3.2,0.002030745910599464
RP11-354P17.15,0.0020304048156187583
Y_RNA,0.002030354613673192
AC104076.3,0.00203029529812273
RP11-1223D19.1,0.002030175153188289
ONECUT3,0.002030077951182318
LMO7DN,0.002030030700504036
AC018902.1,0.002029883069289036
RAD21-AS1,0.0020298600283752076
RP4-616B8.5,0.0020293901374454177
DAD1,0.0020293341170228084
MMP25-AS1,0.0020288006951313174
RP11-747D18.1,0.0020287848264159596
MIR6871,0.00202852239514339
RP11-312J18.5,0.0020284661672724845
CDK7,0.002028279772304456
NEURL4,0.0020282707338643504
CTC-246B18.8,0.002028093871857434
STRADA,0.002027675445302121
CYP21A2,0.0020272997779727533
RP11-763B22.7,0.0020268066165653764
EIF3FP3,0.002026801078838929
TAF9,0.0020267998421932827
FRAT2,0.002026791504250314
LINC00052,0.002026433110128644
SEC62-AS1,0.0020259009005560444
RP5-942I16.1,0.0020258940340226995
RP11-767C1.1,0.002025702217999746
RP11-449J10.1,0.0020256873205955666
NDUFA4,0.002025623216711618
UBE2B,0.0020255261976756677
RP11-146N23.1,0.0020253853359899787
RP11-616L12.4,0.0020252706403800693
RP11-950C14.3,0.002024991684902588
CTD-2234N14.2,0.0020249477059088895
ST13P6,0.0020244022221012634
NKX6-2,0.0020242280857594853
AC005740.6,0.00202409974973
RP11-2G1.2,0.0020234387640873713
RP11-150D5.2,0.002023282688952084
OR2AT4,0.0020232531365313397
RN7SL666P,0.0020231928175557896
CFAP53,0.0020229240412625044
RP5-1126H10.2,0.0020226904361878933
SNORD100,0.0020222920545696155
RP11-575I8.1,0.002021415168266077
RP11-267M23.1,0.0020211429864666337
ATP11A-AS1,0.0020209972518033595
MAL,0.0020208069681507254
LINC01535,0.002020706040017717
TMEM60,0.0020204676197200185
CTB-52I2.3,0.0020204267175824354
RP11-638L3.3,0.002019992468266837
CTC-366B18.4,0.0020196777286494113
RANP2,0.0020194218625405585
IMPDH1P11,0.0020193446771010594
SMURF1,0.002019085368341967
RP11-640N20.9,0.002018718465897674
RNU4-34P,0.0020184354752177166
FAM181A-AS1,0.0020182741276503283
AP005135.2,0.002018256723591198
RP11-689P11.2,0.0020181521710197848
C1GALT1,0.0020180016470926353
CTC-425O23.2,0.0020176350384541876
SPEM1,0.0020175502649489026
RPS27AP11,0.0020173900448394403
CTD-2525I3.8,0.0020168291005467657
RP11-156L14.1,0.002016812374299805
DGKZP1,0.002016754300262119
MIR1208,0.0020166956146246235
CTD-2583A14.1,0.002015953007753542
MIR1273A,0.0020156073672646393
AGGF1P8,0.002015594724168213
LINC00630,0.002015532823554429
AE000661.37,0.0020151878166012383
NHP2P1,0.0020149847614752657
EIF4BP8,0.002014955595805336
AC017028.1,0.0020148913041895685
RN7SKP198,0.002014881317328223
AL355480.2,0.00201474032117622
RP5-944M2.4,0.0020147286060217284
RP11-441F2.5,0.002014562634978617
RP11-788M5.3,0.0020144598022175594
RP13-786C16.1,0.0020141603827233544
LRRC10B,0.0020133685063265187
RP11-466F5.6,0.002013335087639276
RP11-807H17.1,0.002013048809865242
PATE2,0.002013027848636133
VN2R1P,0.0020130163678167634
RP11-122L4.2,0.0020129364980003596
DIO2-AS1,0.002012328849401866
RP11-303E16.6,0.002012293598243859
RP4-800M22.2,0.0020120975632265214
GATA6-AS1,0.002012058789457199
GLIPR1L1,0.0020115818660410277
HMGN2P28,0.002011485430509756
RP11-508O18.1,0.0020112700585383034
IFI35,0.0020112541345278295
LINC00320,0.002011016145589381
CTC-235G5.2,0.002010897592581284
RP11-10G15.4,0.0020107692706962227
MCF2L-AS1,0.002010712999990241
Y_RNA,0.002010604882462366
NPM1P24,0.0020105823654694203
RP1-89D4.1,0.002010524937022419
OMG,0.002010486579191296
SNORD3B-2,0.0020104662386477463
ESRRAP2,0.002010323166012837
uc_338,0.0020101442735421483
MIR8087,0.0020100156035959935
RP11-94B19.5,0.0020100002131402833
RP11-168O16.2,0.0020097773524300755
ALPI,0.0020095991889601036
RP11-1033H12.1,0.0020095671791267615
HMGN2P7,0.00200927408751255
RP11-136G2.1,0.002008993405728677
AC064853.2,0.002008982871013176
RPLP2,0.0020087407761684374
AC007191.4,0.002008192645621367
AC092755.4,0.0020078280479858255
RPL13AP5,0.0020077782880290993
AL157359.4,0.0020076942668793584
RP11-366M4.18,0.002007621973727941
RP11-459F1.2,0.002007489480557299
RP11-578F21.10,0.0020073745955140262
RP11-737O24.2,0.0020071110877638793
HRH4,0.0020069900964027197
RP11-370I10.4,0.0020061327549054267
RP11-111F5.2,0.0020059489723327165
MIR331,0.002005519692340641
MIR4305,0.0020049394044058494
ZNF254,0.0020048657764749895
ABCF2,0.002004039739789149
RP11-252A24.3,0.0020034712009760944
AC073094.4,0.0020033964262205915
TYRO3P,0.002003365406754336
RP11-160E2.6,0.0020032920490473806
TIMM17A,0.00200274467312881
RP11-636O21.1,0.002002588510327823
RP11-386G11.11,0.0020023417418898897
IGKV1OR10-1,0.0020022206563813563
CTD-2034I4.2,0.0020020425574827903
KB-1460A1.2,0.0020019329112066597
RPL39P26,0.0020017453801117603
SNORD58,0.002001730184295995
RP11-10N23.2,0.0020017028843986482
RP11-343J3.2,0.0020016821550633904
RP11-21G15.1,0.0020011816570639257
PRR35,0.0020011213004565618
RN7SL815P,0.00200095227848487
EEF1GP2,0.002000503846683635
CTB-47B11.1,0.002000349758170149
RP11-334E15.1,0.0019998809644902744
RP11-66D17.3,0.0019997434470241673
AC006277.2,0.0019996248806120184
CTD-2292M16.7,0.0019993821664177594
DEFB109P3,0.0019991057990188417
OR12D3,0.0019990919228677216
RP11-211A18.1,0.001998583316494465
RP1-84O15.2,0.0019970060697747163
LIPK,0.0019969958590233456
RP11-77K12.9,0.0019969206869889003
RP11-449G16.1,0.001996855297199294
SHISA8,0.00199677883268543
Y_RNA,0.001996321354245682
KIAA1161,0.00199620913360933
RNU2-37P,0.00199587857739685
ZBTB9,0.001995767102553423
RPL7AP11,0.0019955581448879455
RP11-1112J20.2,0.0019955576016014243
RGPD4,0.0019953207797464272
MIR1299,0.0019949583870984464
SKA1,0.0019944577302269404
RP11-327O17.2,0.001994386221110289
LINC01492,0.0019943208699127815
TEX26,0.001994115544081336
RP11-717A5.1,0.001994084795988032
Y_RNA,0.0019936099224970405
ATP5F1P3,0.0019934902341048766
PACSIN1,0.001993446282888764
RP11-29B11.5,0.001993376508322689
RP11-240G22.1,0.001992995525375838
NPM1P21,0.0019929816584435284
CMB9-52H4.1,0.0019923021210906744
RP11-179A10.1,0.001992258240266259
RP11-424C20.2,0.0019921541231102033
RP11-108K14.12,0.0019920505508686484
RPL7AP50,0.0019920210313273613
RPL7L1P1,0.001991954401952697
RP4-675C20.4,0.001991869487287632
FAM217B,0.0019915104614575104
RP11-192P3.4,0.0019913918978419166
RPL7P26,0.0019912541853966148
AC005618.6,0.001991058739995988
AC079584.2,0.0019908775286991034
PCDHA10,0.0019903409506611875
RP11-367N14.2,0.0019900740102464804
ARPP21-AS1,0.001989825254975449
MIR4686,0.0019895531776520634
ANGEL1,0.0019893592753499273
GAPDHP61,0.00198923667643786
PCDHA2,0.001989208207633701
CYB5D2,0.0019891917156177035
C6orf47,0.00198820430593707
HIBADH,0.0019882043010502263
MPC1L,0.0019879733883233866
RP11-27K13.3,0.0019873643895873447
RNU6-1272P,0.0019869146009087978
ZNF700,0.001986891383238999
RP11-793H13.12,0.00198685938345492
RP11-173E2.2,0.0019866559909437987
RP11-656D10.7,0.001986502019693817
RP11-534C12.1,0.0019861027880369165
DNAJC3-AS1,0.001985812734388318
RN7SL775P,0.0019851062722121443
Y_RNA,0.0019850260124000887
RPL7AP60,0.0019849372596704874
Y_RNA,0.0019849145260998832
RP5-1125A11.4,0.0019847801664383885
RP11-254G11.1,0.0019847322835643715
RP11-339B21.10,0.001984469090298745
RP11-482E14.1,0.0019843979775382623
RNU2-60P,0.0019841407492671177
LRRC59,0.0019840378079880516
RNA5SP284,0.0019840360315619304
CTD-2108O9.4,0.001983719638463931
RPL12P10,0.0019835562881670887
RP11-498P14.4,0.0019834125694423274
MTCO1P42,0.0019831570052417937
RP11-946L16.2,0.0019831340788532036
RP11-1263C18.1,0.001982926452787695
IMPA1,0.001982903470631143
RP11-420O16.2,0.0019828021988916957
LL22NC03-32F9.1,0.0019826033106464394
AC092687.3,0.0019824456643932086
RP5-1121A15.3,0.0019823352320711813
COX5BP6,0.0019823273001898516
SPA17P1,0.001981579672577455
KB-1562D12.2,0.0019811901359503108
HMGB3P14,0.001979971664651436
UCP2,0.0019799436080516816
KB-7G2.9,0.0019797499835979295
AC010642.1,0.001979736778508722
RPL10P9,0.001979549588246383
RP11-163G10.4,0.0019792164481922535
RP1-244F24.1,0.001978943232817415
NOP56P3,0.0019786308490154217
RP11-370B6.1,0.0019784553869419373
CTD-2517M22.9,0.0019783431188488305
ANKRD52,0.001978231434798679
RP1-267D11.6,0.001978192085581614
BMPR1APS2,0.0019780536881628522
AC018512.1,0.0019780411784087546
FAM90A11P,0.0019777860697152783
RP4-566D2.1,0.0019771276601858773
CDH12P2,0.0019770925833706406
RP1-63M2.5,0.00197702012801246
C2orf80,0.001976700014868655
RP11-57B24.1,0.001976265384823364
AC008132.15,0.0019758666647882814
CTB-51E13.1,0.001975818138436394
RP11-812D23.1,0.0019756927648015565
U3,0.001975688087042611
GS1-124K5.2,0.001975052625740846
RP11-552I14.1,0.0019750488840663896
RP1-102G20.2,0.0019746396159378175
LINC00871,0.0019746327784398504
RP11-1246C19.1,0.0019744744185067964
RP11-23N2.4,0.001974226916293595
RP11-400F19.12,0.001973978957988467
CTA-212A2.3,0.001973870040477733
RP11-120M18.2,0.0019737533590668864
RP11-167H9.5,0.001973637603573096
mascRNA-menRNA,0.0019731041324091954
CTD-3187F8.14,0.0019730322720554003
RP11-45A17.3,0.0019726512126576412
RP11-22H5.2,0.001972539389120012
RP3-431A14.4,0.001972369585810205
SRD5A2,0.0019722631731621198
SNORA23,0.001971934472509548
RP11-867O8.5,0.0019717018272363937
RNU7-119P,0.001971198526476712
RP3-354N19.3,0.0019709401746989008
CITF22-62D4.1,0.0019708515326552615
MFHAS1,0.0019707475830562085
CH507-513H4.3,0.0019707467044360904
IGFBP7-AS1,0.001970724466456207
RNA5SP28,0.001970316378978747
SKP1P1,0.0019700813214773667
ZFAND1,0.00196987139163443
RP11-87E22.1,0.0019697206434827657
GCA,0.0019693628904913587
Y_RNA,0.001969333487819511
RP11-3G21.1,0.0019692823722140184
TCAM1P,0.001968518468819049
RP11-475I24.3,0.0019684835096561103
RP11-343J18.2,0.0019680792971444087
RP11-167P22.3,0.001967626097036616
IL10RB,0.001967415749894464
IGKV5-2,0.001967358168021079
RP11-79C6.2,0.0019671961148340733
Y_RNA,0.001967090778722515
ZDHHC20P3,0.0019670856030491518
SDCBPP1,0.001966972866930657
SNX18P9,0.0019667263913308174
RP11-1060G2.2,0.0019667235656591364
RP11-727A23.10,0.0019662243634560868
RP11-103J8.2,0.001966046985988493
RHO,0.001965950099917522
RP1-232N11.2,0.001965564518870669
FGF19,0.0019651009439666067
MIR572,0.001965019729048639
RP11-545A16.3,0.0019649612864388356
RP1-296G17.3,0.001964867037657934
AC103563.8,0.0019648111232749713
RP11-555M1.3,0.001964508186599678
S100A11P1,0.0019644107677798655
HSCB,0.001964382515258612
SNORD124,0.0019642065332674853
ENPP7P12,0.001964154564216923
BNIP3P9,0.0019641275458368856
SORD2P,0.001963816652840304
RNU6-456P,0.001963684715941908
TSR2,0.0019635984632286625
Metazoa_SRP,0.001963443906038527
RP11-893F2.5,0.001963258055855802
RP11-46H11.2,0.0019630988979698785
RP11-349A22.2,0.0019630336502382754
EEF1A1P27,0.001962948842663053
RP3-483K16.4,0.001962841290484396
MIR3167,0.001962777645616317
MGAM,0.0019626390794879964
AC006994.3,0.0019618503268068687
RP11-178L8.9,0.0019618293901841164
RP11-301N24.3,0.001961759507759687
RP11-218M11.3,0.00196160207240142
CTD-3157E16.2,0.0019602779976872226
CBR3,0.0019601042385458695
RP11-670E13.3,0.001959875952129455
CH25H,0.001959604339399267
RP11-57C19.2,0.0019590195856145107
HNRNPUL2-BSCL2,0.0019586002071875536
Y_RNA,0.0019577546873621376
RP4-564F22.6,0.0019574066373083654
RP11-264L1.4,0.0019571106999586143
RP11-244H3.1,0.0019563712695231817
RP11-430H10.2,0.00195636423243751
TAX1BP3,0.001956039848421228
RP11-126O1.4,0.001955983950825876
RP11-677M14.6,0.001955629179167192
RP11-401F2.2,0.0019554580522079374
RPL7P57,0.001955428926594872
LINC00686,0.0019549665496500688
TRMT112P6,0.001954626339181183
DUTP4,0.001953949706675555
MIR7160,0.001953489697716701
AC003006.7,0.0019534309631672776
AC025165.8,0.0019534024629509904
RP11-109I13.2,0.001953259486514313
SLC25A20,0.0019528401948069644
RP11-542K23.9,0.0019527171353267204
RP11-311F12.1,0.0019524538600407225
CRB3P1,0.001952360322278991
CTD-2278I10.1,0.0019520903001529887
NEUROD6,0.0019519016577528342
RP11-650L12.4,0.0019508810003176186
CTD-2619J13.3,0.0019505886623300474
AFG3L1P,0.0019505636213642793
RP11-454E5.4,0.0019504593612091985
RP4-597N16.1,0.0019503310701623837
RPS15AP40,0.0019502489639673791
AC005606.14,0.0019501013414812193
GRM3,0.0019500439341296534
HTR5A,0.0019496625302851773
RP4-650F12.2,0.0019496550594862957
RP11-317N8.3,0.0019495458425221916
HAND1,0.0019491919540363556
RP5-874C20.7,0.0019491058769103898
RP11-574K11.26,0.0019487425541731673
NLGN2,0.0019485751076717284
RP11-552M14.1,0.001948470221912114
RP11-955H22.4,0.001947901547140465
RP11-161M6.6,0.0019476282127560574
AKR1C8P,0.0019475540079416022
FECHP1,0.0019474948303165181
Y_RNA,0.001947371003210196
GLTSCR1,0.0019472508371655615
CTD-2587H19.2,0.0019465793066453074
RN7SL285P,0.0019464750428478319
MED26,0.0019463640345742134
RN7SL202P,0.0019462656430616438
MIR643,0.0019460220432899347
RP11-45K10.2,0.001945470233257266
RN7SKP128,0.0019449829895859274
RP5-898I4.1,0.0019448963801640502
RP11-640N20.4,0.001944772207709336
AC114763.1,0.0019445064263075066
PALB2,0.0019444850006138015
AC102953.4,0.0019443819467456014
MAST4-IT1,0.0019441752873503176
CTB-181F24.1,0.001943961489149204
LMNB2,0.0019438556632811457
RPAP3,0.001943244835689361
CCDC85B,0.0019432221953977178
RNU6-1217P,0.0019428567746654177
RP11-571F15.2,0.001942344652729231
MIR92B,0.0019421378341795655
RP11-7M10.2,0.0019418369780741576
RPEP5,0.0019417858939385255
SUMO2P3,0.0019417073027219488
SEC14L1P1,0.0019416686838389485
uc_338,0.0019415933870394998
RNU7-110P,0.0019415214113771612
TAF6L,0.001941335681728088
HS3ST2,0.0019411817936615344
CTD-2046J7.1,0.001940790834635772
RP11-430H10.3,0.0019407154055922087
NDUFA5P4,0.0019406788950913825
RP11-4O1.2,0.0019406054228751162
CTD-2002H8.2,0.001940532668943649
MOCS1P1,0.001940524926877959
CTB-31N19.3,0.001940416146185327
RP4-592A1.2,0.0019401917373122468
PMS2P6,0.0019400846705892461
RP11-841C19.4,0.0019400458405347198
C1orf158,0.0019399073342922244
RP1-52D1.1,0.00193931259321039
RP11-91I8.3,0.0019392873906179818
SAP18P3,0.0019391586535124675
RP11-283C24.1,0.0019391184628440277
CTD-2026K11.3,0.001938839121309939
VDAC1P8,0.0019387633716995908
CCDC26,0.0019384545614115612
AC012363.4,0.001938448515696742
KCNMB3P1,0.0019382061586832582
GABRQ,0.0019381510621760847
ZNF90P2,0.0019378606201457917
RN7SKP151,0.0019375645121251942
KRT17P5,0.0019373818979244962
OTOR,0.0019373663142631405
CSNK2A3,0.0019365362176866313
RPL9P5,0.0019364816494578288
RP11-519C12.1,0.0019362800573002133
RP11-46A10.6,0.0019359363070116315
RP11-640N11.2,0.0019357955344127477
HOXC9,0.0019357785091080706
RP11-1072C15.6,0.0019356630706199765
RP11-529E10.7,0.0019355016818894807
PLA1A,0.0019351647643492923
RP1-168L15.5,0.001935055432119293
HMGB1P39,0.0019349858499789375
PTF1A,0.0019342021885575805
SNHG18,0.0019337224142127803
RP4-620E11.4,0.0019335925485026724
CTF2P,0.0019334432856377296
CTD-2154H6.1,0.0019333646616350446
CTB-58E17.2,0.0019331676980623171
CES1P1,0.0019330579129703813
RPL12P37,0.0019328137301843063
BNIP3P34,0.0019327804515624114
RP11-217B7.2,0.0019327075400027074
FABP1,0.0019325889120242713
RP11-829H16.5,0.0019324937475490845
RP11-614F17.2,0.0019322664380252788
RNU6-171P,0.001931751960315981
RP11-412D9.4,0.0019314580210915897
RP11-618I10.2,0.0019313782654626938
AC012368.1,0.001931342960042279
RP11-223A3.1,0.001931212790692722
RP11-660M5.1,0.0019311210045959335
SLCO4A1-AS1,0.0019310776977021888
RP11-108L7.4,0.0019310609005809701
RP4-816N1.6,0.0019309005326628805
ANKRD37,0.0019307863431199358
TMSB4XP1,0.0019306068184384176
GPAA1P2,0.0019304157780950075
EML2-AS1,0.0019303349085033413
Metazoa_SRP,0.0019302720179611484
FDX1P1,0.0019299297148911109
RP4-718D20.3,0.0019297669936231981
STAT6,0.0019296926643022428
CICP9,0.0019295379923413758
CTB-139P11.2,0.0019295175568122033
LL09NC01-254D11.1,0.0019294756260019215
CTD-2528L19.6,0.0019293950517904547
LINC00494,0.0019289630994499117
MIR5587,0.0019289013664912974
SNORA72,0.0019288350034566027
OR7E158P,0.0019287650032927168
DUS4L,0.0019283787148587932
RNY1P13,0.0019281728635750337
SERF1B,0.001928019782790097
RP5-1125N11.1,0.0019280068117213732
RP11-342M3.1,0.00192784479019715
GDAP2,0.0019277476259364351
RP11-398B16.2,0.0019274495599717958
XXbac-BPG248L24.12,0.0019272658356664053
AC011516.2,0.0019271848564832508
MIR6505,0.0019271391168416523
LINC00387,0.0019271028219147077
FAM9A,0.0019268748736397051
IL12A-AS1,0.0019268366010863618
RP11-314P15.1,0.0019266653122812635
NCAM1-AS1,0.001926586880119718
CTSF,0.001926292280757379
NCMAP,0.0019262097765370709
MT-ND2,0.0019261214925027589
RP1-66N13.4,0.001926010519909672
PNMT,0.0019259212102058657
TSKS,0.0019258558879978122
RP11-169E6.4,0.0019258331995505118
RP11-402C9.1,0.0019252590992060563
RP11-532L16.3,0.0019250639894634854
KLHL2P1,0.0019246900630313776
TSKU,0.001924617335457271
CTD-2254N19.1,0.0019244146786889208
GALP,0.001923667556982241
XXbac-B476C20.11,0.0019232319835102432
CTC-479C5.11,0.0019231885318366075
RPS3AP44,0.0019231158847877509
EBNA1BP2,0.001923103630212049
FADS3,0.0019230001390096734
RP5-940J5.6,0.0019226534272750102
RP5-1099C19.2,0.001922496814115838
DISP1,0.0019224412246064285
RP11-271F18.4,0.001922190300824185
SDR42E2,0.0019215816170085503
SNORA7B,0.0019214266892346283
RP11-138A9.1,0.0019211563238798895
SNORA70F,0.0019210330649097587
CH17-189H20.1,0.0019207005347657955
BANF1P5,0.0019204516183015275
TWF1P1,0.001920310275571643
Y_RNA,0.0019202645076577716
EEF1A1P34,0.001920057954268362
AC006461.2,0.0019199735558568856
SVIP,0.0019199558893777237
RP11-393I23.4,0.001919903844915477
HSPD1P21,0.0019195098159213665
RN7SL166P,0.0019194935107024473
RP11-298D21.3,0.0019192958907887842
RP11-392E22.11,0.0019191235686959493
AC008280.1,0.0019190543282712285
RP3-446N13.1,0.0019189645342832904
RP13-436F16.1,0.0019189472722269398
RP11-554D14.3,0.0019187072950086878
ETFRF1,0.0019186557948361815
RP11-1151B14.2,0.0019182500283235451
PRIMPOL,0.0019180344999674133
GLYATL1P4,0.0019178026817999265
GOLGA6L5P,0.0019175909461888788
RP11-5N11.2,0.0019171993036079312
RP11-300M24.1,0.0019170451013647122
MIR4266,0.0019169733835362507
RP11-288C17.1,0.0019168362213994267
AC011625.1,0.0019161726469706442
RP11-83M16.3,0.0019159876123301103
RP11-588G21.1,0.0019158193604949794
RP11-171G2.1,0.001915374331120961
RP5-1024C24.1,0.0019153235403611896
NAP1L4P3,0.0019151966457152062
RPP25,0.0019144034560259519
ANKRD66,0.0019141103635086192
EVX2,0.0019140281038944854
RP11-680L20.1,0.001913674405332226
RP3-347M6.2,0.0019135476515352444
RP1-182O16.2,0.0019134521033855128
EIF2B5-AS1,0.0019131263537045145
RP11-174G17.2,0.0019128749490705064
AC011284.3,0.0019120714936367432
SNORD18,0.001911725541670397
NEURL2,0.0019116785833134448
ZNF100,0.0019111889609727168
RP11-481J2.1,0.001910956316192246
NPM1P50,0.0019108462204962752
RP11-826N14.2,0.0019108176254022313
RP4-547N15.3,0.0019106738264191845
HIGD1AP1,0.0019106520619550967
OR9N1P,0.0019106420916537093
RNU6-482P,0.0019105846739896134
RBBP4P3,0.0019104666156413057
AC090952.5,0.001909688471518695
TFCP2,0.0019096075679150212
RP11-680F8.4,0.0019095863134582568
RP11-733C7.1,0.0019095643954738788
PSMG3-AS1,0.0019093933573233995
TSGA13,0.0019092634429582337
CA3,0.0019090322547086142
RP11-472M19.2,0.0019088422584371272
SNORD42,0.0019087277320176377
RP11-708J19.3,0.0019085590492076883
CHCHD2P2,0.0019081616504808977
PDCL2P2,0.0019077503708128097
TIGD6,0.0019077097121106817
BTF3P7,0.0019076217106698341
RP11-66H6.3,0.0019075294726731168
MMP12,0.0019072098998073879
LINC01166,0.0019069746250113197
FGFBP3,0.0019069303819576947
RP1-278O22.2,0.001906729406446108
ITIH6,0.0019067209754639696
SNHG6,0.0019062241288981974
FREM3,0.0019060619845027403
C18orf15,0.0019059654528995533
CTD-2281M20.1,0.00190588210297296
RP11-490G8.1,0.0019058193457219407
KRT8P34,0.0019051746464605148
FSCN1P1,0.001905082692094535
ANKRD34C-AS1,0.0019049308472096885
RP11-443O13.3,0.0019046617537837051
HSPA6,0.0019044221434775777
RNA5SP180,0.0019037832959427402
IRAK2,0.0019036556186098875
OCM2,0.0019036476739475853
KRT42P,0.001903392593961197
RP11-318E3.9,0.0019031569985471471
CTD-3148I10.15,0.0019031504968321318
C5orf52,0.001903040380573866
RP11-142A22.4,0.001902958250814302
MIR325HG,0.0019027660404671452
RFPL4B,0.001902421972056514
RPS6P15,0.0019023529486368823
RP11-779O18.2,0.00190228059141035
RP11-101E5.1,0.0019022748845115072
ATP5F1,0.0019022245012679762
TCEB1P21,0.001902166218695068
MTCO1P2,0.0019021221398624337
MT-TD,0.0019020082427894836
AC097523.1,0.0019011939012333235
RP11-996F15.4,0.0019010396509896452
SNORD116-11,0.0019009072179328897
CTC-523E23.9,0.0019006000165481315
RP11-74C13.3,0.0019005304447469386
MIR4719,0.001900529281897615
HESX1,0.0019004270441719954
FABP2,0.0019003668679198858
RP11-881M11.2,0.0019003570091503475
RPL23AP58,0.0019000714960847886
RNU6-856P,0.001899899256967443
RP11-894P9.1,0.0018997619818636104
CCT8L1P,0.001899668241638836
SDCBPP2,0.0018995736613918344
FAM8A1,0.0018995599976999265
AC018730.4,0.001899551738463398
AC025811.3,0.0018993433851252183
MIR4512,0.0018992436173448568
RNU6-920P,0.0018989933749768186
LINC00352,0.0018985339469986245
EXOC7P1,0.0018982204083203965
HMGB1P30,0.0018981753302447087
TPBG,0.001897433780588262
RP11-293A10.3,0.00189740683021399
AC060834.3,0.0018971267016722841
RP11-239H6.2,0.001897100907696062
C1GALT1C1,0.0018967196753443265
MIR1278,0.0018966958636103496
RUNDC1,0.001896018035933751
RP11-290D2.3,0.0018956874565674935
CTD-2666L21.3,0.0018956779292386128
IFNA13,0.0018955082348059817
RP11-155D18.13,0.0018951456293342312
RP11-713C19.1,0.0018951087054368157
RPL5P22,0.0018949883501259686
OPALIN,0.0018948756650323559
RP11-368I23.2,0.001894874957509953
GLCE,0.0018946409904610972
HNRNPA3P1,0.0018946040131951143
RPL37A,0.0018944933173314822
MROH7-TTC4,0.0018943100442567167
TRIM51DP,0.0018942499546143923
MYL10,0.0018941342561549673
CTD-2342N23.1,0.001893895493368296
RP11-589C21.5,0.0018937590578445207
CCT7P2,0.0018934773943636114
AC024937.2,0.0018932356527152686
PTGER4P2-CDK2AP2P2,0.0018931743014845416
RP1-167O22.1,0.0018928890652214082
MIR140,0.0018928306216042187
Y_RNA,0.0018921944044844815
CYP8B1,0.001891775739066268
TMSB10P2,0.001891572936478433
RP11-5P22.3,0.0018915619532629637
RP11-554K11.2,0.0018915518686531498
C16orf87,0.001891358959404727
Metazoa_SRP,0.001891347046766046
RP11-8P11.4,0.0018913028422023028
MIR6081,0.0018912698325762303
RP11-274B21.9,0.0018906516035327374
SDHDP2,0.0018905965108469238
NPM1P43,0.0018905882846562254
RNU6-212P,0.0018898382756469539
KRT18P7,0.0018896120126899044
SPATA42,0.0018895207404075842
TP53TG5,0.0018892655371422966
RP11-156F23.2,0.0018892252710751422
FAM90A20P,0.0018890978807942055
AC005042.1,0.0018889344241200309
GAPDHP59,0.001888902119574646
SPATA31A7,0.0018888599901921298
ADAT1,0.0018887363201410363
CTD-3203P2.1,0.0018887321487365111
MIR4682,0.0018886849579581875
RNU6-238P,0.0018884793090023907
RN7SL499P,0.0018884196637439744
RP11-515E23.1,0.0018879740139403657
PITHD1,0.0018878113111868763
TAS2R12,0.0018876836926798768
ANKRD54P1,0.0018875376663920701
CTC-278L1.1,0.001887349245420931
RP11-794A8.1,0.0018871206025715492
MIR4689,0.001886806981607756
WI2-89031B12.1,0.0018866122133192544
RP11-285G1.2,0.0018865979098646993
VN1R2,0.0018864045373833513
RP11-872D17.4,0.0018862609520116096
LELP1,0.0018862545252283454
LRRC53,0.001886128499499122
MTND6P22,0.0018859495559099418
RN7SKP234,0.0018859194937803836
RP11-460I19.2,0.0018858512061323963
Z95704.3,0.0018858381892616358
AC009505.2,0.0018857135675359098
DNAJB8-AS1,0.0018854765072326217
RP11-242O24.3,0.0018848759159249397
AC007161.5,0.001884531692024465
NPAS4,0.001884451647105834
KCNQ1-AS1,0.001884329733467745
RP11-444D3.1,0.0018836484537167412
RP11-560G2.2,0.0018836386953815553
CTB-162E12.1,0.0018831094013928747
BARHL1,0.0018827022724435443
MYCBP,0.0018825748605227313
UGCG,0.0018819007297417917
RP11-204L24.2,0.0018817453840713192
SNRPCP13,0.001881557575193154
RP11-380P13.1,0.001881539667094468
RN7SL864P,0.0018809600248019562
RP11-195M16.3,0.0018807686990654257
PRDX3P4,0.00188066081937191
RFTN2,0.0018803554447868118
RP11-385E5.5,0.0018802987934727416
MIR6814,0.0018800570801867718
SNORA71A,0.001879620661863526
RN7SL442P,0.0018796008795920508
PCDHA12,0.0018794747295330734
MTND6P19,0.001879394034339458
MTRNR2L12,0.0018791500255135349
RP11-195F19.30,0.0018791094256400199
RP11-798G7.6,0.0018788487527401886
RAB28P4,0.0018788092332217828
IGHV3-36,0.0018788024173273458
Y_RNA,0.001878557622879262
MTCO2P2,0.0018785186123947753
CHMP1B2P,0.0018783237171941087
snoU13,0.0018782269414999138
RHOQP1,0.0018781769714457056
ZNF33BP1,0.0018775807208392381
TUBB7P,0.0018775381309364082
PRPS1,0.001877168554414508
CTD-3023L14.2,0.0018771633755883027
PSMB11,0.0018770518541672103
TAF1L,0.001876798793934222
TRAPPC12-AS1,0.0018766691180823975
RNA5SP468,0.0018765480750611422
HNRNPA1P67,0.0018764725296490483
SOX1,0.0018763530670685255
MIR4448,0.001876323606241144
RP5-1061H20.4,0.0018762628276750165
TMEM212,0.0018761409625623147
RP11-123K3.9,0.0018760666212746173
NDUFA5P2,0.0018760654194694237
CTB-85P21.1,0.0018759778368444336
RP11-185E8.2,0.0018759330098544798
INTS6-AS1,0.0018753722305914007
RP5-1180C18.1,0.0018752249928521056
RP5-1063M23.3,0.001874941304689174
RPS20P20,0.0018742726031710588
AC093326.2,0.0018739445306314114
RP11-20B7.1,0.0018736350665130882
RP13-631K18.5,0.0018736016524402957
RP11-247L20.3,0.001873226894526241
IGLV3-9,0.0018731596989464258
NRBF2P3,0.001872987765971334
SMIM10L1,0.0018727117503984094
VPS13A-AS1,0.0018726973464196477
RN7SKP244,0.0018726801968964378
AP000345.4,0.0018725684709376125
DAPK1-IT1,0.0018724958119630622
ERH,0.0018724644762109308
RHEB,0.0018722142944649625
RP11-613H2.3,0.0018721484218413211
KRT31,0.001871651173060013
LINC00844,0.001871522015007443
RP11-351I24.1,0.001871493250373329
TMEM254-AS1,0.001871469349281286
OR7E28P,0.0018714111949174963
RP11-334L9.1,0.001871398019775274
RP1-224A6.8,0.0018709225174981473
RCC2P6,0.0018705446458685967
GSTT2,0.0018704308639985448
RP11-867G23.1,0.0018703994515849593
RP11-719N22.2,0.0018701551454143636
AC132008.1,0.0018699502562481948
RP11-397P13.6,0.0018695686379022382
RNU6-1313P,0.0018693799875393055
FAM35CP,0.00186927900470409
TIGD1,0.001869196428976543
CGA,0.0018688245053724737
AF064858.7,0.0018683965197868924
CCDC39-AS1,0.001868155800813274
SNORA71C,0.0018681464583114812
RP11-2G17.1,0.001868046441679911
RP11-753A21.1,0.0018679305229550637
RP11-87G24.6,0.0018678694454014235
RP11-295M3.2,0.001867859234976827
RP11-196O2.1,0.0018677536446562151
RP3-521E19.3,0.001867750374766134
PTPRD-AS1,0.0018676265266341023
HTR5A-AS1,0.0018671830080905355
RP5-1071N3.1,0.001866909685131389
RNU6-36P,0.001866901640566118
C17orf47,0.0018667965409534235
SLC9A3P2,0.001866786088001524
RP11-158M2.4,0.0018667033889593924
RFPL4AP3,0.0018666659419634747
MIR6088,0.0018665308205579505
FAM90A2P,0.0018664963507228785
HMGN1P19,0.001866386196650523
RP1-192P9.1,0.0018662583756538429
AC004383.3,0.0018661951750755697
MIR27B,0.0018660947194270154
LINC01491,0.0018658261138762094
EEF1AKMT1,0.0018656441421674322
RP11-548K12.13,0.001865019493906381
RP5-1112D6.7,0.0018642196196182465
RP11-631M21.1,0.0018640798762222873
RP11-422J15.1,0.0018639859310755028
RP11-33O4.1,0.0018639031330598937
RP11-77O7.1,0.0018638789287971
RNU6-1282P,0.0018637174760446826
BRCC3P1,0.0018637090170498397
RNVU1-2,0.0018635907484814574
FIZ1,0.0018631218834719537
AP001059.7,0.0018629670218544383
RP13-122B23.8,0.0018627549778542413
RP11-79E3.1,0.0018625528440852212
SNORA63,0.0018622037532693087
LINC01549,0.0018621126903707375
RP11-534L20.5,0.001862043341751289
RN7SL680P,0.0018614303039538654
AP003774.4,0.0018610773815408773
RP11-162A12.4,0.0018608937860383659
AC006116.22,0.0018608827234187554
RP11-884K10.7,0.0018607510167937772
RP1-60O19.1,0.001859851856461295
FAM58A,0.001859782055912768
SETP20,0.0018591237854312733
RP11-474P2.6,0.0018590693935301588
ACVR2B-AS1,0.0018588057856207146
GPR83,0.0018583257096254546
CYP2T3P,0.0018577776937621054
RP11-272D12.1,0.0018577584104264187
LINC01187,0.0018574036722364613
PINX1,0.0018573602885231105
AC002429.4,0.0018570853586960725
RP11-506E9.3,0.0018569074598172818
Z84721.4,0.001856840059743132
CTD-2233C11.2,0.0018564454886372498
FNDC7,0.0018562365580703907
RP11-809N8.5,0.0018561844719699441
B3GNT9,0.0018559980537734987
PNRC2P1,0.0018559565154213375
RP1-159M24.1,0.0018557776036371443
SNORA12,0.0018553447809787746
RP11-17M24.3,0.001855333669946853
YBX2P1,0.0018552634746220695
NNAT,0.001855237956450474
snoU2_19,0.0018546265900400286
RP11-1102P22.2,0.0018537188644870163
RP11-365O16.5,0.001853677080840699
RP5-896L10.1,0.0018532888480267708
MIR4717,0.0018532168137346192
CTD-2319I12.4,0.001853167819178111
TIMM29,0.001852850222193379
MICALCL,0.0018526984659329
ARNTL2-AS1,0.0018525686697891323
CTB-129P6.7,0.001852387710722317
SPANXN1,0.0018523776009536914
RNVU1-6,0.0018519345168110906
RPL13AP2,0.0018517754900724862
RP11-379K22.2,0.0018517375024028622
LNX1-AS2,0.001851657821637382
FPGT,0.0018514616166962167
CTB-54I1.1,0.0018514362661463904
AC006262.5,0.0018512964879108245
RPL30P14,0.0018511867706474615
RP11-113C12.2,0.001850922975051326
RP11-730G20.1,0.0018508149761993712
DUTP3,0.0018506453813404607
RP11-472G21.2,0.0018504731585894235
FLJ22447,0.0018503949948337575
PADI1,0.0018503265965510763
SEPT2P1,0.0018502747354137772
RPL36A,0.001850018517861752
CTD-2336O2.1,0.0018498313120468223
PRR18,0.0018497675256507749
AC108676.1,0.001849623111531798
RSL24D1P11,0.0018490888525009828
VIS1,0.0018490626218318205
MIR3151,0.0018489830262396199
CTC-527H23.3,0.0018484783560136094
RP11-355F16.1,0.0018480097810740245
BTF3P10,0.0018478287748982742
RORA-AS1,0.0018477321330947836
THSD4-AS1,0.0018474825290946027
AC010084.1,0.0018473451372476612
MIR4290HG,0.0018473044413762278
RP11-707P17.2,0.001847280740386833
AP004372.1,0.0018469684340738381
ZNF277,0.001846709680486084
RPL18P10,0.0018465984976981818
RP11-321G12.1,0.0018464368615354677
P2RX6P,0.0018463969274824547
MIR6070,0.001846392058837092
CTD-2555O16.1,0.0018463424559632812
LSG1,0.001846232372090898
OR13C5,0.0018462101578818168
RP11-1021N1.1,0.0018460300851169602
RP5-837J1.6,0.0018460023179643662
RP11-755B10.3,0.0018453405388764157
Six3os1_2,0.0018452516511644397
RP11-659P15.1,0.0018451933000774307
MTND4P23,0.0018447112281173269
PCDHGB2,0.0018446328271102639
CD24P4,0.0018446261476095878
IGKV1D-43,0.0018443367236442051
SLC15A5,0.001844231438665551
CTD-2639E6.9,0.0018441722848165545
RP11-114M5.1,0.0018441152773748853
RP13-578N3.3,0.0018440424409765098
RP4-555D20.3,0.0018440098668088215
TDGP1,0.001844001948073576
RP11-758I14.3,0.0018439294371819283
HIST1H4B,0.001843861509188331
RP11-789C2.1,0.0018434746131099518
Y_RNA,0.001843457782290861
RP11-686D22.6,0.0018433731161431497
CTA-342B11.2,0.0018433155602705716
MIR6077,0.0018432680960681915
RP11-798M19.6,0.0018429680800379341
RP11-723J4.3,0.0018427181967404455
SNORD81,0.001842630573981372
MIR4453,0.0018424183307588443
CCNG2P1,0.0018422900576625153
RP11-259G18.3,0.0018422330111123118
CA5BP1,0.001842082156338571
DENND1C,0.0018418114693379971
RP11-35O15.2,0.0018415634430845452
OSTCP6,0.0018410176035089027
LINC01133,0.0018409443597796136
AC005062.2,0.0018408912680641053
ANKRD49,0.0018407729513370463
HMGB1P16,0.0018406635151140957
RP11-521I2.3,0.0018406471515834417
RPL9P28,0.0018404101034237344
RP11-181C21.4,0.001840357245918282
RNU7-195P,0.0018403552582440064
RNU6-15P,0.0018403518066337579
RP11-579A4.1,0.001840222376273902
Y_RNA,0.0018401369812341766
AC008281.1,0.001839686918214068
AP000432.2,0.001839646191001335
RP11-162A12.2,0.001839366873863322
XRCC2,0.0018379348061314592
RP11-20L19.1,0.0018374245717116048
RN7SL711P,0.0018372564962471315
SAMMSON,0.001837051933686562
NDUFB5P1,0.0018369396229217314
RP11-210N13.1,0.0018368811723577098
SULT1C2P1,0.0018367207128282986
CCDC177,0.001836362330718068
GBAS,0.0018363061815013047
CTC-204F22.1,0.0018361133368133928
NPBWR1,0.00183597267566165
RP11-70F11.11,0.0018358752607978038
HTR2B,0.0018357890865100036
UQCRC2,0.0018355526503484212
LINC00629,0.0018351100935786644
AC004051.2,0.001835048821766001
RNU6-888P,0.0018349222984056026
RP4-681N20.5,0.0018346924019902603
KRASP1,0.0018346923408923182
BLACE,0.0018346539361899447
RP1-77H15.1,0.0018345490077303667
AC073628.1,0.0018345189781866968
RP11-1081M5.3,0.0018341492886604846
RP11-80B9.4,0.0018340419618399822
GLULP4,0.001833952568002325
CDHR2,0.0018339277278527624
CTC-534A2.2,0.0018336098080141629
RP11-644L4.1,0.0018335971822350861
TMEM246,0.0018335077340038781
MIR8069-1,0.0018328811415780734
ZNF299P,0.0018328334269653408
RPL35P1,0.0018325798421535953
RP11-510I21.1,0.0018321358214637856
RP1-283E3.8,0.0018320217285002322
RP11-74D7.1,0.0018318818156160567
LINC00623,0.0018315380065433136
CTD-2035E11.3,0.001831536684931931
CD24P2,0.0018312487499459694
ATP6V1G1,0.0018311362598233938
LINC00276,0.0018306687163481452
ENPP7P5,0.0018305573830306278
AC068535.2,0.0018304715944667445
CCT6P2,0.0018303104061730094
RP11-234N17.1,0.0018303033416643209
RP11-236J17.6,0.0018302094557027682
MTND5P31,0.0018301289331725012
RP11-430L3.1,0.0018297794715599308
CYP51A1P2,0.00182961838663684
RN7SL806P,0.001829538927026295
AC012494.1,0.0018291844354248407
RNU7-63P,0.0018291551575488243
DYNC1LI1,0.0018289936303712254
IGLV3-29,0.0018289924049568933
RP11-267D19.2,0.001828722476251619
BNIP3P18,0.0018280792818531862
NANP,0.0018279660030603101
MTATP6P11,0.0018279439868985176
JMJD7,0.0018278281696493149
AC007131.2,0.0018273908401658875
RP11-170N16.3,0.0018272054375786844
GSTA4,0.0018271469564684843
MIR4799,0.0018268483532051351
ELMO2P1,0.0018266180552133577
RP11-31I22.2,0.0018264917529515678
LINC00304,0.0018263531007341593
SERPINA3,0.0018262174010271138
AC012065.4,0.001825778206534304
RPS20P23,0.0018257231719202135
RPL7P32,0.0018256351636131104
RP11-748H22.1,0.0018255060335465381
AP000462.2,0.0018254785338433263
RP11-400K9.1,0.0018253512710825518
NXF2B,0.0018252521473657178
VAX2,0.0018251413328443863
Hammerhead_HH9,0.0018250383412868742
RP11-184J23.2,0.0018243831719306327
LL0XNC01-36H8.1,0.001823918856551293
PGM5-AS1,0.0018237027427121934
PISD,0.0018233343334982386
RNU6-414P,0.0018232233181087025
RP11-222N13.1,0.0018228441942507742
RP11-323C15.2,0.0018227590415814626
ZNF655,0.001822724842445162
IGHV1-14,0.0018227171266958378
MIR4637,0.001822592211404476
RP11-12M5.4,0.001822419351515253
AC091729.8,0.0018222383090666704
LLPH,0.001822083964798537
EIF4BP2,0.0018220692684989294
RP11-299L17.1,0.0018217716695672174
CTD-2034I4.1,0.0018213518990480247
RPL35P4,0.001821210926400644
TMEM115,0.001820866161306583
LINC00904,0.0018208596016052252
RP11-363E6.3,0.0018204798301876266
EIF4A2P1,0.0018204443065406224
RP11-346J10.2,0.0018204322301709794
MKLN1-AS,0.0018202880349550718
MIR4646,0.0018202533946597996
uc_338,0.0018201916096101565
CTD-2194L12.2,0.00181997302500086
RP11-344N17.2,0.001819873531448967
RP11-461M2.2,0.0018197455583469659
Y_RNA,0.001819585042080041
RP11-772C9.1,0.0018191973024730375
Y_RNA,0.0018191173005981086
CDK7P1,0.001819002565426532
TOMM20P4,0.0018185759209208116
RP11-297M9.1,0.0018182500174532543
RP11-428C19.4,0.0018180828301710803
HNRNPCP4,0.0018179718874291421
RP5-1097F14.1,0.0018178763753396716
OR5B12,0.0018176736294838556
CTC-499B15.8,0.001817648568360989
DOLK,0.0018173938592767028
MIR626,0.001817308263690057
PHACTR2-AS1,0.00181706489053456
RN7SKP15,0.0018167861563465322
AC008759.1,0.001816767331431488
OR51J1,0.0018167645617731478
AL356135.1,0.0018165059888490102
BTF3P1,0.0018163802569536708
AKR1C4,0.0018162776373152644
BSPH1,0.0018162307613767193
RP5-906A24.1,0.0018162182481915833
RNU6-346P,0.0018160138367985118
SALL1P1,0.0018160029522884071
RP11-203I16.7,0.001815980610708708
OTOP3,0.001815759196098304
SYNJ2-IT1,0.0018156279432063114
ACTR3P3,0.0018154066559902182
AC007126.1,0.0018147132286885689
MSGN1,0.0018145591048214045
RP11-314A20.5,0.0018143852576650193
B3GALT6,0.0018141688565470875
NPIPA8,0.001814014849721471
CTD-2194D22.2,0.0018139214004188487
RP11-214K3.23,0.0018139032682078543
RP11-339A7.1,0.001813894039345567
SMLR1,0.00181358437399548
RP11-245P10.6,0.001813449378468994
ST3GAL4-AS1,0.0018132252720410764
MIR1291,0.001813141586210667
RIDA,0.001813103763046287
CTC-510F12.7,0.001812906224611921
NPM1P36,0.0018128760442047418
CELA3B,0.0018127762978437263
RP11-121A14.3,0.0018126889523833788
TMEM221,0.001812533036967042
RP11-395I6.3,0.0018124479840530602
CTB-47B8.1,0.001812391127323362
RP11-698N11.2,0.0018123434356430842
MTATP6P17,0.0018122362078257632
RP11-397P13.7,0.001812017179205384
AC006273.5,0.0018120077446470235
LRRC6,0.001811715197306344
LINC01521,0.0018116412328809547
TERF2,0.0018113792774672218
LA16c-380F5.3,0.0018113368809414307
RP11-714G18.1,0.001811037746163345
JUND,0.00181102417740352
SRGAP3-AS2,0.0018105248344355595
RNU6-132P,0.0018104021442696481
RP11-1090M7.3,0.0018103296953827321
RP11-162D9.3,0.0018101455446488974
GLULP3,0.0018100453404121624
Y_RNA,0.001810026734867851
SDCBP2P1,0.0018097992026528766
CTD-2636A23.2,0.0018096483188962975
LINC00434,0.001809637663711959
EAPP,0.001809266982233785
RP11-530C5.1,0.0018090974801068741
CH507-154B10.2,0.0018089033128945056
RPS3AP15,0.001808703085140593
uc_338,0.001808596968356067
AKR1B1P1,0.001808239829981057
RP11-492A10.1,0.0018080402971291899
CTB-167B5.1,0.0018078674498577575
HIST1H4C,0.0018076508787619211
KRT18P57,0.0018069394532697974
YPEL5P2,0.001806876195648328
RP11-21C4.5,0.0018066193343435927
RP1-145M24.1,0.001806561592790775
RP11-272L13.4,0.001806463368014209
SLC2A13P1,0.0018062931402674075
CTB-22K14.1,0.0018061229548895694
RP11-324D17.1,0.0018057986351142478
RP11-315A16.1,0.001805669817860369
RPL5P27,0.0018054963604168192
RP11-658F2.8,0.0018054137192518908
RP11-1102P22.3,0.0018052652656708067
RP5-1000K24.2,0.0018051914626734395
PTP4A1P7,0.0018051034812303034
RP11-162K11.4,0.0018050181132021328
AC092839.4,0.0018049488281346626
CH17-13I23.2,0.0018048958290075496
OR7M1P,0.0018046307662769505
RAD23BP1,0.0018045897462544765
RPL7P8,0.0018041763245555866
PHKG1,0.0018040350540405885
MTCO1P21,0.001804017865302671
AKAP6,0.0018038693981048382
MIR4786,0.0018034047383686956
KCNV2,0.0018028241607241779
RNU12,0.0018025721410154939
PRKAR1AP1,0.0018024316830220727
RP11-1167A19.6,0.0018024048966491326
RPSAP4,0.0018022549240987427
EIF3K,0.0018021930346851843
RNA5SP309,0.00180208380515457
FCF1P5,0.0018019646927572997
RP11-977G19.10,0.00180132840616932
RPL13AP25,0.001801219043256905
SPRR2D,0.0018007729829752725
AC012442.5,0.0018005497030178297
CTD-2128A3.2,0.001800417318912282
MCM3AP-AS1,0.0018003788034338317
RP11-261P13.5,0.0018001222607718077
CTC-313D10.1,0.0018000755158983904
RP11-669M16.2,0.0018000367855807759
TECTA,0.001800024755578067
RP11-688I9.5,0.0017997134667084977
OPRPN,0.001799699660761231
MEIG1,0.0017996578038191357
CTD-2619J13.16,0.001798842285432474
SLC35B3,0.0017987436944246372
NRAV,0.0017983993262796598
RP11-565P22.6,0.0017983596764107475
AP001439.2,0.0017982244400934029
RPL7P25,0.0017979396470993606
CTC-308K20.1,0.0017977667170193097
LINC00290,0.0017973038921348808
RP11-215P8.1,0.0017965885231772938
RNU6-1138P,0.0017964932074220378
ZNF629,0.0017962133626349447
SFR1P1,0.0017960693481050031
RP11-320H14.1,0.0017960442671258652
VN1R5,0.001795980554020965
AC009961.3,0.0017958248721314312
ASS1P1,0.0017955293285830455
RP1-101A2.1,0.0017954654127064725
RP5-994D16.3,0.0017948452628164656
MTND4P30,0.0017947504466801789
SLC6A21P,0.0017945615253539117
MTND1P27,0.0017945590200545826
RNY1P15,0.0017945465725462354
Y_RNA,0.0017942080181770875
AP000281.2,0.001794002986510658
MIR6750,0.0017939782699758885
RPL21P1,0.0017939367128751037
RN7SL845P,0.0017936410019277203
RNU6-589P,0.0017933671042948385
RP11-134E15.2,0.0017931862757079738
RP4-704D23.1,0.0017931820185809963
CCR10,0.0017930317415439496
SMCR5,0.0017926782793406188
RP11-254A17.1,0.0017921076748204244
PPP1R8P1,0.0017919417936312994
RPL7AP30,0.001791404631898111
CTD-2538G9.5,0.0017913893612964567
AC004129.9,0.0017911362234807587
WDR87,0.0017911089316288219
MIAT_exon1,0.0017906431645952914
RP11-22B23.2,0.0017903980403020717
RP11-272L13.2,0.0017902364731876745
PPP2R2A,0.0017898961899824116
AC084121.17,0.001789602094948362
HCG9,0.0017894736113983685
ARHGEF34P,0.001789401773700472
RNU6-799P,0.0017892361936629898
RP11-486A14.2,0.0017891783548406519
MIR1915,0.0017889178835883506
HNRNPA1P61,0.0017886714383554294
Metazoa_SRP,0.0017884452130981182
CHODL-AS1,0.0017882537585261144
RP11-598D12.2,0.0017880601046777632
RP11-231E19.1,0.001788012337517817
RP11-16K12.1,0.0017878958622121353
CTC-457E21.9,0.0017878290272150474
OTOG,0.0017877017334116943
RP3-431P23.5,0.0017873250912193769
AP000797.2,0.0017871893768287913
CD200R1L,0.0017868925740557504
AF111168.1,0.0017868005141503317
MIR5190,0.0017867208214561675
RP11-385M4.1,0.001786503397149254
MIR129-2,0.0017863319209212626
RP3-453P22.2,0.0017861564092878973
RP1-241P17.4,0.0017860193804995251
PKN2-AS1,0.0017858699261475586
CTD-2623N2.5,0.0017855345640508358
ZNF556,0.0017853507413428348
RSU1P2,0.0017850901608208016
ORC5,0.0017849595867773338
MTND5P33,0.0017848764023883162
RNU7-107P,0.0017847737971966606
PABPC1P11,0.0017842482017200057
RP11-867G23.12,0.001784130430274426
TAT,0.0017838103948320573
RP5-1065J22.8,0.0017836910219667004
NDUFB2-AS1,0.0017836758800098946
RP11-14N9.2,0.0017832111186412282
RP1-72A23.1,0.0017831828037406247
ASB8,0.0017830016320316327
CELF2-AS2,0.0017829290247425068
RP11-134K1.2,0.0017828393984456277
TMEM8C,0.0017823887719903846
RNA5SP450,0.001781845499422528
CTD-2666L21.1,0.0017816265661592552
GLUD1P7,0.0017815419261788003
MIR548P,0.0017809803309847198
JHDM1D-AS1,0.0017809710592181793
TTTY16,0.0017809376347898964
RP11-386G11.8,0.0017808678829703479
INSL5,0.0017807462181451956
NDP-AS1,0.0017807428018951077
SNORD117,0.001780358314392894
IGHV4OR15-8,0.0017803287446892023
RP11-497D6.3,0.0017803246572779606
TMED1,0.0017802316132929177
CH507-210P18.3,0.0017801135257398454
BNIP3P19,0.001779899951901056
TRPM2-AS,0.00177948001493463
MIR888,0.0017794047503044115
RP11-404O13.5,0.0017791184253311777
COPS8P3,0.0017789892843121577
RP11-42O15.2,0.0017788213035727007
HIST1H1E,0.0017786774027620693
RP3-395M20.7,0.0017786592661932189
LINC01559,0.0017785565501598339
RP11-665C16.6,0.001778519719526038
KRTAP5-3,0.0017784301249489753
ZNF317P1,0.0017782353960519772
RP11-386M24.3,0.0017779705835862948
CYP4F36P,0.001777954319735954
RP11-369K16.1,0.001777890976831858
VN1R85P,0.0017771030171885277
CYP51A1-AS1,0.0017770156293990002
RP11-163O19.1,0.0017769573767451028
RP11-573G6.9,0.0017768766930370656
AASDHPPT,0.0017768749966316345
RP3-432I18.1,0.0017760249927671462
BEX4,0.0017759678319328683
MT-ND3,0.0017758209484281173
RP4-580N22.2,0.0017751061533979534
KB-1572G7.3,0.001774717061033224
AC097381.1,0.0017744517441508887
RP11-147L13.7,0.0017743763853575133
CH507-24F1.2,0.0017743497733709874
ANKRD30BP1,0.0017741363625032077
BAATP1,0.0017740906302414808
IGKV1OR22-5,0.0017737009440053379
Y_RNA,0.001773668385555354
RP11-425L10.1,0.0017730926760068616
LMNTD1,0.0017729294955813268
RP11-20B24.4,0.0017728959497411028
VTRNA1-3,0.001772853564790007
GLTSCR2-AS1,0.0017727672121512837
RP5-837I24.1,0.0017727383837179444
LINC01603,0.0017727229063791842
LINC01287,0.001772413652753247
RP11-34F13.3,0.001772106245332362
WI2-87327B8.2,0.0017720953081864638
RP11-397C18.2,0.0017713365874768856
DDX3P2,0.0017710565763072025
AC003092.1,0.0017709194623066662
CTC-482H14.5,0.0017707398890954033
RP11-640I15.2,0.0017707137131373744
RP11-49O14.3,0.001769918784266781
OXCT1-AS1,0.001769814432539618
AC087501.1,0.001769563293858803
RP11-481J13.1,0.0017695380209025043
NENFP3,0.0017694275074223735
MIR371B,0.001769025821031753
ACOT6,0.0017689289942941656
RP5-1016A21.1,0.0017689261775702399
HSP90AA6P,0.0017688610963157948
ANXA2R,0.0017687712037347285
SNORD116-29,0.0017682458029491643
IGLV7-43,0.0017681060721212929
AC068196.1,0.0017680545641621747
CTD-2544M6.1,0.0017677768477738687
MIR3147,0.001767441620314483
MTND4LP5,0.0017670180079491944
AP000997.3,0.0017668744649461195
RPS2P41,0.0017668285544955489
NAT10,0.0017665334636393782
LINC00890,0.0017662219723683999
HSP90AA5P,0.0017656817356248313
MIR1224,0.0017656464619485064
RP11-398H6.1,0.0017655840111811918
RMRP,0.0017652089010548862
FKBP1C,0.0017650935042574179
RP11-18H21.2,0.0017650245769827908
RP5-1142A6.8,0.001764724643082418
TTC14,0.0017645146372593588
BCL2L10,0.0017645032853615694
DPPA5,0.0017643793942332792
MIR4736,0.0017643353742147054
RP11-632B21.1,0.001764235608587356
AC114730.2,0.001764229322711991
RNU6-925P,0.0017640950107744285
GATAD1,0.0017640860385300466
RP11-3B7.7,0.001764070090765852
TMED10P2,0.0017639018949709845
RP11-327J17.2,0.001763435127401921
VN1R12P,0.0017633973227616073
ZSWIM7,0.0017633868600790623
AC078851.1,0.0017631200518501023
RP11-600L4.1,0.0017629276948677216
SMIM17,0.0017624525678252025
RP11-374P20.4,0.0017623979284725245
CLRN1,0.0017623632931449537
AC108925.1,0.0017623489353454822
U3,0.001762218927664017
PIGB,0.0017620857705024355
GTF2E2,0.00176208402556504
C2orf27AP1,0.0017617723522844503
IQCA1-AS1,0.0017617528205981193
RP11-357H14.17,0.0017616959944221678
HNRNPA1P28,0.0017614717044873492
FOXD1,0.0017604958387010246
RPL17P33,0.0017604602214334676
UNC93B3,0.0017604532700070106
HCG4P8,0.001760043135212223
Y_RNA,0.001760038238216399
DPYD-AS2,0.0017600042577229902
MIR575,0.0017595023513903257
AC011518.1,0.0017593915210480974
TNPO1P1,0.0017587657933393573
RNU6-1011P,0.0017584461194780057
RP11-293E1.1,0.0017583162801103772
AC066615.1,0.001758187554940494
RP11-473O4.3,0.0017579691883723315
RP11-522B15.1,0.0017577789481635726
RP11-299L17.3,0.001757752738607536
RP11-302F12.10,0.0017575053349890995
IGHV3OR16-16,0.0017574660961063892
CTD-2008P7.9,0.0017574598504291918
RP11-223I10.1,0.0017570049151429171
RP11-315E17.1,0.0017566952710245628
RP11-526P6.1,0.001756172728470811
ESRRAP1,0.0017559366531289076
RP11-18H21.3,0.001755867530711155
PAICSP3,0.001755728103181478
AC007682.1,0.0017554778431207486
RP11-775G23.1,0.0017552099390311085
AC012354.8,0.0017552054544645078
HNRNPDP1,0.001754871099399256
HSPD1P11,0.0017546901703253915
SGO1-AS1,0.0017545964352996954
LINC00294,0.0017544538972912914
RP11-755O11.2,0.0017543461975666967
DNASE2,0.0017541474985845317
COL6A4P2,0.0017540801062004196
LINC00907,0.0017540661015770793
AC011530.4,0.0017539831603181455
AC067969.2,0.001753891990322724
RNU6-540P,0.0017538859119636736
IGKV3OR2-5,0.0017537175022940854
RPL23AP52,0.001753588498513102
RP11-180M15.3,0.00175357246527092
RXFP2,0.0017534942471325145
AC005304.1,0.0017533425479867833
AC008440.10,0.0017528065009545107
ZXDB,0.0017525009794637815
RP11-771F20.1,0.001752466449938146
PCDHGB4,0.0017523073582898332
RP1-249I4.2,0.0017521503660826304
PPARGC1A,0.0017519969970018782
ARL5AP4,0.0017519862932762493
PTENP1-AS,0.0017519154407131437
AC137934.1,0.0017519013351890345
RP11-506O24.2,0.0017518693550091474
CTB-33O18.3,0.001751444167041292
RP11-14N4.1,0.001750774815881509
RP11-544M22.13,0.0017507692487138437
SCGB2B2,0.0017504235587376756
RP11-806L2.5,0.0017503575747795763
C4orf26,0.001750093833070121
FZD3,0.0017498689991973717
RP11-109N23.5,0.001749607370717877
CTD-2555A7.3,0.0017492725889664195
TMEM132E,0.0017487046826690914
RNU6-1053P,0.0017483327031297612
ST13P19,0.0017480450395646091
KB-68A7.1,0.0017479110671707973
MARS2,0.001747860195253946
SNORA48,0.0017474892670389763
RP11-278H7.4,0.0017471625071293654
RBP1,0.0017466763244474394
RPS4XP3,0.0017463081054550087
AC007875.2,0.0017463045244083383
FGF12-AS3,0.0017459816343091677
ERVH48-1,0.0017458576683145857
AC024592.12,0.0017458324655923677
LIN28B,0.0017456859801623305
MIR151A,0.001745598866467435
CTD-2649C14.1,0.001745575203686712
RN7SL338P,0.001745555041673161
FAM71F2,0.0017451479156606687
RP11-342L8.2,0.0017448990309899617
AC090154.1,0.0017448778008860182
WDFY3-AS1,0.001744739141948341
RP5-1042K10.10,0.0017446508784130072
RNU5D-1,0.0017444040356897064
AC004870.5,0.001744364645627335
RP11-599B13.7,0.0017438758751684225
RPL7AP10,0.0017438031273882305
RP5-1021I20.5,0.0017437066001911674
RP11-404O13.4,0.0017435255089943223
SNORA74,0.0017435188459278923
SMIM11A,0.0017433288043904361
OR6V1,0.0017430771372724848
FHIT,0.0017428653801518114
KRT77,0.001742629911445622
CD3EAP,0.001742605922659971
RP11-44I10.3,0.0017425696053975088
AFF2-IT1,0.0017425354385502039
TNPO1P3,0.0017424499056733708
ZHX1-C8orf76,0.001742296648416709
FAM66D,0.0017421929663128852
BX842568.4,0.0017415129856611223
RPS26P56,0.0017413344608788262
LINC01330,0.0017411573101691156
UBXN2B,0.0017408897538673403
SNORA14A,0.0017405329284641675
KRT39,0.0017405265509136984
RP11-700P18.2,0.0017403367973937989
S100A7,0.0017401830418821262
XYLB,0.001740179829621236
FSBP,0.0017400184635070583
RP11-77K12.1,0.0017395488366558584
MLNR,0.0017395131793572116
SNORA36,0.0017394847854488972
AHSA1,0.0017394333321104239
RP11-392O1.4,0.0017392835777951484
RP11-619L12.4,0.0017389444719644283
RNU5F-1,0.0017389404191182354
RP11-338L22.2,0.0017389328853888767
WEE2,0.0017388651252872483
RN7SL789P,0.0017386131337497868
PHF5A,0.0017384464943372918
AC092628.3,0.0017384032398703043
HELLPAR,0.0017383347778023358
RP13-492C18.2,0.0017381878775880838
RP11-1006G14.1,0.001738077454750109
PCYT1B-AS1,0.0017380316884595527
SLC25A38P1,0.0017376434670291138
SNORD114-23,0.0017376318728254754
COPB2,0.0017375450457227483
MIR4715,0.0017373398743102569
ARRDC3-AS1,0.0017373293287235138
RP11-30H9.1,0.0017372801910220614
RGS9BP,0.0017371286191899455
AC008937.3,0.0017370535873313297
SMIM2,0.0017368443263455662
RP11-305L7.5,0.0017366655710287467
RP11-286N22.6,0.0017366533205259488
MIR548E,0.0017361240581651035
RP11-458F8.1,0.00173609021185651
LINGO4,0.0017359336480624
RP11-158M2.6,0.0017358897935823212
RP11-108F13.2,0.00173586105538993
AC011897.2,0.0017358534115455519
CATSPER3,0.0017356640612772821
CTB-167G5.6,0.001735133348201061
PPIH,0.0017350178277240965
RP11-342M1.7,0.0017347202074328584
RNU6-1025P,0.0017346964988607383
RP11-330M2.4,0.0017342837490133779
MT-TH,0.0017340471899099721
CTB-109A12.1,0.0017340120709006166
NDUFA6-AS1,0.0017339972330073694
RP11-622C24.2,0.001733849043004498
RNU6-487P,0.0017337489235774528
CCDC75P1,0.0017337414519241782
RP11-509J21.2,0.0017337350552768516
CTB-108O6.2,0.001733627910610479
ZNF311,0.0017334958389302014
RP11-583F2.2,0.0017334852315739554
TMEM229B,0.001733475071330626
THRA1/BTR,0.0017333725745692944
AC245100.1,0.0017332188107695955
MIR3131,0.0017332014876595453
PPP2CA,0.0017332008799666333
RP11-932O9.10,0.0017331648422557956
RP11-211N8.6,0.001732946309762024
RPS19P3,0.0017328536248078514
RPL41,0.0017326844902182381
MBL2,0.0017324414684660573
MIR342,0.0017322988837454117
PABPC1P3,0.0017320779097136463
RPL36AP29,0.001732040962130802
LINC01551,0.0017319705693257083
FAM90A25P,0.0017319607915735494
RP13-15M17.1,0.0017313424765990457
NF1P3,0.0017312975577308339
IGHV3-71,0.0017312466619786243
RP11-120A1.1,0.0017311320497681905
C21orf91-OT1,0.00173079929521336
SNORD6,0.0017307011532996343
PDZPH1P,0.0017300679770950826
CTD-3046C4.1,0.0017299969350760389
MTRNR2L13,0.0017299002566155538
OOSP1,0.0017298591478011264
C2orf16,0.0017296806112110275
RP11-887P2.5,0.0017296718008621246
RP11-44N17.1,0.0017296121036621452
LINC01160,0.0017292321545783957
TMED2,0.0017291856441181337
CTD-2007H13.1,0.0017284094673793477
RP11-936I5.1,0.0017283017435278476
U95743.1,0.0017282015692464082
CHL1,0.0017281226693375605
ZBTB20-AS4,0.0017281014797016839
OGFOD1P1,0.0017279815657698244
RP11-381P6.1,0.0017278944545946998
RP3-508I15.22,0.001727799400304457
RP11-70L8.5,0.0017275801955348525
RP11-348B17.1,0.0017272823720829635
ENSAP2,0.001726679098835317
RP11-576E20.1,0.0017260254031664808
MFSD8,0.0017258421139789057
BTNL3,0.0017257694352575876
SMG5,0.001725757606133116
CRYGFP,0.0017257136736827808
SNORD14,0.001725454877104636
SNORD115-40,0.0017252345574904273
RP11-247A12.2,0.0017251725552405576
EP300-AS1,0.0017250113133117158
RP11-798G7.8,0.0017242925618949747
LYG1,0.0017242778644856467
RP11-946L16.1,0.001724226812206978
RP11-442N1.2,0.0017239664858652779
RP11-44D5.2,0.0017239173353058926
SERTAD4-AS1,0.0017237244450023863
Y_RNA,0.0017237075975014208
RP11-15F12.3,0.001723705091828918
RP11-175G14.2,0.0017236766393574534
ZNF263,0.0017232838819295534
MIR708,0.0017230628132922417
RP11-5G9.5,0.001722414335727563
PFN1P4,0.0017223965510408017
RP11-436M15.3,0.0017219219822930806
AC068538.4,0.0017218509360313733
HNRNPA1P14,0.0017216741397936303
FASN,0.0017215208411484792
CICP24,0.00172118892191954
CDC45,0.0017211739184145277
RP11-401N16.2,0.0017209623188127587
SNX5P1,0.0017208604874869946
SETD6P1,0.0017207058403701722
WASF3-AS1,0.001720505663528434
RP11-314B1.1,0.00171982276737494
RP11-58K22.1,0.0017195623403504976
RP11-285G1.9,0.0017195347801422013
HNRNPAB,0.0017190136406640166
RP11-434C1.4,0.0017189684903657452
HINT1P1,0.0017184375991130799
AC008937.2,0.0017182584642323404
ARL4AP5,0.0017180045058742513
HIST2H3C,0.001717915459629244
MEIS1-AS3,0.0017177250230878927
RP11-270M14.1,0.0017176598800593044
CNTN2,0.0017176433063106741
XXbac-BPG154L12.5,0.0017176218403385044
RP11-1C8.6,0.0017173452127029992
AC073109.2,0.001717144793468436
RP11-453O22.1,0.0017167765352656655
RP5-943J3.2,0.001716753140662462
MUC7,0.0017167283940353057
HSD17B1,0.0017166933230162217
RP11-973N13.4,0.0017162981189187058
RNA5SP219,0.0017161150634589302
AK7,0.0017160208484124481
RP11-68E19.2,0.0017153685213198945
NDUFB6,0.0017146047993894114
AWAT1,0.0017145063621291032
RP11-973H7.3,0.0017144518230649039
IGHD1-14,0.0017143842835811462
CCNJP2,0.001714336596887825
SNORD77,0.0017142019999265188
RP11-831F12.3,0.0017141122328293073
CREB3,0.0017139327094535914
RP11-159N11.4,0.001713931852270028
GAPDHP67,0.0017139183341024658
RPL27AP5,0.0017136412185668113
IGHV1OR16-3,0.0017136321114047288
RP11-43D4.3,0.0017136008678517243
AC144450.1,0.0017134918631020923
RNU7-96P,0.001713463264939299
SPRR2C,0.0017128002289749438
SNORD113,0.001712445003063161
RPL10P16,0.0017123288322715609
PFN1P9,0.0017123187630017009
MROH5,0.0017120817407315471
AP000223.42,0.001711218183497376
FAM212B,0.0017105894673170735
RP11-160C18.2,0.0017103931301825376
AP000797.4,0.0017103838963061946
AC005253.2,0.0017102841601624767
IMPDH1P6,0.0017099346058341695
CTD-2236F14.1,0.0017098090793785836
TRAJ36,0.0017096644610450353
LINC01476,0.0017095623731850217
RN7SKP163,0.001709526718122522
PPP1R32,0.0017094065155154306
RP11-81H14.4,0.0017092937867133372
CTB-39G8.2,0.0017092595974713774
DCTN6,0.0017091444131959934
SEPT7P8,0.001709071669590599
SKA2P1,0.0017090375060000605
LINC01361,0.0017088324291219435
RNU6-588P,0.0017087453124605013
MRPL51,0.0017086752038341908
RP11-324J13.3,0.0017086264551325818
ZNF251,0.0017086017924012452
RPL36P19,0.0017084604900102502
SEPT7-AS1,0.0017083952458620984
RP11-666O2.1,0.001708235306192783
ITLN1,0.0017081568020247714
MYL12AP1,0.00170798744408422
RP11-508N12.3,0.0017078819937938348
SUSD3,0.0017076521486582793
Y_RNA,0.0017072012854514702
SNORD114-12,0.0017070759843098734
RP3-471M13.2,0.0017070342086898907
RPL36A-HNRNPH2,0.00170701004518712
CH17-264L24.1,0.0017068307116130982
DAB1-AS1,0.0017067939512310885
PGAM1P3,0.0017066266111460712
HNRNPA1P55,0.0017065594417206512
RP1-104O17.3,0.001706283664093749
RP5-973N23.4,0.0017061911871785883
RP11-408H20.3,0.0017060905616220871
MTND1P21,0.0017060122040579051
KRT83,0.0017059833401897474
CTD-2623N2.11,0.0017054618012880612
DDIT4,0.0017049464180645976
PABPC1L2A,0.0017047397019990663
C3orf67-AS1,0.0017046693187558386
MIR8071-1,0.0017044940815170522
KATNBL1P2,0.0017043279175002603
ENPP7P9,0.001704163096607011
MUC2,0.0017041388337997237
RP11-252I14.1,0.0017040077169326834
RP11-631N16.2,0.0017039409893310725
RP11-402P6.9,0.001703798210914283
AC097721.2,0.0017036299601432413
PATE3,0.001703008344189119
PRDX2P3,0.001702974521128602
HIST1H2BB,0.0017028941626689648
C6orf132,0.00170287321452612
UMODL1-AS1,0.0017028635289319679
DLX2-AS1,0.0017025387724024664
RP11-27G24.1,0.0017023855638834049
CICP10,0.001702331322668982
RPL31P12,0.0017022757202972171
PIAS4,0.0017022322905013438
RP11-96O20.2,0.001702199098788597
TAF5L,0.0017021627710890176
MIR4753,0.0017020800482258243
RNY4P7,0.0017018048598410015
CTD-3126B10.4,0.0017011379646965019
RP1-69M21.2,0.0017006279433139054
RP11-950C14.7,0.0017005639533680679
RP11-495P10.10,0.0017001505280742437
RP11-393N4.2,0.001700115725878451
CTB-171A8.1,0.0017000104984409151
RPL37AP8,0.0016998140086194233
AL117190.1,0.0016995255026665981
RNA5SP515,0.00169930883049024
RP11-742D12.1,0.0016991738723022235
LINC00862,0.0016991696350656968
RN7SL30P,0.0016988066932703942
CTD-2544H17.2,0.0016985773480023445
ATP6V0E1P3,0.0016985363229494012
RP11-701B16.2,0.0016983041532478732
RP11-96B5.4,0.0016981497960574785
RP11-395E19.6,0.0016978012645008022
RP11-510M2.1,0.0016977310286712102
TAF9BP2,0.0016963617662232465
RP11-700H6.4,0.0016963387887653674
RPL7P37,0.0016963108035896774
RP4-612C19.2,0.0016960175929851954
CTD-2193P3.1,0.0016959808272575773
OSBPL10-AS1,0.0016959239279366065
RP11-568A7.4,0.0016958957066513954
RP11-439I14.3,0.0016957923351198722
SAR1P1,0.001695554963108879
OR1G1,0.0016955060677670412
RP11-823E8.3,0.0016951502368156434
RP11-219B17.3,0.0016951154653995352
PGM2L1,0.0016947380070985233
AC008155.1,0.0016946331549023272
RP11-395L14.3,0.0016944694035340448
PLBD1-AS1,0.0016944084411228105
RP11-47P18.1,0.0016943839047338794
AC012513.4,0.0016943456928805991
SPINK4,0.0016941858113910756
BRK1,0.0016940971503730414
KRTAP1-5,0.001694087044475847
BDNF-AS,0.0016939030323441368
CTC-258N23.3,0.0016938975625042205
RP11-586K2.1,0.0016936808990766757
MRPS36P1,0.0016935566518886446
ANKRD20A10P,0.001693478562578964
RP11-498M15.1,0.0016931355376125082
RP11-769N19.2,0.0016931125892733839
SNORA15,0.001693051884571732
RP11-565F19.2,0.0016929711771904172
RP11-504P24.5,0.0016926849969661681
ZNF888,0.0016921115423736573
RP11-959F10.5,0.0016921097896825234
RP11-863P13.2,0.0016919737127926793
TRPC5OS,0.0016918655638255256
SULT1E1,0.00169127957500382
CEP76,0.001691195358753957
C9orf129,0.0016909361983892504
RP11-849N15.4,0.0016909287934487205
RP11-253E3.1,0.0016908506523138126
RP11-446E9.1,0.001690654738925901
AC073326.3,0.0016906288427537054
RP11-540K16.2,0.0016905078675495055
RP11-302K17.3,0.0016902629347938444
RPL6P27,0.0016900379528257425
RNU6ATAC16P,0.0016899950210812384
MRM3,0.0016899233938078484
RP11-872D17.8,0.0016891418302380516
OR6B1,0.0016890172582784703
RP11-532L16.1,0.0016890000827018716
MTND1P36,0.0016886571094811588
RP11-454P7.1,0.0016884031460099853
OR6J1,0.0016884021910742112
RP11-391L3.5,0.001688113923568917
RP11-1396O13.1,0.0016881097687265975
RP11-461L18.1,0.0016880947515709513
CTD-2542L18.1,0.0016878066116877163
MIR7845,0.0016877964655830754
CTD-3162L10.3,0.0016876649085706403
FLJ33360,0.0016875455751530653
CTD-2358C21.5,0.0016873102933737125
AC072062.3,0.0016871805506577754
IDH2,0.0016869435610771108
RPL39P36,0.0016869168231810187
RP11-272L13.3,0.0016868660596861492
KB-1507C5.3,0.0016867327295912856
AC072061.2,0.0016866122433740083
RP11-561I11.4,0.0016862237501149545
FLNB-AS1,0.0016861991435462914
NAF1,0.0016858057812115927
RP11-863P13.5,0.0016855236098309784
ZNF559-ZNF177,0.0016853898016933432
RBM43P1,0.0016852478042108307
RNU6-657P,0.0016852212248690422
SLC30A1,0.0016849102702749023
NPY6R,0.0016845885703786424
ZNF865,0.0016843885870156266
AC005703.3,0.0016843374516384946
RP11-182J1.12,0.0016841081771243377
SNORA75,0.0016840910719951095
TRMT5,0.0016834781651252993
SUMO2P18,0.0016834237845146395
RP11-211G3.3,0.0016832941236924665
LLNLR-249E10.1,0.0016831306318194233
RP11-79O8.1,0.0016830214537703711
RP11-329B9.5,0.001683008149291781
YRDCP2,0.0016829005113623459
RP4-794H19.1,0.0016823641131669118
SPINT3,0.0016822723648193213
HNRNPABP1,0.0016821716545543462
FHP1,0.0016813668497382987
RP11-142L4.3,0.0016811545817982244
RNU1-75P,0.0016809779324401058
MIR4419A,0.0016807580064232299
CTD-2525I3.5,0.0016804837480640558
RP11-659E9.4,0.001680290540095971
RP11-125H8.1,0.001680281331671989
RAD51AP1P1,0.0016799320950411545
TRAV33,0.0016795329208501729
U2AF1L5,0.0016792946157099446
LIN28A,0.001679162976590762
TDGF1,0.001678580451312344
RN7SL361P,0.0016785633099692602
BRS3,0.0016778555784981298
RP5-1069C8.3,0.0016774982749456573
CTB-127C13.1,0.0016774767287483874
RN7SL801P,0.0016774421149183241
LURAP1L,0.001677370154791834
RP11-35G22.1,0.0016768062127289125
CTC-444N24.11,0.0016767546995055112
DPF2,0.0016767476763438344
CICP8,0.001676463118196516
IGLV2-33,0.0016764631070757116
LINC00700,0.0016764311760595842
RP11-366H4.3,0.0016762868181537743
RP11-351I24.3,0.0016759874918442874
RP11-162D16.2,0.0016759666370726946
DDX53,0.0016757072280258463
KSR1P1,0.0016755721774984432
MANBA,0.0016743824804128556
RP11-706O15.7,0.0016743481289845665
RPL31P54,0.001674242949975441
ARPC1A,0.0016740759598498358
RN7SL788P,0.0016737921542821902
SNORA84,0.0016737260139204927
ZBTB7C,0.0016734452860598587
FAM218A,0.0016733941057221356
CTC-321K16.4,0.0016730457192253012
FUNDC2P2,0.0016729766236624603
ODF2-AS1,0.0016729170683029767
CTA-444M12.3,0.0016727098715487727
RP11-349G13.1,0.0016726353382729659
RP11-458I4.2,0.0016726240246961058
RN7SL668P,0.0016723854386237328
GMPR,0.0016718999910361088
RP11-140I16.3,0.0016718308415271444
UNGP1,0.0016718135458600708
RP1-80N2.4,0.001671286171785398
AP000487.4,0.0016711722498278475
TNK2-AS1,0.001671165174197652
LARP4P,0.0016711614838367463
RP1-179N16.3,0.0016710026895572223
KB-1980E6.3,0.0016708142792881656
RPS28,0.0016707645252857367
RP11-105C19.1,0.0016706675514141333
MIR548AN,0.0016705157317231257
TBC1D9,0.0016701306713890647
CITED4,0.001670072467062568
DYX1C1-CCPG1,0.0016699593554573278
RNU4-2,0.0016698777049300925
CASC22,0.0016697774299181864
UBA7,0.0016697576971126406
RP11-968A15.8,0.0016697299806368805
MKRN3,0.0016696975622673448
KBTBD13,0.0016696268594264436
LINC00343,0.0016692286791839227
EI24P1,0.001668954883148773
ZNF736P9Y,0.001668784019938012
RP4-580O19.2,0.0016687195200789338
ZC3HAV1L,0.0016685847436882183
CARHSP1,0.0016680560830616862
RBBP8P1,0.0016679785729929208
RPSAP41,0.0016678364912037606
RNA5SP74,0.0016678037731912793
TBC1D3P1,0.0016677646148633412
RN7SL426P,0.0016675938236340342
CADM4,0.0016674907648553696
RNU1-70P,0.00166732308754002
RNU6-911P,0.0016668080407008965
AC005105.2,0.0016666646346552702
RN7SL459P,0.0016664917657499738
GLRX5,0.0016663196738456064
ENO1-IT1,0.0016661583351358974
NOX3,0.0016661298136309158
ZADH2,0.0016659604394563458
RP11-391J2.3,0.0016658675275280166
GLIDR,0.00166539657948226
RRM2P4,0.0016652999274744567
HIF1AP1,0.0016651520323794178
MTND4P4,0.0016651234978153208
CTD-2647L4.1,0.0016649038716900382
OR11Q1P,0.0016645732217084402
RPL14P1,0.0016645378297572388
HNRNPA1P25,0.0016644077904034746
MYF5,0.0016642158208623867
RNU1-33P,0.0016641067318643608
CTD-2373N4.3,0.0016640901762816985
GOT2P3,0.0016639068215366071
RP11-744I24.2,0.0016637487537663172
TECTB,0.001663633103907467
RP5-894A10.2,0.0016635686061256137
FAM3C2,0.0016635548766627231
RP11-118M12.2,0.0016633868685113748
AC116609.1,0.0016632195709701636
L29074.3,0.0016631361274195
SDAD1P2,0.0016630894658840208
LINC00613,0.0016628943223466496
RNU6-141P,0.001662862396662791
HOXB-AS1,0.001662606496291716
RP11-792A8.1,0.001662356701490267
GRAMD4P7,0.0016621813959370358
RP1-190J20.2,0.00166211122699027
RN7SL583P,0.001661411065956884
BMP2,0.0016608284517787859
C9,0.0016605784964000647
RP11-477E3.2,0.0016605084340453311
AC007192.4,0.0016601104128334987
ABCB10,0.0016597778382367292
RP11-346L1.2,0.0016596462315152086
FOXN3P1,0.0016595772025259988
AC012456.3,0.0016594512226136432
NREP-AS1,0.0016591440976488237
CTA-313A17.2,0.0016588941093430892
RP11-575L7.4,0.0016588374020641038
LINC00703,0.0016588214939059114
MIR1972-1,0.0016586639365599965
EIF5P1,0.0016581868239497026
Y_RNA,0.0016581113765838742
LINC01416,0.0016579676869571253
RP11-15I20.1,0.0016578917445145493
RP4-593H12.1,0.0016577064378349336
RP3-388M5.8,0.0016571387701887473
MIR3648-1,0.0016570025573544222
RNU1-36P,0.0016569123390781494
IMP3P2,0.0016562657440340597
MYCNUT,0.0016561552548182228
CTD-2033D15.2,0.0016561336076038559
AC068134.10,0.0016559762345575962
MIR320C1,0.00165583672567126
RNA5SP345,0.0016557751685908248
RP11-82O19.1,0.0016554769502775382
RP11-348P10.2,0.001655429048471534
LINC00536,0.0016552891191038263
PSCA,0.0016551910717332915
AF186192.6,0.001655147018448471
KB-1460A1.5,0.0016551261146475831
SNRPGP10,0.0016549857942583918
PLCXD2,0.0016548240774475074
YWHAZP7,0.0016544572660472303
RP11-400N13.1,0.0016543959997355237
ANKRD63,0.0016542532302327125
RP11-64K12.9,0.0016541632295885044
RP11-537A6.9,0.0016538667914496256
FAM86DP,0.0016531741796102365
RPS11P5,0.001653157652498679
CSRNP2,0.0016529994750354915
RN7SL743P,0.0016528056345782574
LINC00395,0.0016526404029214008
RN7SL384P,0.0016525134697767344
KLF2P4,0.0016524871455702117
PKP4P1,0.0016524467156214563
RP11-178L8.4,0.0016523535857386601
IGLL1,0.0016522527426331736
RNU6-547P,0.0016521185802044979
RP11-394O4.3,0.0016518244571928453
HIGD1C,0.001651780344266537
NOS2P3,0.001651698355851736
MALAT1,0.0016514066044355238
AP000962.1,0.0016509857155054032
RNU6-733P,0.0016506910411148816
RP11-414C16.1,0.0016500959965479566
RP11-792A8.3,0.0016500919727797268
TM4SF19-AS1,0.001649824024809002
RP11-691H4.3,0.0016495098649353566
RP11-883G14.1,0.0016493549663286415
RNU7-151P,0.0016492404764539936
CTB-99A3.1,0.0016489553714143406
RPL7AP3,0.0016489548505031904
RAB28P2,0.0016486940187165665
CTD-3222D19.9,0.001648634492348
RP11-461L13.5,0.0016483293952813927
THAP11,0.0016477974187435174
RP11-863H1.1,0.0016475431990754649
AC019064.1,0.0016475349310968064
RP6-99M1.3,0.0016468744013826923
MRPL57P3,0.0016468344542580693
RP11-643A5.2,0.00164675624592962
EEF1A1P9,0.0016466712858119086
RP11-262H14.5,0.0016464475426652212
TUBB2BP1,0.0016463280849515396
RNA5SP268,0.0016463203992896096
IGLV5-37,0.0016461763591054078
RP11-674P19.2,0.0016461020105491627
LINC01378,0.0016460761968447432
IPO5P1,0.0016460722996771249
CTA-797E19.2,0.0016458291879693464
RNA5SP163,0.001645714102770508
RP11-115H15.2,0.0016455527786657716
RP11-750H9.7,0.0016454887264488833
SLC9B1P2,0.001645435325064443
RP5-842K16.2,0.0016449537013875466
SCGB2A1,0.0016447329237760995
ULK4,0.0016446877377629839
RP13-923O23.6,0.001644591722792126
CTD-2036J7.1,0.001644525451665473
Metazoa_SRP,0.0016442456896163652
RPS15AP3,0.0016438973722921514
GPX1,0.0016437150159454427
MIR34C,0.0016436030109199776
CTD-3193K9.11,0.0016432664019281162
AC004158.3,0.0016432479069561194
GTF2IP4,0.0016428910511092163
RP11-578F21.2,0.0016427385049844418
RP11-3K16.1,0.0016424814362301055
LINC01301,0.001642440450385725
AC004540.4,0.0016423487057636744
CTC-539A10.7,0.001642262907614474
AC016700.6,0.0016420806918430422
GLRXP1,0.0016417367742158863
EEF1A1P41,0.0016416467936155516
RP11-23I7.1,0.0016414886710323234
RP11-66N11.7,0.0016410220323660426
SLC25A28,0.0016407987064648878
PIP4K2B,0.0016403457950250587
RP5-1024G6.5,0.0016403167871418085
RP11-133F8.2,0.0016402646934474277
AC079354.6,0.0016401886956329164
C21orf140,0.0016400358780739228
RP11-424M24.3,0.0016392663824706187
AC017101.10,0.0016389176547279404
SND1,0.0016388836220564715
LINC01126,0.0016387690856283657
RP11-703M24.5,0.0016384069231968736
RPL5P11,0.0016383899081007442
MIR3133,0.0016383763838184555
GBF1,0.0016383069859495195
RDH10,0.0016382333681801843
AC006460.2,0.0016381735573507143
CH507-513H4.4,0.0016380450318571227
RP11-588G21.2,0.001637858420615899
RP11-142M10.2,0.0016376613404524485
AC010132.10,0.001637633507774647
RN7SL309P,0.0016374377722497852
RP1-102G20.5,0.0016373414306448653
RP1-229K20.9,0.0016370192375006517
RP11-509J21.4,0.0016366821528821904
GS1-114I9.3,0.001636624939849571
Y_RNA,0.0016360195101017853
ZBTB3,0.0016358077983985556
IGKV1OR1-1,0.001635652143174339
CLYBL-AS2,0.0016353200262724501
FKBP1AP2,0.0016353094702134907
RP11-1140I5.1,0.001635257311266642
PIGUP1,0.0016351841070103407
RP11-467J12.2,0.0016345835888732661
PSMC3,0.001634465946615162
AC104984.4,0.0016343804093622114
RP11-384C4.6,0.001634272793108704
GS1-166A23.2,0.0016342053573418138
AC106900.6,0.0016341655787390206
RP11-10N23.5,0.0016340472359322655
RP11-406A9.2,0.001633876307475054
RNU6-834P,0.0016338702498848712
CDH20,0.0016338009026352087
RP11-136H19.1,0.0016336559273463437
RP11-260O18.1,0.0016334380901876768
GPR151,0.0016333339417873743
CTD-2201G16.1,0.0016328151680478093
MAFG,0.0016326186978161128
RP4-756H11.5,0.001632382432136712
KRT32,0.001632271763379435
RPL41P1,0.001632022842938923
SOCS2-AS1,0.0016319235450964209
U4,0.0016319156130440878
LINC01593,0.0016317665553980348
MRPL45,0.0016317342190787718
EEF1A1P38,0.0016316554635951272
NDUFB4P12,0.0016316038227797175
ATP6V0E1P2,0.0016316000182798386
RP11-527H14.1,0.0016315909082858474
HELT,0.0016315554539201775
LANCL2,0.0016313913206496384
RNU6-992P,0.0016313375656401064
CTD-2285G11.1,0.0016313136496816161
FDXACB1,0.0016308353266883048
AC099552.3,0.0016308308284631924
U3,0.0016307604874834956
AC000081.2,0.001630470446254631
Metazoa_SRP,0.0016304558558240072
HIGD1AP17,0.0016302890314601045
RP11-167J8.3,0.0016302174967343628
RP3-510L9.1,0.0016297143894831736
RN7SL472P,0.0016296941741289071
CENPO,0.00162968650930942
RP11-174G17.3,0.0016295660811823122
RP11-274B21.5,0.0016295546493003037
ACTL7B,0.0016295087452144572
RP11-111D3.2,0.0016294432372160987
IGLVI-56,0.001629036803959825
RP11-655M14.4,0.0016290320071683133
HTR2C,0.0016289537441053384
RP11-164O23.5,0.0016284922546669514
TPT1P4,0.0016281584176193503
BCAS2,0.0016279502423538648
TMSB10,0.001627774810955526
SETP3,0.0016276676645421316
AL121578.2,0.0016274860661990192
PCDHA5,0.001627441291147815
RP11-122C21.1,0.0016272001193728175
RP11-474P2.2,0.0016269702336530988
SLC25A6P2,0.0016269649909529948
RP1-45I4.3,0.0016265547388206968
RP5-906A24.2,0.0016264860713902413
EIF4BP9,0.0016259771228629208
RNU6-1292P,0.0016257265053877456
RP11-543P15.3,0.0016252271762115004
RPL23AP88,0.0016249336829219096
RP11-127O4.3,0.0016247816543047092
HBZP1,0.0016241457818414338
ZDHHC20P2,0.0016230869633295148
AMIGO1,0.001622876737226712
RP11-18B16.1,0.0016227910443469878
RP13-753N3.1,0.0016227070684513812
MEI4,0.0016225567599452613
FLRT3,0.00162232132624037
PNMA1,0.0016222816624722031
CTD-2553L13.5,0.0016221665276117308
ARAP1-AS2,0.0016221227766235872
AC034110.1,0.0016220277194935562
RN7SL145P,0.0016219765346848212
SLED1,0.0016215851243164565
GOLGA6B,0.0016213413439176204
RNU6-618P,0.001621290894845999
CBX1P2,0.0016211607547595543
RP11-388M20.6,0.001620833056489502
KB-1440D3.14,0.0016206868051797769
LINC01441,0.0016206679434854635
SLC6A10P,0.001620474025311752
CTA-392E5.1,0.0016204603374825762
RP11-230F18.5,0.0016202809647798402
RP11-574F21.3,0.0016201685617179677
RP11-216N14.5,0.0016196159240003285
F2RL1,0.0016195455101082
RP11-509E10.1,0.001619510179494542
RP5-1174J21.2,0.0016193400955079496
LDHAL6DP,0.0016192449540977907
XXcos-LUCA11.5,0.0016191242480899078
XXbac-B444P24.8,0.0016190124316118092
RP11-120K18.3,0.0016188506876710703
RP11-305M3.2,0.00161873647913632
ZNF853,0.0016186645123803488
STT3B,0.0016185606185931973
CTSV,0.0016185315256232085
MIR26A2,0.0016184993070724675
LINC00642,0.0016182148988629784
RP5-1050D4.4,0.0016181694547958109
RP4-613B23.5,0.0016180847923000328
RP5-1068E13.7,0.0016177776307241597
RPS13,0.001617569379377912
RP11-211A18.2,0.0016172892404622194
ADORA2A-AS1,0.0016171244079905586
HNRNPA1P43,0.0016169634701034875
AC005150.1,0.0016167436816107688
NPM1P46,0.00161669608971453
AC007383.6,0.0016163758238298025
RP11-325L12.7,0.0016161298676140303
MTND4P15,0.0016161124715329217
AC005477.1,0.0016160704615464415
RP11-252I13.1,0.0016159878628057755
RP11-40A13.2,0.0016158917695500406
RP11-147G7.3,0.0016157418505514595
RP11-7K24.3,0.0016151226338660977
KBTBD11,0.0016145101182752821
CBX1P3,0.0016144625492046608
CTD-2630F21.1,0.0016138117544474023
SNORD67,0.0016136959957232665
RPS12P17,0.001613667419191954
AF131215.4,0.0016132887039654218
ALKBH5,0.0016132843166755668
RORB-AS1,0.0016132012296817978
GPAT2P2,0.0016129320621506905
AC004791.2,0.0016124428358296767
RP1-267D11.1,0.001612353551555402
RP11-484O2.1,0.001612343308290447
PPP1R11,0.0016120494913966252
LINC00331,0.0016118761450526259
PKMP5,0.001611565727706253
RP11-338K17.10,0.0016113808011828038
NCOA7-AS1,0.0016111644181220593
S100G,0.0016099025929325738
RPL12P19,0.0016098020127948555
RP11-495P10.3,0.0016097846297195378
RPS4XP21,0.0016092443351589801
CRCP,0.0016092020593975937
RPL21P104,0.0016091520260922334
RP11-320N7.1,0.0016084930373125425
MTCO1P53,0.001608326880273024
AMMECR1,0.0016082926738434755
NTN1,0.0016077384354617591
DCLRE1A,0.0016071253874580108
RP11-613C6.4,0.001606841527325758
RPL5P4,0.0016066866304227827
TWF2,0.0016066324185397562
PLAC8,0.0016066069126342369
RP5-998H6.2,0.0016056312823684673
RP11-389O22.5,0.0016054420727035625
RP11-730K11.1,0.0016052314068328059
PSMD7,0.0016052224549238392
LINC01255,0.0016052195597864825
MIR2355,0.0016051352789032837
RP11-1101H11.1,0.0016048019376813983
CTD-2246P4.1,0.0016047588434841382
ADD3-AS1,0.0016046997918406037
RP11-46E17.6,0.001604610913272403
RP11-1197K16.2,0.001604498757931896
CIDECP,0.0016043930299646043
LA16c-313F4.1,0.0016043267940461133
RP11-395D3.1,0.001604310302238737
MIR6131,0.0016042979733399115
AC011343.1,0.0016041502560699614
CST3,0.0016040928929733735
XKR3,0.0016034607127534256
RP11-389O22.4,0.001603455709912581
LINC00624,0.001603401032207341
FAM85B,0.0016033765861569018
RN7SL564P,0.0016031708218495243
RP11-252M21.6,0.001602917876782749
RN7SL715P,0.001602577063481239
SNURF,0.0016024501625084996
CTD-2102P23.1,0.0016023223281565807
RP11-452J6.2,0.0016023123758565957
F5,0.001602193813876182
SNORA15,0.0016016966498317619
RP11-28G8.1,0.0016016112533688788
CTC-499B15.6,0.0016013999092643358
PPIAP24,0.0016011994084460094
PEX13,0.0016009576367125562
RP1-102D24.5,0.0016003444740861864
MINOS1-NBL1,0.0016003224633509214
SNX17,0.001600262871381951
RP11-723O4.2,0.0016000946813174508
RP11-35O15.1,0.0015999790894781279
SNORA4,0.0015996732850873914
FANCD2,0.0015996155785111131
AC017002.2,0.0015993915514944024
ABHD17AP8,0.0015992816420698772
KB-1562D12.3,0.0015991045286548934
VN1R107P,0.001599065140326515
RP11-159K7.2,0.001598340506829665
RP4-753M9.1,0.0015980700589390505
RP11-958N24.2,0.0015979832976442735
KIAA0196-AS1,0.0015976856148038835
RP11-68E19.1,0.0015976835780724611
DYNC1I2P1,0.00159751579602812
RP11-359N11.1,0.0015974807662525513
RP11-177G23.1,0.0015974583452297553
RN7SL151P,0.0015972713166823274
CTC-325H20.7,0.00159693459943805
RPSAP36,0.00159673823601403
AC100830.3,0.0015967246608112795
LINC00404,0.0015966473872446579
CTD-2515A14.1,0.0015964269067147948
VMAC,0.0015963239284045583
AC064874.1,0.0015961749194892173
ORAI1,0.0015960984479064704
RP11-6N17.9,0.0015958630621712958
ACTBP2,0.0015957880269120684
KCTD4,0.0015956467834413112
LINC01159,0.0015955174978939217
RN7SL356P,0.0015951656935806495
RNU6-628P,0.001595090650842072
Y_RNA,0.0015947895111773419
CENPQ,0.0015947408469547944
RNU6-94P,0.0015945626129666662
CTD-2315M5.2,0.0015944189306382913
RNU2-31P,0.0015941000566530492
ING2,0.001594047573546441
AC010677.5,0.0015939640687201945
CACTIN-AS1,0.001593775443418512
MRE11P1,0.0015937752816772622
SNORD114-25,0.0015937581953247779
RP11-809H16.5,0.0015936204676247118
RPSAP45,0.001593366185456183
RP11-231C18.1,0.001593271184265362
AC022182.2,0.0015928885187097086
MRPS17,0.0015928607819994728
HMGB3P11,0.0015928577235312176
RP11-218C23.1,0.0015928409432847963
RP11-284H19.1,0.001592807129527632
RP11-91I20.3,0.0015926668624925326
RP11-23E19.1,0.001592541123686249
LOC440461,0.0015924526605428707
CTD-3075F15.1,0.0015923764723797542
CTC-448D22.1,0.0015918089463996818
OR2B4P,0.001591707980678782
RP11-560A15.4,0.0015915933071514166
DDN,0.0015915452392938525
CH17-258A22.4,0.0015913581541118062
RP11-411B10.2,0.0015912238524183704
AC002456.2,0.0015910252244203558
RNU7-140P,0.0015909156442314757
RN7SL678P,0.0015906645773665197
AC011997.1,0.0015905811528896445
RP11-266L9.6,0.0015903966640148464
RRM2P2,0.001590180541751277
RP11-388N2.1,0.0015899418079641367
CTC-563A5.2,0.001589897790037521
MIR3128,0.0015896134725930506
GGTA2P,0.0015895942185628542
PLCB2-AS1,0.0015895096492510067
CTD-2210P24.6,0.0015892215668339667
OIP5,0.0015891297250363503
OR52A5,0.001588879569052036
RP11-15K19.2,0.0015887358089311705
CT45A10,0.0015886424878896245
RP11-564A8.4,0.0015884499409816921
RNU2-52P,0.001588414395138556
MRPL13,0.0015883228782991414
RP11-95I16.2,0.0015883046892441418
RP11-386I8.6,0.0015882140199182091
RP11-437F6.1,0.0015881075959355056
SNORD59A,0.0015880832428875062
Y_RNA,0.0015880590558423058
RP11-478K15.7,0.001587611682673231
CCNB2P1,0.00158752632375513
RP11-759A24.1,0.0015873191644150326
R3HDML,0.001586544984429776
CDC6,0.0015862301119263771
CFAP58-AS1,0.0015860640886993234
RNU6-135P,0.0015860597658735366
SNORA9,0.001586036452569795
SNHG1,0.001586030017475841
NECTIN3,0.0015859060247533129
BTBD10P1,0.001585702901165785
AC007383.3,0.001585503993706531
RPS4XP14,0.001585466863951674
RP11-376N17.4,0.001585152393207873
CTD-2184D3.3,0.0015847775151702221
RNU6-1111P,0.0015847207410018716
FABP5P3,0.0015846984102299625
RP11-517O13.3,0.0015846936137703402
ASPRV1,0.0015846932646166774
MED28P6,0.0015846314000751032
MIR7849,0.0015846252021381132
MIR491,0.0015845012973346663
TUBBP6,0.0015844150828414451
COQ7,0.001584197538952221
AC092301.3,0.0015841944436665002
Y_RNA,0.0015840374095136684
TXNP6,0.0015839008213316887
PKMP1,0.00158388102697619
AC006007.1,0.0015837341419125178
NODAL,0.001583352377017645
KB-1027C11.4,0.0015831348870057958
RN7SL753P,0.0015830919769870306
RP11-560A15.6,0.0015825965968858857
IQCJ-SCHIP1-AS1,0.0015824152534892
LONRF2P1,0.0015823450760803813
RP11-1399P15.1,0.0015821788587649579
RNU6-1096P,0.0015819851561213823
RP11-64K12.1,0.0015812794462651489
IL23A,0.0015812736872906506
NIFKP1,0.0015811792364792277
AC144568.4,0.0015809163628552364
MTCO3P10,0.0015807528239758055
GPBP1L1,0.0015806501062373668
MTND2P13,0.0015806075307050929
RP11-885N19.6,0.001580580445695349
NCBP2,0.0015804225646905787
RP11-408E5.5,0.0015801597780554925
AC092580.3,0.0015799247654421482
ODF3L2,0.0015792044369199953
CTD-2576N18.1,0.001579039525662875
AC141930.2,0.0015788122591487454
POT1-AS1,0.0015787154826985748
RP11-778D9.4,0.0015786760353484767
PPIHP1,0.0015785585017000728
RP11-444E17.6,0.0015785360641235233
C5orf51,0.0015784021971584586
COPS8P2,0.0015783319981796517
RN7SL581P,0.00157822768202774
RP11-294N21.3,0.0015781491357916644
SKINT1L,0.001578115178768753
S100A8,0.0015779979994759827
RP11-37O16.8,0.0015779584136141024
Metazoa_SRP,0.0015779283628000488
RP11-452D2.2,0.0015775686791828331
RNA5SP351,0.0015773041806838833
Y_RNA,0.001577095122170823
RP11-707P17.1,0.001576975668588929
LINC00504,0.001576915016658152
AC022007.5,0.001576151848723833
OR6E1P,0.0015760528321528853
GALNT2,0.001575699334056289
RPS24P6,0.0015753017611738957
RPS20P14,0.001575140491133217
HSPE1P21,0.0015750086848665158
RORB,0.0015748682492485247
RP11-439A17.4,0.0015741099311199355
HPS6,0.0015740075721647378
CTD-2026G6.3,0.0015735949534836488
AC009237.10,0.0015733093598442646
XXbac-BPG252P9.9,0.0015731415642224896
MIR5093,0.0015728821361106248
RP3-365O12.2,0.0015727992781916504
Metazoa_SRP,0.001572793120142381
RP11-296O14.2,0.0015727060647529056
NPIPB5,0.0015726891354663768
CTC-457E21.7,0.0015724610777462162
SNORA22,0.0015724099815419346
ZNF192P1,0.0015722635738798525
Metazoa_SRP,0.0015722477471910243
RPS29P3,0.0015722117931824542
AC009878.2,0.0015721251382589197
RPSAP1,0.0015720607370913553
RP11-44K6.3,0.0015720185685103461
EIF4EP5,0.0015719753569681152
MIR579,0.001571949392239427
AC026954.6,0.0015717700752621994
RN7SL494P,0.0015714947944100238
CTD-3234P18.6,0.001571086045092133
LINC00444,0.0015707092560049275
RP11-65B23.5,0.0015704495061909284
CH17-472G23.2,0.0015701925372895386
RP11-731J8.2,0.0015701616198821606
RP11-958J22.1,0.0015701194843411993
POLR2J4,0.00156989121611724
RN7SL791P,0.0015697518245376216
TMSB4XP2,0.001569572980554065
BMP2KL,0.0015692251809741747
VHLL,0.0015691408246621705
RNU6-784P,0.0015690046633441363
RBM15B,0.001568852156109491
BANF1P1,0.0015687903413259545
CAMK1G,0.0015687472731385895
GAS5-AS1,0.0015685321333188272
RP5-997D16.2,0.0015683755634299818
MTCYBP34,0.0015677579433351992
RP11-715J22.6,0.0015674860209038213
RPL6P12,0.0015673632706416905
CTD-2380F24.1,0.0015671508075740153
RP11-395P16.1,0.001567054519577302
RP1-78B3.1,0.0015666296470300274
ELOVL2,0.0015664548013256628
PRH1-PRR4,0.0015664328536194917
AC108039.1,0.0015661732595261258
MYOM2,0.0015660160998449146
RP1-71H24.1,0.0015660053509610717
ARL6IP6,0.0015653676352939824
CTD-2306A12.1,0.0015651536588445866
SNORD116-14,0.0015651494378139958
DHFRP1,0.0015651279614455383
RP11-359D14.3,0.001565119975282429
PAGE2B,0.001565065842696211
RPL23AP63,0.0015647493159714843
Metazoa_SRP,0.001564691170810317
SCOC-AS1,0.0015646539196413423
RP11-257K9.8,0.0015645365804190135
RNU1-72P,0.001564323407318938
RP11-474L23.3,0.0015641695938500497
RP11-144O23.22,0.0015638949885821104
RNY4P9,0.0015636215327978933
C11orf24,0.0015634563334294934
RP11-356M20.3,0.0015632144073754015
RNU7-18P,0.001563193585566175
MED31,0.0015628195545030294
LINC01066,0.001562668667615945
SMYD3-IT1,0.0015625714209481145
RP11-303E16.8,0.0015625605795488917
RPL12P38,0.0015624516017932143
SNORA74A,0.0015624434344627832
BPY2DP,0.0015613813692277503
CBWD7,0.0015612382524822276
AC055733.1,0.0015612201319958872
RP11-126O1.5,0.0015609891396477316
RP3-414A15.10,0.0015607014185045846
ATP6V1G1P2,0.001560529437135341
KCNRG,0.0015602390624555626
LRP4-AS1,0.001560211142770746
RP11-166P13.4,0.0015598111726692558
STK25P1,0.0015597415262395447
XRCC6P3,0.0015597023035101402
SERGEF,0.001559589617490938
UOX,0.001559360675093499
MIR3173,0.0015593316402036604
RP11-742D12.2,0.0015588724065050924
OR2B8P,0.0015587005321993483
ZEB2P1,0.001558697808320909
RP11-79P5.3,0.0015586889355946858
AP000290.7,0.0015585513023518706
PMS2P2,0.0015582844673110825
C10orf111,0.0015580333889078479
RP11-167P11.2,0.0015580282359158478
RN7SL771P,0.0015579367437117643
RP11-361H10.5,0.001557859476362847
C11orf94,0.0015576595902612469
RP11-226L15.1,0.0015576280235760102
TIMM22,0.0015573202783979655
MIR8071-2,0.0015572944187962647
SPACA6P-AS,0.0015571158804807683
OR8B9P,0.0015569775141095398
RP11-326J18.1,0.0015569608016212156
AC106883.1,0.001556950390952022
EIF4EP2,0.001556839325832903
RP11-214K3.22,0.0015567454242635702
AP000235.2,0.0015565511684523972
RP11-506K6.4,0.0015565128293305872
DGAT2L7P,0.0015564698185899723
RP11-588P7.2,0.0015563411019238502
RP11-39M21.2,0.001555907093886511
RP11-315D16.2,0.001555747896872246
RNU6-833P,0.001555617058556122
VDAC1P2,0.001555419214387679
RNU6-130P,0.0015554070929192376
RN7SL672P,0.0015552127097257357
PCBP3-OT1,0.0015551422923835614
DCAF13P1,0.0015549885767533267
COPRS,0.0015549631978407313
ZMPSTE24,0.0015549248730265227
MICE,0.0015547385905943932
RP11-865I6.2,0.001554671515372008
MTATP6P27,0.0015545824736036033
HTT-AS1_1,0.00155449622589636
ATP5HP1,0.0015543335981043696
CTD-2290C23.2,0.0015537166033290457
PLS3-AS1,0.001553686333681962
AP000462.1,0.001553380516866645
FECH,0.0015533691232909358
PCDHGA1,0.0015533361718849854
OR7E11P,0.0015532544442509318
NANOGP8,0.0015530399653616203
RP11-166D18.1,0.001552797295270139
RP11-483E23.4,0.0015517692991641097
OR6B3,0.0015516527109340251
TNFRSF10A,0.001551517731050161
RP11-609L3.1,0.0015514833792137875
GAPDHP25,0.001551177477552035
RNA5SP168,0.0015508988838808305
Y_RNA,0.0015505097199303053
AP001469.7,0.0015503818134346753
RP4-718N17.2,0.0015502793773195897
RP11-770J1.5,0.0015501775543198778
RP13-444K19.1,0.0015496397799092691
RP11-111A22.1,0.0015492486670336985
GOLGA6A,0.0015488377983388854
CTD-2201E9.2,0.0015488232574292404
IGHD4-17,0.001548638572746518
RP5-1056L3.1,0.0015481830662111462
RNU5E-1,0.0015481155814860547
LINC00273,0.0015478372496180754
LAIR2,0.0015475098811365557
RP11-1J7.1,0.0015474113951934507
RPL21P67,0.0015473810612263027
RP11-927P21.2,0.0015473088440629147
RN7SL69P,0.0015467455683966355
LINC01531,0.0015467004166253191
RP11-546K22.3,0.0015464691346553285
EFCAB14P1,0.0015463247189542344
TUBB8P10,0.0015458960853391701
PHF5CP,0.0015455153037361676
ERP29P1,0.001545213226979876
RP11-554D20.1,0.0015451631007435997
Y_RNA,0.0015451609743755983
CTD-2659N19.9,0.0015447488907991273
LINC01621,0.0015447032244010996
CTD-2369P2.12,0.001544568403948898
MYOZ2,0.001544448692258884
TMEM97P1,0.0015444394086345777
RP11-644K8.1,0.001544423406006352
LINC00684,0.0015441688495609267
MMP10,0.001544164622683292
FITM2,0.0015438746855210622
AC007906.1,0.001543713289678958
ZNF663P,0.0015436810712222975
RP4-737E23.7,0.0015434080192934115
RNU6-258P,0.0015433405820023396
CH507-513H4.5,0.0015430769465641753
SNORA71B,0.001542588642037927
SNRPGP2,0.0015425179764754426
CTB-31N19.5,0.0015424379477635686
RP11-168O22.1,0.0015422878506184397
HCG15,0.0015422220963643286
AC011406.2,0.0015421960911214247
AC007038.7,0.0015421023253059747
RP11-256I23.3,0.0015419179957957504
RP11-340L3.1,0.001541726407276151
HCG16,0.001541378780587346
RP11-207C16.4,0.0015413362084402524
Y_RNA,0.0015412152890624392
IGHV1OR21-1,0.0015411308834715036
RP11-295H24.5,0.0015411117746394773
OR5M2P,0.0015410773736217675
AC078842.3,0.0015409329325372964
MIR126,0.0015404638921646659
RP11-567M16.3,0.0015404573469298144
MIR122,0.001540438280036038
RP5-827C21.6,0.0015402633677806083
SNORD74,0.0015399025682770657
Y_RNA,0.0015396164545411048
RPE65,0.0015391600426384428
CTC-498M16.3,0.001539046867447665
PTPN2P2,0.001538184045518716
BDH2P1,0.001538096733309671
GATS,0.0015380287020477787
CKMT2-AS1,0.0015379597670020285
SPDYE12P,0.0015378335507083268
AP000343.1,0.001537759451583831
BRINP2,0.0015377170444786038
NXF4,0.001537618295403927
RP11-388P9.2,0.0015371403883369923
MIR5000,0.001537097848047141
ABCG4,0.0015370864672680212
RNU6-1014P,0.0015370453780743356
RP11-240B13.2,0.0015368005369917647
DNAJC5,0.001536798138841195
MTCO3P12,0.0015367221490987144
RP11-109P14.8,0.001536644765279919
EIF5AP2,0.0015366054216670436
RP11-76I14.1,0.001536599870606604
RP11-495K9.5,0.0015359933639346476
PAIP1P1,0.0015359513185624401
AC004076.5,0.001535870493858523
RNY4P25,0.001535792971509879
FAM58DP,0.0015354674850875443
RP11-318K12.2,0.0015353176072713168
AC006272.2,0.001534946417649527
GPR173,0.001534714899765034
RP11-33B1.4,0.0015346546267837689
RP11-108P20.4,0.0015346149003764155
RP11-114N19.5,0.001534535816213385
GSTTP1,0.0015344851255362274
RP11-775J23.2,0.0015344248321308802
NANOGNBP2,0.0015342334110942273
RP11-309H21.3,0.0015341015147470542
CTD-2145A24.5,0.0015340489434703883
CTD-2298J14.1,0.001534019283452245
NOL7,0.001533727037242492
OR7E157P,0.0015335828156167683
GS1-25M2.1,0.0015335793659162701
CTD-3193K9.1,0.0015335048470003511
ATP5JP1,0.0015334748034343542
RNU6-1206P,0.001533352183289441
RP11-667K14.8,0.0015333238529923465
RP11-142O6.1,0.0015332008882500002
GLYATL3,0.0015331087463883598
RP11-115D7.3,0.0015330530770433436
RP11-352M15.2,0.0015325775161033057
RP11-629B11.5,0.0015323954962179085
Y_RNA,0.0015321928814832548
OR52B5P,0.0015321507260792858
RP13-210D15.8,0.0015321390491358515
DNAJC8P1,0.001531625315752488
RP4-665N4.8,0.001531343236815157
OR2T32P,0.0015313139467605843
ELMO1-AS1,0.0015309739366935326
RP4-621B10.8,0.0015308904449217934
PPP1R36,0.001530264480668401
RP11-184M15.1,0.0015301929434516973
SP7,0.001530017121880403
PDLIM1P2,0.0015299142032036714
7SK,0.0015296404879938928
CTD-2194D22.1,0.0015295538765527532
CYP4F29P,0.001529528934921806
RNVU1-15,0.001529500383806359
RP11-416N13.1,0.0015292142111771418
RP11-111K18.2,0.001529142612336581
HS6ST1,0.0015291392104384357
DNAJB8,0.0015287625936189003
XAGE2,0.0015287518141390158
RP11-20I23.8,0.0015284969397186847
RNU4-1,0.0015281619782424748
LINC00906,0.0015280374653897616
LSINCT5,0.001528001016299069
INE1,0.001527966038045478
CTC-398G3.6,0.0015275305417230393
VTI1BP2,0.0015275238465117657
AC006116.12,0.0015273206972202934
SFSWAP,0.0015272326903167913
AP005242.1,0.0015268974814201914
LSM2,0.0015266361775702496
SLC5A7,0.001526517650114967
AMDHD1,0.0015262542853391493
Metazoa_SRP,0.0015261990722211908
RNF141,0.0015261707846553917
RP5-988G15.1,0.0015261183794026611
RRM2P3,0.001526110975927479
RP1-317E23.3,0.0015260922504768137
MTCO1P11,0.0015257723031544142
RP11-106M3.5,0.0015257480944258067
CTB-35F21.2,0.001525676874716393
RP11-305O6.4,0.0015256637676974167
RP11-440E5.1,0.0015255686479259541
HIST1H3C,0.0015255087056622078
RP11-597M17.2,0.0015254823086319421
CTB-31N19.4,0.0015254128124117389
RP11-90H3.2,0.0015253024288446814
PIRT,0.001525252478809759
USP8P1,0.001525242436227223
LINC00864,0.0015245551801357203
CTBP2P5,0.001524451577026107
LY6L,0.001524304109710506
RARS,0.0015242734037638284
RP11-515O17.3,0.0015235027821004696
CHST4,0.001523349069221592
UBA52P5,0.001523200160183151
MTND5P10,0.0015226328862596502
PSMA6P4,0.0015225187437022537
RN7SL687P,0.0015223226252682534
NEU2,0.0015220065014649976
RTP3,0.0015217263971186834
RP5-865N13.2,0.0015216847906773404
HS6ST3,0.0015216705484176823
RUVBL1-AS1,0.0015212328081440868
MTRNR2L5,0.0015211052596143468
SEC13P1,0.0015209473102794876
GABARAP,0.001520638569321615
AC024619.2,0.0015205612182167163
OR11H4,0.0015204022302268867
RNU6-95P,0.0015203640290118974
CTD-2275D10.2,0.0015202715528884376
KCNJ13,0.0015201465046558082
RN7SL482P,0.0015201430092588565
CASC4P1,0.0015201318623154585
HMGB1P7,0.0015200221504664316
GLYATL1P2,0.0015196524203957991
POLI,0.0015193120706660328
MIR4744,0.0015190011885193898
ALOX12-AS1,0.0015186788453842395
RP11-824M15.3,0.0015185589085135768
RP11-692M12.5,0.0015185581993837488
DDX11L8,0.001518523517899493
AC005546.2,0.0015183116465083098
ZNF404,0.0015182500887591138
AC195454.1,0.001518232538793915
AC005752.10,0.0015178966545973365
CTD-2571L23.9,0.0015176380024088984
RBPMS2,0.00151750092432292
AC108479.2,0.0015174939124613304
RP11-1166P10.6,0.0015171092679413436
RP11-775B15.3,0.0015168002061447495
RP1-151B14.6,0.0015167948617101062
AC226119.4,0.0015167854466607528
RP11-543H23.1,0.0015167399807051525
RP11-10O22.1,0.0015167033742384296
CNTN5,0.0015161813077074137
RP11-276H1.2,0.0015161773190221586
AC018685.2,0.0015155314627685597
RP11-395G17.1,0.0015155131349877259
RP11-91P24.6,0.0015153649623351943
AC010731.4,0.0015152816633153352
FGF10-AS1,0.0015151465873199114
SPDYE7P,0.0015141678862613012
SBF2-AS1,0.0015140203358207172
CMC2,0.0015137120072416278
BTBD9-AS1,0.0015135976397300723
RPS2P24,0.0015134080820572073
RP11-234O6.2,0.001513300115993884
OR7E155P,0.001513190503224612
RP3-393E18.1,0.0015130915134954276
SOST,0.001513037376035656
RNU6-306P,0.0015129885235803879
SPINT4,0.0015129089388349096
TUBB2B,0.0015128364370188192
RP11-42I10.1,0.0015128312049260985
LINC01579,0.0015124176704737508
VDAC1P3,0.00151238581716549
RN7SL333P,0.001511690552568907
RP11-304F15.5,0.0015114968773046534
HTR5BP,0.0015112483696530135
FBXO33,0.0015110486234608343
LINC01574,0.0015106213321436788
PGBD4P2,0.0015105872527299978
RN7SL297P,0.001510366986703084
RP4-655C5.9,0.0015102485221825028
SNORA73B,0.0015101088583574858
HMGB1P40,0.0015100376711762256
HMGN1P7,0.0015099674383100361
BNIP3P11,0.0015095240445342308
DNAJB1P1,0.0015094623350141083
RPL23AP12,0.0015092890618671735
FUNDC2P1,0.0015092801800217354
ZNF415P1,0.0015092075005202277
NECAP1P1,0.0015091909965211346
RPL21P2,0.001509152277150425
SNORD38,0.0015084303108901375
CCDC65,0.00150829181637342
RP11-295K2.3,0.0015082025283277328
RP11-367O10.1,0.0015074937897483136
MIR5692C2,0.0015073978251390846
RP11-412H8.2,0.0015070276625720168
NR2F1-AS1,0.0015069793777656257
RP11-56B16.5,0.0015065612799770446
RP1-198K11.5,0.001506517522079769
MTCO1P46,0.0015063342858036837
LRRFIP1P1,0.0015063053946735693
RPL32P3,0.0015059997591534897
RNU6-969P,0.0015059799278272687
ZNF550,0.0015058717491409454
RPL7P22,0.0015058413578720163
VPS16,0.0015057652946201764
DAP3P1,0.001505736106650123
SUMO2P14,0.0015056736389883827
RP11-574K11.24,0.0015056313496353449
ST20-MTHFS,0.0015054157487491787
EIF3LP1,0.001505279214424236
RP11-114H23.2,0.0015050150165403318
SNHG4,0.0015049871359597564
PAG1,0.001504846614768075
RP11-383B24.3,0.0015046811671147282
ATP5HP4,0.0015046534805796727
PPP1R2P5,0.001504520453084145
CCDC192,0.0015044475031442187
RP11-1379J22.2,0.0015044302176725308
RP11-681N23.1,0.0015041816641268191
RP11-401L13.4,0.0015041090703476056
PRR13P1,0.0015039010227955994
NPM1P32,0.0015038841437956237
DDX18P1,0.0015037083772147448
AC139099.5,0.0015034509209053692
RNU1-146P,0.0015033761575161848
RP11-278C7.2,0.0015032665385429343
RP11-403A21.1,0.0015031384040793893
CSNK1E,0.0015028312021128198
RP11-451H23.1,0.0015026443970376612
RP11-807H22.5,0.0015022351224084102
TOX4P1,0.0015020363229174515
MIR6799,0.0015017291860095765
MTCO1P28,0.0015012277457900425
USP12PX,0.0015011713726576213
AP001258.4,0.0015011222138150643
FNTAL1,0.0015010445911239187
ZNF860,0.0015008783102947582
RP11-128A17.1,0.001500841788153947
RN7SL769P,0.0015008417355344384
RP11-322A17.1,0.0015004647747821108
RP11-278L15.2,0.0015004272084601583
DSCR9,0.001499967074673102
RP5-844F9.1,0.0014998917529294028
GUSBP3,0.001499668416192506
RNA5SP305,0.0014994956661984746
ANKRD20A1,0.0014994266350077908
RP11-507J18.1,0.0014992793241386671
RP11-1090M7.1,0.0014992067654182905
AC005176.2,0.001499087565353806
RP4-769N13.7,0.0014990829384453753
GS1-519E5.1,0.00149886873220207
RN7SKP87,0.0014988425692785948
PRC1-AS1,0.0014984835938582097
CFAP206,0.0014984821330444032
RP11-382A20.6,0.0014981818318298749
INTS4P2,0.0014981170023088367
IRS2,0.001498072095777989
BCHE,0.0014980501742858096
RP11-15B17.2,0.001497814440625521
CTD-3037G24.3,0.0014977587408054125
ZNF319,0.0014977019517362733
AC093724.2,0.001497442927227813
IMPDH1P5,0.0014971044175794684
NUDT10,0.0014970986558001944
AC019097.7,0.0014968918585286555
LINC01443,0.0014967832042360974
PBDC1,0.001496530104564782
AC026202.3,0.0014964825933394116
RP11-443B20.1,0.0014964566835378118
LALBA,0.0014964437381372769
RP11-748L13.2,0.001496291586376687
RP11-119H12.4,0.001496212485867825
PSMC1P7,0.0014960610275131104
RP11-196H14.2,0.0014958991004958406
RP11-384K6.8,0.0014956291255713721
SNORD115-35,0.0014955835315510909
LINC00937,0.0014954945081784331
XIAPP2,0.001495414996778965
NPAP1P3,0.0014951353784986715
RP3-473L9.4,0.0014948221153327703
RP11-230C9.2,0.0014948176477787326
VTRNA1-1,0.0014947156638009812
AC009362.2,0.0014942513210941342
MITD1,0.001494235260299013
C20orf203,0.001493678197623498
ANKRD30BP2,0.0014935156462924592
RP4-695O20.1,0.0014930913102380236
AC105402.3,0.0014930792890910254
AC073987.1,0.00149291954439217
LINC00242,0.0014928929164014688
MRLN,0.0014928040394193715
PTPRJ-AS1,0.0014927468988044845
RP11-1267H10.3,0.0014926631199693756
SNORD9,0.0014925100331024841
WSPAR,0.001492386547138183
MIMT1,0.0014922907981373785
U7,0.0014922387255512288
RNU1-63P,0.0014920879585845694
RP3-470B24.5,0.0014917091589970004
HIST1H2BJ,0.001491460512394762
MIR5687,0.001491297672237705
RP5-1136G2.1,0.0014912560595870782
RP11-385F5.5,0.0014910417205215222
ACTBP11,0.0014908849527899757
RNPS1P1,0.0014907336502884413
RP11-333E1.2,0.0014906378110428088
RP11-177F11.1,0.001490539173208463
CTD-2541M15.3,0.0014905340676920262
RP11-39M21.1,0.001490521269914229
RP11-1H15.2,0.0014901895237750538
NPM1P26,0.0014900910686066063
MIR4710,0.0014895684681189819
TBC1D3P5,0.001489500557638383
RP11-50B3.2,0.0014888649099581088
AC006445.6,0.0014888424431739166
RP11-303E16.2,0.0014887866880848
RP11-342M3.5,0.001488746706288399
RP1-148H17.1,0.0014887138054939777
RP11-432J22.2,0.001488610571407365
Y_RNA,0.0014883855091248463
RNU6-519P,0.0014883521798305702
RBM20,0.0014882233232608576
AC003088.1,0.001488158507322401
TCTE1,0.0014878470413179784
AC083899.1,0.001487642092833742
IL22RA1,0.0014873742848491715
CTC-558O2.1,0.0014871911006922804
LAMTOR3P1,0.0014868375220405898
RNU6-108P,0.0014868334395432984
GUCY2F,0.0014865863938164005
CLEC2A,0.0014862317756406823
CTC-304I17.5,0.0014860342793258255
RP11-532M24.1,0.001486010500932094
SS18L2,0.0014859794890038748
RP11-120I21.3,0.0014858506606383209
PLEKHA3,0.0014857359940660558
RPS24P13,0.0014847176014859778
RP11-599B13.9,0.00148466151011133
THAP10,0.00148433353363683
RP13-16H11.9,0.0014842085070908629
NDUFB11P1,0.0014841306995814554
GAPDHP2,0.0014840930486595756
RP11-588P7.1,0.0014837947085699422
RP11-4K3__A.3,0.0014837899639341494
RP11-274E6.1,0.0014836907702762288
DEXI,0.0014835812966145937
HMGN2P38,0.0014835622075830169
AC087350.1,0.0014835441691705262
RP11-283I3.1,0.0014835160687613998
RP11-478P10.1,0.0014832539749707631
CH17-472G23.1,0.0014826981988176804
CTD-2313J17.7,0.001482129508462877
RP5-1096J16.1,0.00148197218267489
RP11-448P19.1,0.0014818629014611885
SAXO2,0.0014812355407219809
AC025335.1,0.001481157297660693
HOXA2,0.0014807630082011882
MIR601,0.0014805712135078173
EIF4A3,0.0014804744142484208
RNU5E-4P,0.0014796055140399377
URB1,0.0014791598129001156
RNY4P13,0.0014788893026245439
CCDC85C,0.001478847232662099
RPL7P48,0.0014785801303989138
PFDN4,0.001478568097299901
NPIPB8,0.0014785581728055648
AL359314.1,0.0014784570165613398
RP3-325F22.5,0.0014783403723565582
PGRMC1,0.001478128008088131
TATDN3,0.0014781038150989611
RP11-209D14.2,0.0014780214500077936
MIR607,0.001477863403956921
NAP1L4P2,0.0014778405386518803
RP11-321F6.2,0.001477698584353777
CSNK1A1L,0.001477310213844292
BRIP1,0.0014772827312038092
RP11-556N21.1,0.001477262331532071
RP11-55K22.2,0.0014769769044395732
CEACAM18,0.0014768961616259382
RP11-1250I15.3,0.001476605459001326
DAPL1,0.0014765493694082938
CTD-2561J22.5,0.0014765075720838889
CTD-2562J17.7,0.0014764356189555436
RPL21P28,0.0014763873170777642
IGKV2-24,0.0014753585911636464
SNORA70B,0.0014752784386576439
AC156455.1,0.0014751583366078064
SNORA62,0.0014749632646414365
RP11-507J18.2,0.0014749016930420424
RP11-13K12.5,0.0014747978487042964
RP11-180P8.3,0.00147478804448823
ZNF726,0.0014746330601137564
RP6-218J18.2,0.0014743079768764374
UBE2Q2P9,0.0014742392095263737
RP11-46I1.2,0.0014736203205878522
ZNF534,0.0014733844432636334
RNU6-621P,0.0014731990345959842
Y_RNA,0.0014731975049503108
FAM155A,0.0014731095546063782
PRPS1P2,0.001473041207662125
RNU6-375P,0.0014722246503400562
RP13-238F13.3,0.0014721726044157224
NPM1P9,0.0014720949644332064
RP11-863K10.4,0.0014715749244306755
OR8S1,0.001471458373532204
HMGA1P1,0.0014711264607064956
RP5-1147A1.2,0.0014710147979222993
MTCYBP43,0.0014706948524442352
ZNF224,0.0014705890723178306
RN7SL155P,0.0014704876018315682
EIF3H,0.0014701562892262782
MRRFP1,0.0014699282845279272
THCAT158,0.0014698717037725407
RP11-399H11.3,0.001469871603109424
MSL3P1,0.0014697005310045166
SRRM1P3,0.001469563149623026
SCARNA6,0.001469556955970849
AC133141.1,0.0014689667005960555
EEF1A1P7,0.001468749748062398
RP11-495P10.6,0.0014684975117975044
CTC-559E9.6,0.0014683929646836754
RP11-706O15.8,0.0014683167506377827
RP3-525L6.2,0.0014679340981582965
AC007179.1,0.0014678142961017113
RPL9P18,0.001467709613010221
PABPC5-AS1,0.0014674168082060952
RP11-166O4.6,0.001467241059582847
ZNF705G,0.0014672082021560194
TM4SF1,0.0014664957362724722
HAO1,0.0014661529330695976
TSIX,0.001466094125615955
MIR3180-4,0.0014660510790322154
CPOX,0.0014656772174722582
VN1R42P,0.001465570983634915
RP11-212F11.1,0.0014654204225783578
RP11-309M7.1,0.0014651602399662473
TOPORS-AS1,0.0014650263214305518
RP11-662B19.2,0.0014647002116750126
MT1P3,0.001464325367137999
RP11-677N16.1,0.001464297840223184
MIR578,0.0014642868327878862
RP11-983C2.1,0.0014636599911000165
BNIP3P24,0.0014634805722577467
RP11-966I7.3,0.0014633263918951223
NSMCE2,0.0014633258173319726
RP11-696F12.1,0.001463277114147904
AL450226.2,0.0014631340427047402
RP4-671G15.2,0.0014629942161424653
SIDT1-AS1,0.001462911333044222
TPI1P3,0.001462833187585454
RN7SL446P,0.0014627901895592076
ST13P18,0.001462383573210374
RP11-144A16.8,0.0014622811045055645
LAMTOR1,0.0014620811027989595
RP11-69M1.4,0.0014620414358744156
SCARNA5,0.0014618228847297283
RP11-778J15.1,0.0014616576944167308
AC027612.6,0.0014615589137747392
UGT2B25P,0.0014613619663000224
CICP7,0.001461182879184028
OR2T33,0.0014611760391344954
CDKN2D,0.0014609758021774076
CTC-425O23.5,0.0014608277222757074
RP11-131O15.2,0.0014605036569057912
RPL18P13,0.0014604952733349545
PCAT4,0.001460470782827474
AC005104.3,0.0014603242420434827
OR5AO1P,0.0014600337653589944
RP11-872J21.5,0.0014599523941461144
CTD-3229J4.1,0.001459738424038619
AC006486.10,0.0014596804159629911
RP11-107E5.3,0.001459285584889379
ADAM20P2,0.0014590691119839645
RP11-227F19.5,0.0014587834457849588
NUTF2P2,0.0014584184994011439
MAPKAPK3,0.0014575019446117453
RP11-130F10.1,0.0014573366722525727
GJC2,0.0014570868188076647
RP11-649E7.8,0.0014568798307164103
RPL5P7,0.0014567278030012936
RP11-522M21.3,0.0014567184625036214
NOS2P2,0.0014567032025161301
OR10H2,0.0014564572194619328
CTD-2588C8.8,0.001456428735839734
RP4-539M6.22,0.0014563956692178496
RP5-1198O20.5,0.0014561350038114098
AC087499.8,0.0014559653903063285
RP11-613F22.6,0.0014559582060233807
TSPAN4,0.0014558849765123841
CKS1BP7,0.0014557390581247374
RP11-5G9.6,0.0014557181290110852
SLAMF9,0.0014554031442005843
RPSAP21,0.0014552613794852594
RNU6-379P,0.0014550676280361615
SPNS2,0.0014545768352111246
CTD-2291D10.3,0.0014540386145755998
RP11-857B24.5,0.001453998499052617
RP11-94H18.1,0.0014539793141106025
RP11-778D12.2,0.0014537728078161238
SNORA40,0.001453633473126162
NGRN,0.0014529360825259168
RAD23BLP,0.0014527611835853545
RP11-122D10.1,0.0014527260839894965
Y_RNA,0.0014523199772348092
RN7SL100P,0.0014522825523217947
MIR550A3,0.0014522451168395923
RP11-462D18.2,0.0014519114797132441
RP11-1084I9.1,0.001451777417820693
UBQLNL,0.0014517689445755295
RP11-480G7.2,0.0014514612297626356
CTA-221G9.10,0.0014514232022508743
RP3-340N1.6,0.001451417409278723
EAF1-AS1,0.0014513885447616356
RP11-364C11.3,0.001451319140473861
HCG17,0.001450994958500859
NOD1,0.0014509680648431295
RNU6-1046P,0.0014509659691200637
AC104655.3,0.0014507120548010075
ATP5G2P1,0.0014506130398405574
RP11-345I18.4,0.0014503669724193005
BRINP3,0.0014500727341512337
ALG1L12P,0.0014498248291827582
AC000068.5,0.0014497244537769172
RP11-278I4.2,0.0014495479124662677
SNORA63,0.0014494414292893724
GTF2IP1,0.0014491819963824378
RNU6-60P,0.0014489063556327754
MIR137HG,0.001448712275433184
RP11-5N11.4,0.0014486375083454905
HIST2H2AB,0.001448472948571761
RP11-849H4.2,0.0014483212087772232
SMIM20,0.0014481624783206609
MAGOH,0.0014481252174804611
RP11-38G5.4,0.0014481019894673087
TARM1,0.0014473749925912594
RNA5SP370,0.0014472291098437998
ADSS,0.0014466004972805379
RP11-295G12.1,0.0014464964578563306
ARGFX,0.0014463116313653758
U1,0.0014463058408823461
SPRR2E,0.001446279513320865
AC008991.1,0.00144583624598111
DNAJC9-AS1,0.001445465265587603
HNRNPA1P20,0.001445346171747387
RNU1-16P,0.0014445591967152207
RP11-293M10.6,0.0014444225932815813
KLF1,0.0014443150609231626
RP11-4N23.1,0.0014443047742846403
CTD-2281E23.1,0.0014441089736642566
MICD,0.0014440904811868253
FAM87A,0.001443967713732065
PPIAP13,0.0014439543885988416
ZC3H11B,0.001443500888871748
C10orf105,0.001443382107792023
RP11-281B1.2,0.0014431369231589243
LINC01534,0.0014431233599440365
UBE2Q1,0.0014429277900002045
RNU6-863P,0.001442284366114636
FRG2C,0.0014422375032491154
RP11-563J2.3,0.0014421793642658835
RFX6,0.0014421421788532605
LINC01351,0.0014416663786173704
RP11-1C1.5,0.0014414146340911969
MIR28,0.0014412112666244271
PCDHB8,0.0014411496978142368
TPT1P2,0.0014411271820727485
AC004057.1,0.0014410567944668344
TNRC18P1,0.0014409481644488311
RP11-950K24.2,0.0014408551512075755
MURC,0.0014408134705908532
RNU6-564P,0.0014408018812023823
RP11-241J12.3,0.001440752431996135
AF129075.5,0.0014405981285580771
GS1-165B14.2,0.001440581246173938
PLA2G12AP2,0.0014403976330803795
RN7SL20P,0.001440019674871725
LINC00672,0.001439932498492774
NAA11,0.0014398839097328176
RP11-577H5.5,0.001439849079593484
RP11-725M22.1,0.0014396267682138598
MIR1296,0.001439351869311853
RPL23AP15,0.0014393155515397358
RP11-90J7.4,0.0014388992277822278
API5P1,0.0014388988831240753
UBE2R2,0.001438805723566009
DHRS3,0.0014381564468338454
LINC00486,0.0014381127333568374
RP11-794C22.2,0.0014381106446243195
LINC00333,0.0014379027068276607
LINC00707,0.0014377174220330281
RP11-120K24.3,0.0014373408524519583
SNORD112,0.001437263335873512
RP11-490D19.11,0.0014372192848403382
MORF4L1P4,0.0014370532983787698
RP5-888M10.2,0.0014368525516428486
RNU6-1226P,0.0014367587471492602
IARS2,0.0014363368216583584
RP11-643C9.2,0.0014361515844820648
SLC25A5P8,0.0014360053013800444
CTC-470C15.1,0.0014358638734307057
CKS1BP1,0.001435841945567892
AC117947.1,0.0014357048868875112
ZBTB20-AS1,0.0014355778137680572
PAQR7,0.001435351419219247
RNU6-562P,0.0014352439071715834
CTD-2650P22.2,0.0014349812555023939
RP11-767N6.7,0.0014347880929886031
PPIAP16,0.0014341188299187172
BCRP1,0.0014339260799555544
GCOM2,0.0014338199898246218
RNU6-1134P,0.0014335038028368983
RP11-72I8.1,0.0014335029387566593
RP11-15B17.1,0.0014333497290096285
PSPHP1,0.0014331999218879922
GTF3C6,0.0014330782996766875
RP13-401N8.3,0.0014330517131388237
RP11-213G2.1,0.001432975032551095
SMIM12,0.0014328815846599468
KRT40,0.0014324527011215433
MORF4,0.0014323812122063128
RP5-849H19.2,0.0014321609001826873
AC106873.4,0.0014317178573863057
AF131216.1,0.0014316371335566578
RP11-779O18.3,0.0014315177472584248
RP5-928E24.2,0.0014314581462359687
RP11-3J1.1,0.0014309013947062577
LDHAL6EP,0.0014307596698722362
RP11-254F7.2,0.001430573570868921
KRT10,0.0014299476969370757
RP11-465L10.10,0.001429910722822644
FDPSP8,0.0014297026957808298
RP11-53B2.1,0.0014296150781357082
RP11-497H17.1,0.0014293406032217981
MEP1A,0.0014291944732288744
RP11-145G20.1,0.0014290818326287479
COX6CP10,0.0014288941702924958
BNIP3P42,0.0014287226144540754
C7orf69,0.0014284086082686847
RPL21P136,0.0014279131935941325
PHBP11,0.0014277442844286363
RP11-436D23.1,0.0014275580125601072
RP4-614N24.1,0.001427252848196342
OR1N1,0.0014272051133796915
AC073043.1,0.0014266644472956612
SNORA53,0.0014264035638261805
ICAM1,0.001426347199541211
ZNF431,0.001426068659683413
RPL5P34,0.0014260327598025029
RP11-464F9.21,0.0014256940243183576
RNU1-27P,0.0014254622022928233
RP11-575M22.1,0.0014253514248782177
DND1P1,0.0014252676298137376
RP1-184J9.2,0.001425244521046238
RPL26P29,0.0014247987220780858
RP11-800A18.3,0.001424760274954673
RP4-657D16.6,0.00142407979637714
RPS3AP5,0.001423956418346581
RAB3B,0.0014239004287986599
RNA5SP46,0.0014234925031452385
PPATP1,0.0014234883358531874
KCNQ5-IT1,0.0014234407688558995
RP11-173B14.4,0.0014233028655242649
CREG2,0.0014231671169351952
PPIAL4C,0.0014230560534365044
MIR323B,0.0014227614162145524
CTD-2126E3.3,0.001422590693600135
RP11-344A16.2,0.0014224881388613857
GAPDHP46,0.001422460681168609
RP11-521L9.1,0.001422096418976323
AP006216.10,0.0014219805621129892
EGFR-AS1,0.0014218990724011516
FMR1NB,0.0014217446910535232
RP11-85I17.2,0.0014216496270346515
WI2-2373I1.1,0.0014216258377563015
AF038458.4,0.0014216011216347697
RP11-394G3.2,0.0014215323374214296
TNXA,0.001421523507445576
GIF,0.001421484336912276
RPIA,0.001421437958501991
VPS37B,0.0014214199455894014
TUBB2A,0.0014214108827586426
MFSD2B,0.0014213376701359037
SNORA62,0.00142094550138848
RP11-687D19.1,0.0014208483687316695
RP3-495K2.3,0.00142077855022802
PCBP1,0.0014205528656337772
GJC3,0.0014204012589555605
SLITRK3,0.0014202759527936718
RP11-278H7.1,0.0014200182026945405
RP11-219G17.6,0.001419976084344267
MTCO3P9,0.0014198992745275386
CTA-113A6.1,0.0014195046945487887
LINC01016,0.0014192374621859137
RP11-739N10.1,0.0014189325936462573
RP11-83A24.1,0.0014186589678737655
RP11-39C10.1,0.001418588261199706
CUBNP3,0.0014184402599986446
CTC-242N15.1,0.0014183651045402666
ARHGEF7-AS2,0.001418323237417008
RP11-3P22.2,0.0014180385768255473
AC005522.7,0.0014180023735285534
ST20-AS1,0.0014179967640535914
PTPN1,0.0014179526485708462
RP11-603J24.6,0.0014178091985240936
AC018463.5,0.001417733297995462
RNU6-199P,0.0014173137512816284
RPL7P1,0.0014170031009016627
MT4,0.0014169416408232256
CTD-2345H1.1,0.0014165034071389375
FKBP1AP1,0.0014164430813923777
RP11-338E21.2,0.0014163106410072564
RP4-683L5.1,0.0014157249296212625
AL590762.11,0.001415691861197649
RNU6-593P,0.0014156051438726732
MIR4676,0.0014153783688297952
RP11-158H5.2,0.0014152572233494922
Y_RNA,0.0014151623347477531
BHMT2,0.0014150981500974933
CTD-2197I11.1,0.0014144178282853377
CDC42P2,0.001414344245903138
RP3-445O10.1,0.001414154076505147
RP11-690G19.4,0.0014141402026077766
RP11-472B18.1,0.0014140168464311033
SMPD1,0.0014139093381498233
GCGR,0.0014138359458224306
RP11-363L24.3,0.0014133205869736355
PPIAP19,0.0014132179624148054
FNDC3CP,0.0014131777954537596
RP11-989F5.1,0.0014131564856376332
CA14,0.0014129679119765815
RP11-56F10.3,0.001412891713270809
SERP2,0.0014126067860915168
NPM1P8,0.0014125188991556121
SRGAP3-AS3,0.001412181284324512
RPL35AP26,0.00141200467490609
RP11-433J8.1,0.001411773304473679
BDKRB1,0.0014116935873131522
DDX23,0.001411567996455043
RP11-295D4.7,0.001411119416115319
RP11-582J16.3,0.0014109761841408228
RNU6-942P,0.0014108267681454205
KCNE3,0.0014104298376816404
TSPY12P,0.0014103119042587924
RP11-678G14.2,0.0014101901722518083
RP11-167N4.5,0.0014100683064884871
HNRNPA3P4,0.001410052182915608
RN7SL756P,0.0014095570620740454
RP11-295I5.3,0.0014090382424140498
CCT6P4,0.0014090190180313681
CHAF1B,0.0014088695010890816
CTD-2616J11.9,0.0014087444698938582
RP11-775C24.3,0.0014085439129042194
UBBP2,0.0014084942101682894
RP11-747H12.5,0.0014079540102302532
SIDT1,0.001407796819872326
RP11-383G10.3,0.0014074944334037337
GAPDHP44,0.0014072459279561979
RNU6-216P,0.0014070018401395362
RP11-357D18.1,0.0014068252179989884
RP11-17A1.3,0.0014066524927917935
SCGB1B2P,0.001406547982221792
RP11-201O14.2,0.0014064472790683818
RP11-763E3.1,0.0014061712079490502
NEK2P4,0.0014061668633885201
RNU6-831P,0.0014061632080066596
UBE2SP2,0.0014061365640984642
RP11-15A1.2,0.0014060495240178514
TMEM161B-AS1,0.0014060351215949092
RP11-972L6.2,0.0014060163353875443
MS4A18,0.0014058073281151666
NBPF15,0.0014057405263583778
NHP2P2,0.0014056981298664897
FOXD4L3,0.0014049354903750012
RP11-745A24.2,0.0014048811198695108
CTD-2234N14.1,0.0014048247697539143
CYP2A6,0.0014046609271037632
RP11-597D13.2,0.0014035094579061549
CLSTN2-AS1,0.0014033496317093501
ELMOD2,0.001403122307234656
RP11-298E2.2,0.001402625365860807
RP11-53B2.6,0.001402454231816266
RPL9P3,0.001402298079502245
RBBP4P2,0.0014019307762962168
MIR3198-1,0.001401533933403305
Y_RNA,0.0014014559070784146
RP5-857K21.4,0.001401284308337569
LINC00379,0.0014012251263057086
C20orf85,0.0014010902731850007
U4atac,0.0014010752947506062
RN7SL40P,0.001400999648265722
SPC25,0.0014008368047730162
RP11-775L16.1,0.001400825699652112
RP11-332J15.4,0.0014004103162025602
RP11-114H24.6,0.0014002673882232855
RP3-486I3.4,0.0014001294849465263
DNAJB7,0.0014000542428887527
RP11-248N22.1,0.0013997912465380778
TSSK5P,0.0013997874029859963
TRIM64B,0.0013997393564156417
AC018799.1,0.0013996531262364634
FEM1AP1,0.0013996493009961178
RP1-5O6.5,0.001399603332281191
RP11-79C6.1,0.001399565994389951
CTD-2503O16.4,0.0013994761467681237
MIR3661,0.0013993287822966207
RP11-526I8.2,0.0013992387557882654
FAM206BP,0.0013990800635753473
RP11-746M1.8,0.001399040078331819
ADH4,0.0013987486178408841
CTD-2381F24.1,0.0013987480482464062
RP11-930P14.2,0.0013982487423734194
ZNF560,0.001398233761191829
RBMX2P2,0.0013981617504971533
RP11-98C1.2,0.0013980949618452375
TPI1P2,0.001397979833556718
RP11-195C7.3,0.0013976836119987202
AC010761.13,0.0013975158105215952
VDAC1P11,0.0013973467735208464
RPL7P50,0.001396987423103424
ATP13A4-AS1,0.0013969380552642618
IGKV2OR2-1,0.0013965466277948415
SNRPFP2,0.0013964286118408832
RP11-111F5.8,0.0013961780075522428
CTA-360L10.1,0.0013960110649414274
NPFFR1,0.001395684236095253
RP11-231C18.2,0.0013954023963341838
HSPE1P27,0.0013953296090939231
ZNF32-AS1,0.0013949890753645812
SRPK2P,0.001394964912318542
RNU6ATAC3P,0.0013947173875633282
RAB3C,0.0013946265053083734
SEPT7P7,0.0013945038156459137
PIEZO1P2,0.001394399213459694
USP17L1,0.001394339668804587
ATP6V0E1,0.0013942709305924574
PTS,0.0013939640971635085
RP11-274A11.3,0.0013939380382693926
AC139103.1,0.0013936293920994226
RP11-159H10.1,0.0013934171554723037
RPSAP8,0.0013933193900758736
DGKE,0.0013931174291950317
RP11-881M11.4,0.0013927557818982316
RP11-703H8.7,0.0013923201465434892
RP11-445O16.3,0.0013921811719995183
SLC25A14P1,0.0013915447476835277
OTX1,0.0013914720407555087
RP11-383G10.1,0.0013912677333832648
Y_RNA,0.0013908904599509216
MIR212,0.001390869453115776
CTD-2063L20.1,0.0013905737580332679
FTLP8,0.0013903863846426135
RP11-573J24.1,0.001390361498254726
ARHGAP26-AS1,0.0013901872313745796
PSPN,0.001390159806843756
HIGD1AP5,0.0013901426539078491
RP11-168J19.2,0.001389914313251863
NTSR2,0.0013897883225436056
RP11-439E19.7,0.0013897557932290104
NPM1P14,0.001389743715927884
AC018359.3,0.0013897139452624888
RP11-268F1.3,0.001389544352621768
RP11-12A16.3,0.0013891928089124503
RP11-502F1.2,0.0013891881289457024
RP11-568G11.4,0.0013890237556683795
RP11-420H19.3,0.0013889359701581751
AL133245.2,0.001388820671130017
ZMYM4-AS1,0.0013885970247580815
RP11-719L21.1,0.001388549557045466
CH507-216K13.2,0.0013883516687007056
TMIE,0.001388202306775296
RPRML,0.0013881613007700581
PFN1P6,0.0013881290967059196
RP11-11N7.4,0.0013880799395248127
RP11-382N13.3,0.0013878074096463756
TRMT61B,0.0013873164541089197
STK19B,0.001387167800314624
CTD-2631K10.1,0.0013869968419639184
ACTL7A,0.0013868973863751682
MRPL18,0.0013868606562348464
RP11-609L3.2,0.001386408788331402
AC007364.1,0.0013860969023562
HMGB1P15,0.0013860043744555516
RP11-266K4.9,0.0013851674184827982
CTD-2299I21.1,0.001384549786576051
ARHGAP45,0.0013843867294487755
CTD-2384A14.1,0.0013841813367810457
LARGE-AS1,0.001383951452238695
RP11-989F5.3,0.001383700288829489
SNORD74,0.0013834865797620781
MEF2BNBP1,0.0013834762190889022
RP11-95P13.2,0.0013834652420649963
SCAMP1-AS1,0.001383007197232553
PAUPAR,0.0013829488914550534
RN7SL225P,0.0013829068875429772
Y_RNA,0.0013828323418821932
RPL36AP43,0.0013826693137734972
RP11-707E21.1,0.0013822660053112344
POU5F1P5,0.0013822604782033991
RN7SL778P,0.0013822054221055682
KLF3P1,0.0013821895414402703
RP11-343C2.9,0.0013820337407360137
NDUFA3P2,0.001381946566398935
LINC01250,0.0013819274460212367
MTND3P19,0.001381667591444504
RP11-379H18.1,0.0013816288028214193
RP11-281H11.2,0.0013815597932832313
KDELR2,0.001381462468175091
NKX2-4,0.0013813245341477154
XXbac-BPG55C20.7,0.001381248754869111
RP11-231E4.3,0.0013812385058553146
RP11-27M5.1,0.001381105445913491
RP1-215K18.4,0.001381092808218073
TUBBP2,0.001381090266473786
RP11-60L3.6,0.0013801484957860076
RN7SL648P,0.0013799410129779319
RNU7-141P,0.0013799393115304863
RP11-677I18.3,0.0013798257603270787
MYL6P5,0.001379556598062346
RP11-31I22.3,0.0013794882049758764
RP11-264F23.1,0.0013794427659069818
VTI1BP3,0.0013793713708610074
RPL23AP90,0.0013792078761282766
KB-67B5.12,0.0013791124648499203
PCAT14,0.001378605910172832
CALHM3,0.0013782582380809068
ST7-AS2,0.0013782220304915749
IGLC6,0.0013782218885390498
MMP23A,0.0013781931076164205
CACNG3,0.0013777168851883093
RP3-486I3.7,0.0013776430770970633
RP11-474P2.5,0.0013776414498667688
ZSCAN16-AS1,0.0013776084319881063
HSPD1P12,0.0013774207867609605
LINC01337,0.0013774080206869327
RP11-930O11.3,0.001377361279206213
RP11-474I11.7,0.0013771686409586952
AC092675.4,0.0013771487785712215
RP1-72A23.4,0.0013770380608386173
RP11-977P2.1,0.0013765200681754258
RP11-148B6.2,0.0013764448829903188
LY6G5B,0.001376329058953464
RP11-48B3.5,0.0013762756495381344
RP4-625H18.2,0.0013760900901783803
SNORA71D,0.0013760144572860927
HTT,0.0013759597726678296
LDHAP2,0.0013758533249794522
RP11-395N3.2,0.0013757816809915435
ARSFP1,0.0013756706461330785
RP1-73A14.1,0.0013756609883157941
N4BP2L2-IT2,0.0013753236628059834
RP11-764I5.1,0.0013752220672986215
RP11-374A4.1,0.0013752149736865318
Y_RNA,0.0013747793897481663
RP11-210M15.2,0.0013747542894466031
LINC00523,0.0013743119950937162
CIAPIN1P,0.0013741859032579684
KB-1410C5.3,0.001373946448365534
TRIM77BP,0.001373859659588142
RP11-350G24.2,0.0013737527134581214
CPNE6,0.0013737180147047532
RP11-558A11.1,0.0013736970524103906
GLUD1P3,0.0013731047377563506
RP11-677M14.7,0.0013731029810384692
CTC-559E9.13,0.0013730906283459595
RPS20P24,0.0013730638222261555
LINC01496,0.0013730369184910165
IFIT6P,0.0013726398758097463
DNM1P50,0.0013725915104952082
RP11-758P17.2,0.0013725299119953978
Y_RNA,0.0013723263402284104
RP11-797H7.1,0.0013723074444675592
RP11-312B8.2,0.001372270862873619
RP11-454P7.3,0.0013720459717924364
SNORA40,0.0013716111751236428
MTCYBP28,0.001371609888301466
CTAGE10P,0.0013714962620443652
CTC-304I17.4,0.0013714330436280263
RP11-615I2.1,0.0013712245053052721
LNX2,0.0013711249465975925
RP5-1041C10.3,0.0013711030949065907
NAV2-AS5,0.0013708179287906363
ZNF101P2,0.0013707732810876163
RP11-317B3.2,0.0013707243732414616
SH3GL1P1,0.0013706091529919345
CTD-2270P14.2,0.0013701031197037004
ST7-OT4,0.0013700981349034774
DPP3P2,0.001369525436131306
MIR3678,0.0013691836600069908
SETSIP,0.0013691436422687653
CTD-3096P4.1,0.0013685530966922937
RASL10B,0.0013684334514703438
MIR4737,0.0013682121322511733
CTB-119C2.1,0.0013682060388665246
RP11-447H19.3,0.00136785905915268
CTD-2058B24.3,0.0013677430092240055
MTND1P20,0.001367468858891293
KIRREL3,0.001367287615715815
MIR519A2,0.0013670762678381395
TOMM22,0.0013670248209669091
AC006159.4,0.0013669494102384143
TXNDC8,0.001366865792787828
RNU6-794P,0.0013667959077535618
MTCO1P25,0.0013667519122162897
AC010468.1,0.0013666092834378196
RP11-158M2.3,0.0013664784945090073
CTC-490G23.2,0.0013661431111733455
AC104113.3,0.0013661216073081377
RP11-503E24.2,0.0013660847072590342
CAMLG,0.0013659873585196978
AC022210.1,0.0013656318851272618
U3,0.0013651562684734667
RPL12P12,0.001364818891509469
NCR3LG1,0.0013647072811498633
KIF1BP,0.0013643761060717263
MTND2P33,0.0013643736721344717
RP11-586K12.1,0.0013643441220555486
TARBP1,0.0013640497907946448
AC015849.12,0.0013640403638244618
RP11-500K19.2,0.001363943011230711
RP11-326K13.3,0.0013639399658321445
CTC-448F2.4,0.001363440740112985
AC003075.4,0.0013634106252238473
MLEC,0.001363347659106979
RP11-615I2.3,0.0013630095544149927
PRRT1,0.001362894241108389
RN7SL614P,0.0013627460100908118
HTR1F,0.0013627345251598399
S100B,0.00136269504422467
RP11-128N14.4,0.0013623732069452839
RNU7-171P,0.0013622184693895855
GDF5OS,0.0013621972410348987
CTC-543D15.8,0.0013621097771669083
RP5-1024G6.7,0.0013620197980641865
RP11-501E14.1,0.0013615830052688316
AC087491.2,0.001361170472684561
RN7SL767P,0.001360894763978541
MIR4446,0.001360885732042897
ASTN2-AS1,0.0013606795539090884
SCGB1C1,0.0013600937394197478
COX6B1P4,0.0013600426146493706
SPATA31B1P,0.001360031202952264
RPS15AP6,0.0013599977678170664
CTC-535M15.2,0.0013599649907928915
AC073333.8,0.0013599199863417628
CHORDC2P,0.0013598367061722096
MT-ATP6,0.0013594380974678972
CTC-571O20.1,0.001358697631941875
RP11-497G19.7,0.001358614587069403
RP11-430H10.1,0.0013581043039608814
LINC00922,0.0013575403709288566
RP11-738O11.9,0.001357420007090647
OR5B19P,0.0013571687341935891
Y_RNA,0.0013569900916549087
RP11-457M11.7,0.0013567359844891297
RP11-302M6.5,0.0013566173279044387
CTD-2272G21.2,0.001356591124545408
RP11-565P22.2,0.0013561615414000982
HOTTIP,0.001355870417133713
MIF-AS1,0.001355690731554327
CTD-2540B15.10,0.0013554676958864031
RP11-644F5.15,0.001355459127141484
RP5-907C10.3,0.0013552767683005253
VDAC1P4,0.001354359294112455
RP11-261P24.2,0.001354203163413846
RP11-20B24.7,0.0013541970902428895
AC005532.5,0.0013541053925001344
RNU6-419P,0.0013540237637446394
RP1-134O19.3,0.0013536816398164052
CTD-2291D10.4,0.0013536225643409063
MIR9-1,0.0013534716583871603
AC083884.8,0.0013531451043957993
RPSAP54,0.001352906572995595
RP11-536C5.7,0.001352341456251533
SNORA5A,0.0013523013456226934
RP5-859M6.1,0.0013521428672494328
RP11-271K11.1,0.0013516724462690835
RP11-1084E5.1,0.0013513454319441225
CCDC160,0.0013513210742370323
RP1-302D9.1,0.001351205729591868
RP1-40E16.9,0.0013508325847311944
RP11-259P15.4,0.0013507421967570317
RP11-1017G21.3,0.001350741589009453
ARPC3P1,0.0013506000063029096
AC055866.1,0.001350549209928297
BCRP8,0.001350461526794189
RP11-1079H9.1,0.001350456185664626
PTPN2P1,0.0013504255444166111
AL021546.6,0.0013504019771861928
RPL21P65,0.0013503698450722257
SNORD96B,0.00134973565645388
RN7SL246P,0.0013494426548957932
OR8S21P,0.001349355059173835
PPIL1,0.0013492015492067783
LINC00710,0.001349008542425589
RP11-269G24.2,0.001348932942579636
CRYAB,0.001348844908573936
XXyac-YX155B6.5,0.0013487561040716153
SLC6A1,0.0013486974075411415
ITPKB-AS1,0.0013478286907906895
RNU6-137P,0.001347711119209564
TM7SF3,0.0013473817837497636
BMI1P1,0.0013473577704418188
SNORD36C,0.0013472420797734314
RNU6-4P,0.0013470379368170483
RP11-77K12.5,0.0013467547778795064
MIR4655,0.001346298572538355
GSTA10P,0.0013462414783190707
SNORA63,0.0013462039191679252
RPL21P43,0.0013461056511686051
RP11-58C22.1,0.0013460581369232618
RP11-369E15.1,0.001345263532085993
RP11-390G14.1,0.0013449286435983873
KLF16,0.0013448761632610107
RP11-123J14.1,0.001344521744863067
RP3-522J7.5,0.0013442987703684358
RP5-1007F24.1,0.001344075818552013
ADIPOR1P2,0.001343973514331473
RP11-709A23.2,0.0013436581968520871
RPL39L,0.001343611638916421
RP11-685M7.3,0.0013434675743503918
RP11-372E1.1,0.0013433916672467166
RP11-262H14.4,0.001343117955629838
HMGN2P31,0.0013430176558420282
AC007740.1,0.0013427671245420621
RP5-1024N4.4,0.0013424609285571688
RN7SL733P,0.0013422829304702997
PGA5,0.0013420764020147333
LDHAP5,0.0013419286506490798
LINC01232,0.0013416655557029777
RPL7P21,0.00134157094927754
RP11-569A2.2,0.0013415685343165298
RP5-1158E12.3,0.001341387911879877
GAPDHP64,0.0013411467306212474
RP11-262H14.3,0.001340979481503558
GS1-124K5.8,0.0013409227923771765
ST13P12,0.001340845489366632
RP11-16E18.3,0.001340542782078284
Y_RNA,0.001340521794210225
RP11-87G24.3,0.0013404835995401764
RP11-206L10.4,0.001340362176733743
AMD1P4,0.0013401845156050737
FARSA-AS1,0.0013399769678435626
CTC-287O8.1,0.0013397120282255621
MIR548AK,0.0013396359389578126
RP11-138H8.8,0.0013395345316453697
RPL21P71,0.00133930592455546
RP11-6L6.2,0.0013391238651606727
RP11-6N17.2,0.0013386135892844986
MIR4694,0.0013382026480648075
AC006509.4,0.0013379978946416304
RNU6-1321P,0.0013378681922956214
RP11-375N15.2,0.0013375364763796747
LL0XNC01-237H1.3,0.0013373595500415997
Y_RNA,0.001336966679831801
RP11-101O21.1,0.0013369104771748994
ENDOD1,0.0013364128244981335
AC007390.4,0.0013360330470669629
FAM72A,0.0013358673858011162
MRPS9,0.0013357354242070913
NOP58,0.001335308625677901
RP4-791M13.4,0.0013352090119166109
RP11-536L3.4,0.0013350683541250576
FOXD4L4,0.0013345599967012004
SLC9A1,0.0013345541734744435
RP11-4L24.4,0.001334458641750373
DLEU2,0.0013342867874151533
GPR149,0.001334208633070007
MIR2681,0.0013338743473731906
SCARNA10,0.0013338391273133422
RP11-73G16.1,0.001333771615563505
OR2W3,0.0013336661627354012
RN7SL480P,0.0013336004070863504
RNU6-430P,0.0013335387120385562
AC004386.4,0.0013334627524924103
OR2T8,0.001333443859823009
KCTD21-AS1,0.0013326599961186732
HNRNPA1P41,0.0013326022927955632
RP4-613B23.1,0.0013324861477029333
RNU1-67P,0.0013322494447476926
AC025750.5,0.0013322355810959504
RP11-365P13.5,0.0013319995508611878
NPAP1,0.0013318370012159588
RP5-1195D24.1,0.0013316757478977533
CICP14,0.001331567023539553
MIR5690,0.0013314849025238534
RP11-124N2.1,0.0013314576794112435
LINC01522,0.001331408573181549
RP11-483I13.6,0.0013310853697530872
SNORD15B,0.001330668029453106
EPHB4,0.0013306585016855225
CTB-73N10.1,0.0013306155468838553
IKBKG,0.0013306035067347914
LINC00899,0.001330434869601044
ABCB10P3,0.0013302386558409491
GDNF-AS1,0.0013300448268967952
PFN1P11,0.0013299526620015962
CPLX3,0.001329625548554438
AC097467.2,0.0013295289868658219
RP5-1185K9.1,0.001329323860723766
LINC01285,0.0013291955002549536
RP11-344N10.4,0.0013291935538684587
RPS7P15,0.0013289976473497855
MAGI2-AS1,0.0013289758392770056
PDLIM1P1,0.0013289478050907085
GOLGA6L11P,0.001328863502844893
GLUD2,0.0013287427180996739
RNA5SP85,0.0013286092890723374
NSUN6,0.0013284240287050914
CTC-439O9.3,0.0013283314460298032
RP11-508N12.2,0.001328102936786101
SNORA38,0.0013280665869735931
RP11-768G7.1,0.0013278235669517387
RP11-355O1.11,0.0013278083250692445
RP11-45P15.4,0.0013277117857447118
MAN2B2,0.001327679309860403
CTD-2651B20.4,0.001327512610793505
RP3-375P9.2,0.0013272014035110881
RP11-615I2.2,0.0013271140851203386
RP11-1029F8.1,0.0013269561362546822
MIR634,0.001326905096888219
PSMD6,0.001326807610792246
AFP,0.001326640960462265
NAP1L1P3,0.00132614417813221
SEC11B,0.0013258860573759918
C16orf97,0.001325436909572343
Y_RNA,0.00132533282714724
PCDHA11,0.00132514698066563
CHCHD2P11,0.0013250068506244989
CTD-2555C10.3,0.0013248799766184944
RP11-149F8.3,0.0013246592799881275
DHRS12,0.0013246502083122834
C1QL3,0.0013245293046874492
LINC00837,0.0013242606724513885
FERD3L,0.001323983706753196
RP11-510I6.2,0.001323902212251425
MEGF9,0.0013236463587412658
ABHD8,0.0013234833260188047
RP11-172F4.2,0.0013230333811524945
CTB-2L9.1,0.0013230237581337379
RP11-363E6.4,0.001322556599087163
RP11-15E18.5,0.0013222970926162383
RP11-714M23.2,0.0013222951847704605
MTND1P8,0.00132221106222919
Metazoa_SRP,0.001321774036534925
RPEL1,0.0013212387133470815
RP5-1142A6.10,0.0013209174164201052
TRIM71,0.001320895066904156
RNU4-39P,0.0013204210178432085
RPL34P6,0.001320378959069629
RP3-406P24.4,0.0013203352799371216
RP11-360L9.7,0.0013202596490207242
Y_RNA,0.0013201829390298095
LINC00633,0.0013198969602450008
STRA8,0.0013196170733958525
RP11-177B4.2,0.0013195842779440354
C3orf22,0.0013195377376075638
CTD-2561B21.4,0.001319356099211185
RP11-146D12.2,0.0013193324629115985
CTC-453G23.4,0.0013186736290767775
RP4-758J18.13,0.0013185770579937663
MIR550A1,0.0013179334465606388
RN7SL471P,0.0013178877475993707
RP13-977J11.9,0.0013178331910723138
RPL7P4,0.0013178256709413404
CHCHD2P5,0.0013174382830880803
PSPC1P1,0.0013173406501547497
CTD-2265O21.7,0.0013171582438130844
ADAM20P3,0.00131711881721948
HSPE1P16,0.0013170391379036279
ANAPC16,0.0013169709017397631
AC005281.1,0.00131644713433985
RP13-1056D16.2,0.0013162883407278926
MKRN3-AS1,0.0013159330203519888
UPF3B,0.0013159134769661904
RP11-157H4.1,0.0013156043937083825
RP11-154B12.3,0.0013155521885591264
CH17-76K2.6,0.0013155182333875783
UGT1A10,0.0013153296147258235
RP11-10O17.3,0.0013152410934458808
RNU6-759P,0.0013150638284875438
BCRP9,0.0013149702863335761
RP11-100K18.1,0.0013148942045135004
RP11-799M12.2,0.0013148803239474147
RP11-94B19.1,0.0013148418773642186
RP11-215P8.3,0.0013147374177496383
SETP14,0.0013147086419844302
MIR4300HG,0.0013146490954043192
RP11-329A14.1,0.0013145468628541132
RN7SL404P,0.001314300203540543
FAM185A,0.0013141755944820251
RP11-1094M14.11,0.0013135906097923376
CTB-33G10.1,0.001313145058107598
SLC25A31,0.0013131208361933922
SNX6P1,0.0013131190068140885
CTC-348L5.1,0.0013130812420585297
DBX1,0.0013130555985236558
Y_RNA,0.0013129932991939935
RP11-267J23.1,0.0013128430261553222
NPPB,0.0013126630272218879
RP11-169D4.4,0.0013126283693085635
RP11-141J13.3,0.0013125858832758067
CTC-250P20.1,0.0013124196877508743
RP11-120D5.1,0.0013122804900678109
AC011524.3,0.0013122338997750653
RNU6-729P,0.0013119281775734234
RP11-548K12.12,0.001311414369910156
TPT1P6,0.0013110556450573263
HNRNPA1P32,0.0013107699750424054
RPL36AL,0.0013107546261456361
MTND5P12,0.0013107063909445261
RP5-1028L10.2,0.0013101914586749106
RP11-154D3.1,0.0013101838808357118
SPRR1A,0.0013095593884224765
AC017104.4,0.0013092537560344829
LRRC37A3,0.0013092167113620658
CRYBA1,0.0013090108884003771
CTD-2249K22.1,0.001308056201863432
RP3-425C14.5,0.0013076604264382256
FBXO34,0.0013075697975153955
TADA1,0.0013073725842442695
CTD-2368P22.1,0.0013073054816532218
RNU6-82P,0.0013070893137321453
ALDH7A1P1,0.0013069950417497899
RP11-197N18.8,0.001306909755817204
RP1-90K10.4,0.0013065642768331671
AC138647.1,0.0013064531264309182
PSMD11,0.0013062116427272595
RP11-131K17.1,0.0013058834217968154
ACTG1P19,0.0013055942341169977
RP11-399E6.1,0.0013052577834598803
SLC9A4,0.001305160402152678
GTSF1,0.0013050364225427387
RNA5SP493,0.0013049757022410545
HIC2,0.0013049627082404422
RP11-87H9.4,0.0013045925107116245
ACTBP9,0.0013045417859411951
RP11-253I19.4,0.0013042267998318662
HILPDA,0.0013042189398367419
AC002064.5,0.0013038837706284168
RP11-281O15.8,0.0013038459069497027
AC015922.7,0.001303719962841887
RP3-359N14.1,0.001303714822235634
RP11-1212A22.1,0.0013036610766292106
USP11,0.001303240591407717
GOLGA6L16P,0.001303124115629827
CTD-3220F14.2,0.0013030931907849232
RP11-1102P16.1,0.0013029830568621653
RP11-474D1.2,0.0013027646047456046
RP11-33M22.2,0.001302732399068134
BAHCC1,0.0013025749017355516
IGFL1,0.0013025706681420314
RPL37P25,0.0013025024674092093
SNORD94,0.001302116973619453
LINC01046,0.001301804544144863
TSPAN5,0.001301798944539686
AL135745.1,0.0013014170725052115
CH17-478G19.2,0.0013013881261469673
RNU6-251P,0.0013013516004924631
RNU6-151P,0.0013012583727461547
RP11-993B23.3,0.001301200425178977
RP11-599B13.8,0.001301100452873945
SLITRK5,0.001301018643675536
SNORA51,0.0013008991855976188
DNAJA1P3,0.0013008123343051128
MAGEA8,0.001300665656730944
RNA5SP399,0.0013005738372400095
AC005042.2,0.0013004455591072931
SEPT7P6,0.0013002829095006287
RP11-805J14.3,0.0013002747682187277
RP1-127B20.4,0.0013002510142704827
FASTKD5,0.001300172211596097
MIR5590,0.0013000255189792654
RP1-46F2.3,0.0012996152580972591
MAGEA7P,0.0012994665459754322
AK3P5,0.0012993559863733728
AP001505.10,0.0012992457350087514
RP11-142L1.1,0.0012988751625676435
ZNF432,0.0012987674624230481
RP11-538C21.2,0.0012987272012459172
LINC00950,0.0012987019109439665
FAM66E,0.0012985456754228942
RPS4XP20,0.0012983649913243646
ZNF32-AS3,0.0012978897535602966
RP4-669H2.1,0.001297527329836812
RP11-420K8.1,0.0012975162888584652
PMPCAP1,0.0012973256978517464
RP5-858B6.1,0.0012972830260027078
SCDP1,0.0012970608269400007
RP11-780K2.1,0.001296917189256998
RP11-181B18.1,0.001296820252179939
RPSAP12,0.0012968031029736752
HK2P1,0.00129676273496916
IGHJ1,0.0012965186017446406
GSTM2P1,0.001296248193425209
SBSN,0.0012962349531836003
AC005522.6,0.0012957697871142202
MIR503HG,0.0012953989488339215
RP11-120J1.1,0.0012953040823563294
GS1-39E22.1,0.0012952878736777387
RP11-357N13.3,0.00129526734510602
RP11-445J14.1,0.0012950843276964131
RP11-431J24.2,0.001294961240008588
SHISA2,0.0012949448535223378
RP11-357N13.2,0.001294900377463223
AC004448.5,0.0012945886004744576
RP11-571O6.2,0.0012940200094090162
RP1-228P16.7,0.0012938690738437636
MPLKIP,0.0012938336566953397
LRRC55,0.0012938312760138173
DUSP6,0.00129350164148965
RP11-93B14.6,0.001293367570510905
AC091492.2,0.0012933020808070825
RP11-342A23.1,0.001293226371732055
LL0XNC01-116E7.4,0.0012931710872232894
SNORA22,0.001293070423638248
ATF6B,0.001292909335406074
GPRC5D,0.001292837696795461
SPDYE17,0.0012926755648226915
RP11-474N8.9,0.0012921997785500662
RP11-286O1.1,0.0012920709312720282
AC007559.1,0.0012919534193776405
RP1-153P14.3,0.0012919511028919755
RPS14P4,0.0012919175150389668
RP11-245J24.1,0.001291700006760951
LINC00675,0.001291185023830794
RP11-477J21.2,0.0012910563977756783
DLG2-AS1_2,0.0012908696640698753
RP11-48B3.2,0.00129065001507235
RP11-592N21.2,0.0012905503012609614
IGLVIV-65,0.0012905317189192572
GRK7,0.0012904953924974996
RP11-220I1.4,0.0012903005104463535
RP11-784B15.1,0.001289931586206659
RP11-514P8.8,0.0012898919233960836
RP11-592N21.1,0.0012897778223919234
AC010729.1,0.0012891919412898365
RP11-52B19.1,0.001289164699144527
CTD-2560K21.6,0.0012889014571993357
RP11-768B22.2,0.0012886929301726732
RPS29P16,0.0012886263974849312
RP11-79E3.2,0.001288565474702719
RTEL1P1,0.0012881292159097185
MIR8083,0.0012878100481915646
TBC1D3,0.0012876305613816353
MTND4P5,0.0012875489982473597
MIR1269B,0.001287356535750435
RN7SL277P,0.0012873558131156692
ZSWIM6,0.0012870931584672285
RP11-755F10.3,0.001286993245567944
RP11-566J3.2,0.0012869487708824455
U3,0.0012863866198591757
RP11-416N4.1,0.0012862930464135076
RN7SKP292,0.0012862636492471837
ZNF530,0.001286243212171622
RP11-47J17.3,0.0012859742601839977
Y_RNA,0.0012859474089801984
HNRNPA1P36,0.001285852533005748
AC090505.6,0.0012857951296463518
ACTL9,0.0012855676905897458
RP11-423G4.10,0.0012853754946551908
TAS2R15P,0.0012853322390294858
ATP5HP2,0.0012852164785955224
EPO,0.001285132852775731
RP11-331H2.3,0.0012851138022950666
UBE2N,0.00128497700836288
RP11-354K4.2,0.0012845771721790556
RP11-46H11.3,0.0012845683641633722
RNF186,0.0012844512264985983
MAGEH1,0.0012844443735899025
SNORA2B,0.0012840956209048755
AC087650.1,0.0012839295826771848
RIMS3,0.001283822619859082
MIR3192,0.0012836722231696549
RP5-1096D14.6,0.0012836132348027697
NDUFA4L2,0.0012835875333934027
MTCO1P27,0.001283558850386989
RNU6-606P,0.0012835229261179174
RP11-789C17.3,0.0012834281837182451
RP11-267M23.4,0.0012833538592398384
CDCA8,0.0012833010148552417
CEACAM8,0.0012832203266777075
FAM166AP5,0.0012831739594674858
LINC00836,0.0012831350179361835
OR52L1,0.0012830107232644653
RP11-466C23.5,0.0012829503012504967
RPL9P30,0.001282923471924212
IMMP1LP1,0.0012826611468082989
RP4-799P18.5,0.0012825896721381346
SLC8A1-AS1,0.001282455704312804
MIR510,0.0012824084081967716
RP11-432I5.6,0.0012823866655644772
RP11-603J24.7,0.0012823780104913368
RN7SKP299,0.001282224734791101
RP11-46C24.7,0.0012819692826701566
RP5-1086L22.1,0.0012819364272225692
ZNF252P,0.0012818378742614558
RP11-112J1.3,0.0012818305920969293
RP11-462L8.1,0.0012817567694289606
ZBTB22,0.0012815744511960514
EIF4A2P4,0.0012814861164129505
RP11-263C16.2,0.0012814835010289596
KCNJ18,0.0012812835594327443
SNORA58,0.001280973526002413
LINC00856,0.0012809324283395542
Y_RNA,0.0012809017784695474
GNPNAT1,0.001280722695958552
SH3GL1,0.0012805775267830499
AMZ2P1,0.0012803714593710891
CSTF3-AS1,0.0012803177111424691
CH507-9B2.3,0.0012803067754322073
PDE6H,0.0012797368262453125
RP1-283E3.4,0.0012795669528816906
MIR346,0.0012793040068411958
MIR3713,0.0012792400554299643
ATG9A,0.0012792218019241535
AP000998.2,0.0012791725054842615
RP11-432M8.16,0.0012788231571106974
AC068057.1,0.0012788155517605242
RNU6-315P,0.0012786335528492964
AC145110.1,0.0012786231466229766
LCMT1-AS1,0.001278600780550383
RP5-1066H13.4,0.001278489904882925
AC104131.1,0.0012781331753946598
ZNF350,0.001277968631151378
TAL2,0.0012778828936393146
MAPRE1P1,0.0012777448816496354
AC019178.3,0.0012776968889432598
RP11-164N3.1,0.0012769661273311134
RP11-463C8.4,0.0012767631166928056
CTD-2142D14.1,0.0012767295104451227
SEPT7P3,0.0012764530954160953
PPY,0.001276213331136067
ANKRD20A9P,0.0012759145818125321
RP11-387H17.4,0.0012756845689811363
AC093911.1,0.001275473152247523
RP11-1007J8.1,0.0012753072705650817
AC004603.4,0.0012752399692067277
RPSAP74,0.0012752341617365901
PRADC1,0.0012751727201279267
BMP8B,0.0012751328065986995
RP11-577N1.1,0.0012746964196049574
CTD-3162L10.4,0.0012746049864593254
CTD-2566J3.1,0.0012745114039410099
RP11-289H16.1,0.0012743050481422286
Y_RNA,0.0012732043398954464
GNPATP,0.001273009567105415
GAPDHP15,0.001272791320990912
SNORD116-7,0.0012727307662088426
ENPP7P10,0.0012725275062135152
RPL10P14,0.0012724409324768255
RNU1-115P,0.0012723955720782066
RAX,0.0012722022149094416
MT-ND4,0.0012720116279534024
MIPEP,0.001271823655382879
RP11-665C16.5,0.0012714439764471895
AC110602.1,0.001271409826160052
DCUN1D2-AS,0.0012712386621588259
OR2AM1P,0.001271227643850318
OCLM,0.0012712187571563248
ADNP-AS1,0.0012711341186904567
OR9M1P,0.001271107912888098
RP6-204F4.2,0.0012710996579982177
HBZ,0.0012710634472758785
RNA5SP245,0.0012709889162876415
RNY4P24,0.0012709619823910252
CTC-537E7.2,0.001270478688288319
HSPA5,0.0012701660087928379
KLHDC7A,0.0012701503018583494
RNU6-859P,0.0012701389185141947
CTD-2015H3.2,0.0012699873024965063
LA16c-306E5.3,0.0012699284733446957
RP1-71H19.2,0.0012695264310170142
RP11-638I2.10,0.0012693266610155193
Y_RNA,0.0012692455700091297
TRUB1,0.0012691602345162717
RP4-798A10.4,0.0012691447742610878
RNU6-1057P,0.001268959653623478
ALG5,0.0012689472693644445
RP11-444P10.1,0.0012687163330286845
RNU6-758P,0.001268469269181084
HNRNPH1P1,0.001268222770797709
AKR1B15,0.0012681743475660078
RPL15P2,0.0012681704509217243
C7orf33,0.0012680679306243964
AC010907.5,0.0012678691159372715
RP11-374M1.5,0.0012678176709056243
MTND5P15,0.0012676076111037878
RP11-467I20.6,0.0012675598415493995
RP11-91K8.2,0.0012672521922702624
AP4B1-AS1,0.0012671367069206885
ZBED8,0.0012669719207941649
DDX18P3,0.0012666598706022171
ZNF8,0.0012662806252787093
RP11-282O18.7,0.0012659373371806738
RNU6-145P,0.0012653537331886804
RP11-404L6.2,0.0012653324476604242
HIGD1AP8,0.0012651082461967542
RP11-575L7.2,0.0012649927839672114
PPP1R3C,0.001264519838541919
NSA2,0.001264457335517068
RP11-53B2.3,0.0012638588004283459
FITM1,0.0012638418501094446
RP11-429G19.3,0.0012635727070472178
ZNF75BP,0.0012635239157869971
CCDC166,0.0012634509117357103
RP11-93G5.1,0.0012634258855262572
RP11-472N13.2,0.0012631452386067167
RP3-323K23.3,0.0012631082215426763
AC083873.4,0.0012629050593096546
YAE1D1,0.0012626804716115458
RP11-325E14.5,0.0012626485943281977
MTCO1P55,0.0012625319633145181
LL22NC03-86D4.1,0.0012622351880035795
CEACAMP9,0.0012619304081956197
EID2,0.001261887829434134
OR7E26P,0.00126159139896657
GPR1-AS,0.0012615351754313169
SNX4,0.0012612384845193654
RPL9P7,0.0012610511683890566
RP4-740C4.5,0.001261016392360121
AC006116.21,0.0012609780124997968
CTC-453G23.7,0.0012606267513454283
RP11-348M3.2,0.0012605154290634545
MTHFD2P1,0.0012604967770177649
RP11-447H19.4,0.0012604508688875704
HEPACAM,0.0012601157477073659
RP11-59K5.1,0.0012598931212464822
LINC01567,0.0012596657699301336
YWHABP2,0.0012596350671469567
RNU6ATAC18P,0.0012593259935808176
AP000439.1,0.001258915342819369
LRP11,0.0012588171018130363
AOX3P,0.00125847124844904
RP11-809N8.6,0.0012584641636742481
TUBGCP5,0.0012584556730005916
RP11-45F15.2,0.0012583367688056952
FO538757.2,0.0012582779450160037
RP11-245G13.2,0.0012581432246237267
GGNBP2,0.0012575384828506623
ZNF891,0.0012574435169862156
RAB30,0.0012573836734974786
SNORD121B,0.0012573720833917435
RP11-1280N14.3,0.0012570472852107746
CTC-436P18.3,0.0012569300429440954
RP11-437J2.4,0.0012568859092409155
RP11-49K24.3,0.001256340181863581
STK4-AS1,0.0012563220759412707
RIN1,0.0012562814706396919
GINS1,0.0012562493399254084
FTLP2,0.0012560354680361846
RP11-513M1.1,0.0012560158839634821
RP11-123O10.4,0.0012557280702318195
RAB40AL,0.0012556468937833431
RP11-8J9.5,0.0012555592272747744
RP11-21C4.4,0.001255371239567242
FTCDNL1,0.0012552669233871039
RP11-521D12.5,0.0012548093088867993
AC007256.5,0.001254806642514075
NPM1P51,0.0012547717154438407
RP11-373D23.2,0.0012545583889710119
ME1,0.001254352239053502
RPL3P7,0.0012542016240909995
RNU6-665P,0.0012541535888884194
AF124730.4,0.0012540205299312228
Y_RNA,0.0012539476977491565
RP11-439E19.6,0.0012536545187222406
MAPKAPK2,0.0012536141858426916
LINC00351,0.0012530503872695716
RP11-758P17.3,0.0012528491913302393
RPL29P30,0.0012527350662639317
UBA52,0.0012521093312248203
RP11-8P13.5,0.0012519588246350263
PDP2,0.001251613790814773
RP11-486G15.2,0.0012514699065706509
AF277315.13,0.001251454622144255
ZNF33CP,0.0012510613744916603
MSX2,0.0012509737517528271
ATP5J2P5,0.001250908403274607
CLPS,0.001250261478273658
SPINK7,0.0012502148055411654
GPR12,0.0012500017630116891
CTA-268H5.14,0.0012498730767295317
BX255923.2,0.0012498276796233066
TFCP2L1,0.0012495566781167901
FAM72D,0.0012494106294407765
RP11-461O7.1,0.0012493332789402867
TMEM183AP1,0.001249274216750569
SDAD1P3,0.0012490738055047212
RP11-421P23.1,0.0012488444637716908
CTD-2562J17.2,0.0012486861620156554
AC005264.2,0.001248615996091807
RPL13AP19,0.0012485370754922146
RPL30P4,0.0012483219063502173
RP11-887P2.3,0.0012481775843610856
RNU6-723P,0.001248095245677522
RN7SL751P,0.0012480833545843184
RP11-700P18.1,0.001248077744110409
RP4-591B8.2,0.001248073748757277
COX10-AS1,0.0012480183102671755
RP11-450H6.3,0.0012479131514725426
CH17-351M24.1,0.0012477231699425718
RPL7L1P4,0.0012475238328870325
RP11-295P9.6,0.0012473770536006578
RP11-702B10.2,0.0012471032997352057
RPS20P15,0.0012466146798048754
DENR,0.0012465566322538964
AP000487.6,0.0012462010783775212
RP4-717I23.2,0.001246181063204681
PMS2P4,0.0012460519564594067
RP11-674E16.1,0.0012458359913416854
MIR635,0.0012458263572305138
RP11-666A8.12,0.001245783499143716
RP11-541G9.1,0.0012457297286623096
TIGD4,0.0012453873963248559
ZNF516,0.0012453269558627012
RP11-12M9.4,0.0012452871584088148
RP11-585F1.6,0.001245153420320636
HMGN5,0.0012448770993347675
RP11-426C22.7,0.0012447952495203795
TMEM251,0.0012443651314344517
LCMT1-AS2,0.0012441267982555638
RPS2P6,0.0012441197802529058
ZNF330,0.0012439993816085351
AQP1,0.0012438794720064422
CTC-471C19.1,0.0012438675797030703
AC106869.2,0.001243588473539424
SMARCE1P5,0.0012435605532830915
BEND3P1,0.0012429527825058807
RPL12P9,0.001242651745538723
CTC-543D15.1,0.0012425008670543713
FOXP1-IT1,0.0012424005414576472
EIF1AXP2,0.0012422575487991878
EEF1A1P25,0.0012422028583509506
RP11-212E8.1,0.0012420187998251355
RP11-336A10.2,0.001241991306775476
RP11-1012E15.2,0.001241957784563423
RP11-315F22.1,0.00124189190763265
FAM136BP,0.0012418346131072564
RP11-831H9.3,0.0012414973048479301
RP11-356J5.4,0.0012411236660415644
FAM183A,0.0012409105945003498
RP11-374M1.10,0.0012407194085106291
OR7E161P,0.001240376551866279
RP11-862P13.1,0.0012401768613975698
RP11-144L1.8,0.0012401197878245656
KRBOX1,0.0012399305242443961
RP11-147G16.1,0.0012397910728682484
RP11-154H12.3,0.0012396901284062586
SETD1B,0.0012395162443953973
EIF1P4,0.0012388740683592124
RP11-341G23.4,0.0012384318512931624
Z83001.1,0.0012384290292897157
CTB-131B5.2,0.0012382760700472373
CTD-2049O4.2,0.0012381687897333852
TTC30A,0.0012377013558370336
TIMM44,0.001237571375841906
C6orf3,0.0012375240026954028
RP11-383B4.4,0.0012375163264166807
RPL23AP87,0.0012375075736566475
SPANXN3,0.0012374270676508425
RP11-540O11.8,0.0012372554909967468
KIFC1,0.0012371836210735296
PWAR6,0.001237145201363312
SEPHS1P1,0.0012371137690910757
RP11-462G22.2,0.0012371135717375201
AC013262.1,0.0012370660475419441
ECM1P1,0.0012368851125307478
RNU6-42P,0.0012368180492721159
RP11-2H8.4,0.0012365008908457639
RP11-259K5.2,0.0012362975156232714
AC063976.7,0.0012362610009316165
DOCK4-AS1,0.0012360391939457104
E2F3-IT1,0.0012359782061287653
RNU4-65P,0.0012355458551787336
Y_RNA,0.0012354560319865066
MS4A8,0.0012353960054628172
RP11-546K22.1,0.001235060828989078
NUDCD2,0.0012346199614272741
NDUFB4P10,0.001234249764816146
RNU6-1176P,0.0012339155135542774
CTA-246H3.8,0.0012337112429214878
GCLM,0.001233660513885687
Y_RNA,0.0012335193599747102
CTD-3064H18.4,0.0012333446295336472
MIR378B,0.0012333144427935437
RP11-69L16.4,0.0012330399015842723
KXD1,0.0012330208848384365
RP11-966I7.2,0.0012327793487933488
GTF2H2B,0.0012324461619121416
SEPT4-AS1,0.0012324065828210888
MIR887,0.001231986722743077
RP11-481C4.1,0.001231813248975175
RP1-140J1.4,0.001231749386289694
TMEM263,0.0012314105296133775
RNA5SP43,0.0012306975002344192
RNU6ATAC11P,0.0012306153431786316
RP3-522J7.7,0.0012305799947695986
SNORA74B,0.0012305118841735609
GOLGA2P4,0.001230412161934768
RP11-553N19.1,0.001230346853339953
AIRN,0.0012300362084405247
HPS3,0.0012298640886397327
RP11-499A10.3,0.0012297070391044367
RN7SL118P,0.0012297015558213303
RP11-323I15.5,0.0012295172511145426
AC016909.1,0.0012294125901230494
AC010884.1,0.0012292636761260225
RP11-78A18.2,0.0012291985635028283
C1orf146,0.0012288070456075628
RNU7-40P,0.001228290437556122
RP3-465N24.5,0.0012278902980394268
AC005498.4,0.0012278068569348789
CTC-493L21.1,0.0012277731789448088
C4B,0.0012274341914107541
BNIP3P5,0.0012273867698501004
AKT1S1,0.0012270880555759734
EREG,0.0012269521183728067
NLGN1-AS1,0.0012267495726798656
AE000661.50,0.0012267322543371402
MIR873,0.0012266197154975431
RP11-185E12.2,0.0012264637313456487
NDUFA9,0.0012264419663158643
SHMT2,0.0012262835019734109
RP11-131K5.2,0.0012262046815555336
RBBP4P5,0.001226092816545357
RPS27AP12,0.0012259971873685063
RP11-98O2.1,0.0012258067462763106
MIR553,0.0012251658045160528
AC004453.8,0.0012250256745846067
RPSAP3,0.0012250078724610196
KNCN,0.0012249157716586214
CEND1,0.0012245439512815553
OR14I1,0.001224365624707994
RP11-585P4.6,0.001224292072418104
RP11-903H12.3,0.0012242124064759195
RP11-408N14.1,0.0012239548075432356
HK2,0.0012238189097872278
ACTR3P2,0.0012234689829367217
RP11-223P11.3,0.00122324709628352
CTD-2540L5.9,0.0012232262560912097
RP11-309L24.6,0.0012230923809899655
MOCOS,0.0012230489819019064
RP1-81D8.5,0.0012228746763610326
RP11-844P9.1,0.0012228449406336379
CTD-2538G9.6,0.001222518660600226
GAPDHP21,0.0012224833402528477
RP11-213H15.1,0.001221959257977613
NFE2L3P1,0.001221817252289488
MIR4796,0.001221744606105888
AP5B1,0.0012215799037045348
RP4-813D12.3,0.0012214891761633884
LINC00616,0.001221369025943272
TLK2P2,0.0012210024414095464
OR9S24P,0.0012207838081763017
RNU6-558P,0.001220556302279078
SLC6A7,0.0012205008410182702
SNORA51,0.0012203917975172464
RP11-797A18.5,0.0012203256851066973
AC009237.16,0.0012199621842609327
NRON,0.0012196567995108201
MAGEB6,0.0012194322130042498
RP11-390P2.4,0.0012193785020449847
RP11-97N19.3,0.0012192857816298679
HMGN1P12,0.0012192732928486838
RP4-752I6.1,0.0012191618670290179
MIR4677,0.001218330598214256
RP11-440K22.1,0.0012181752898504082
MIR6085,0.0012180412349047567
AC104534.2,0.0012178994532704166
RP4-569M23.4,0.001217874285823364
NPM1P45,0.0012177745351177553
RP11-466A19.5,0.001217734971345148
ZSCAN12P1,0.0012174169885854468
EXOSC3P1,0.0012171054162003474
MIR3176,0.0012170293463621465
RP11-718B12.1,0.0012167275653544856
RNA5SP498,0.0012167256102938377
RP11-188I24.1,0.0012166590034610124
RP11-571L19.7,0.0012165724817459179
MED30,0.0012162463155199605
AL138751.1,0.0012160694791573151
RP11-363J17.1,0.001215752874153743
SNORD11,0.0012156569449391984
RPL23AP24,0.0012156342989177464
RNU6-3P,0.0012150321696843124
RNU6-1089P,0.001214611748649144
CTD-3065B20.2,0.0012144128227090534
CT45A11P,0.0012141422944142138
CTB-88F18.4,0.0012140941300606118
EPX,0.0012139575848477615
TMEM26-AS1,0.0012139486421163283
CTD-2626G11.2,0.0012133844080800028
RP11-158D2.1,0.0012130902278409126
UTP6,0.0012127731520215478
CTC-320C6.1,0.0012127329849916017
MIR181A1HG,0.0012126838191210776
RPL23AP30,0.0012125988386644108
RP11-791G15.2,0.0012122245932001431
LCE1D,0.0012113998462273201
RPL34P33,0.0012112461408272173
C9orf69,0.00121109571311929
WDR88,0.001210895554736634
PHBP12,0.0012107013763040994
PPIAL4A,0.0012106929403505925
MIR23B,0.0012106703346219559
RP11-567L7.3,0.0012105251008466384
LINC01297,0.0012103601785882021
ZNF204P,0.0012102478131127492
SNORD91A,0.0012100595283264543
SNORD116,0.001209849802950003
RPL30P7,0.0012097669516436297
PPAT,0.0012096141303999666
DBET,0.001209306286843251
RP11-557J10.3,0.001209254743018795
ALG1L13P,0.0012092453479889812
RP11-21B21.4,0.001208969194855779
RPS3AP43,0.0012086288736728775
RP11-736P16.1,0.0012082016396249805
AC083843.1,0.001207844668392467
CTD-2383I20.1,0.0012075295455508672
IGKV2D-24,0.0012075202038809249
CTA-407F11.7,0.0012074810896449528
DUXAP7,0.0012073351798819847
RP11-89M22.3,0.0012071432260889665
LYST-AS1,0.0012066752922641568
RP11-773H22.4,0.0012066721876471415
CTD-2616J11.14,0.0012066171012642148
RP11-236J17.7,0.001205725148369421
RP11-513D5.5,0.0012055165342563148
AC009060.1,0.0012053259396289497
RP11-762L8.6,0.0012052441181287952
RP11-37J13.1,0.0012052103196355797
RP11-318C24.2,0.0012051502091652688
RP11-313A24.1,0.0012051410150449025
RP11-45I20.1,0.001204972761113413
CTD-2329K10.1,0.0012048979848029557
FUCA1P1,0.001204841037165582
CENPB,0.0012048384818685522
RP11-12D16.2,0.0012047125231781483
RP4-725G10.4,0.0012045667778207284
RP11-288I21.1,0.0012043070162208451
OR9Q1,0.0012041888382815973
RP11-138H10.2,0.0012041338981856541
RN7SL300P,0.0012036791060365912
HUNK,0.0012033888932736635
MIR4802,0.0012033571624080783
RD3,0.001203214020576688
MTND2P28,0.0012031454565883763
RP11-927P21.1,0.0012030957191017419
PROX1-AS1,0.0012030490099099852
AC104781.1,0.0012030329122664051
RP11-85L21.4,0.0012027988268057909
RP11-96C23.9,0.0012022442930914037
RP11-712L6.8,0.0012021528047352667
F10-AS1,0.0012021193750805996
BOK-AS1,0.0012020838507110442
CEBPZOS,0.001201874239114179
NIFK-AS1,0.0012018571572909992
FUT9,0.0012016988106646513
AC104076.2,0.0012016802791047778
CTD-2653M23.3,0.001201621672349751
NANOGP4,0.0012013775356070212
CR848007.5,0.001201203873945161
RN7SL502P,0.0012009599050443426
AC007228.5,0.001200685873407987
RP11-381K20.4,0.001200632337514642
AP000275.65,0.00120048677055301
CACNG7,0.0012004502735768082
RP11-403A3.3,0.001200386013539219
RNU6-1028P,0.0012002903635869218
RP11-435I10.5,0.0012001234497164325
RP11-540O11.7,0.00120003634803085
GPR68,0.0011996640236561502
BSN-AS1,0.0011995145900153246
ZBTB7A,0.0011992717790811054
PHBP10,0.0011991976609186487
WDYHV1,0.0011987624898925269
AC079807.2,0.0011986841677926587
RP11-56B16.1,0.001198592083135723
LINC00998,0.00119846193864765
RP11-606P2.1,0.001198358725823639
HNRNPA1P38,0.0011983213957919468
MRPL30P1,0.0011982512622169214
RP11-5N19.3,0.0011980113988252204
CYBA,0.001197804499450986
SLC17A7,0.001197744231375191
BOLA3P3,0.001197722458925076
RP11-542K23.7,0.0011976684515767962
IGHE,0.0011975937324137263
RP11-302L19.3,0.001197361710045454
MIR4274,0.0011973533167076924
RP5-961K14.1,0.0011973411396823906
RP11-459O16.8,0.001197330472243181
RP11-9H20.2,0.0011969610291956275
DNAJB9,0.0011966093925656284
TRBV23OR9-2,0.00119647612957204
HMGN1P14,0.0011964560185252983
RP11-568A7.2,0.0011963801767617725
RP11-379C10.4,0.0011963294151693573
MTND3P10,0.0011961995946042953
RNU6-123P,0.0011961352408018826
RPL23AP91,0.0011959878824267178
AC006195.2,0.001195969008377729
CTD-2515H24.1,0.0011956100410485757
RP11-355E10.1,0.001195555152279162
EEF1A1P12,0.001195430134302096
C7orf66,0.0011952859379061019
THAP12P6,0.0011949409217568909
RN7SKP297,0.001194894192946711
SLC35E3,0.0011948111100280683
FANCF,0.001194659709996988
MIR129-1,0.001194623180053577
CYCSP12,0.001194565129218878
RP1-91J24.3,0.0011944843345151268
AC024560.3,0.0011944798787967962
SLC25A3P1,0.0011944269955758149
RP11-113K21.6,0.0011943494110619294
MIR4488,0.0011943045384716871
RP11-1336O20.2,0.0011941109736122422
RP11-246E12.2,0.0011935757839118106
OR5BK1P,0.0011933806139643487
MUC12,0.0011933164503331094
RN7SKP35,0.0011932287939297275
AC007312.3,0.0011931108923827103
RP11-288E14.2,0.0011931044705434334
LSM3P3,0.0011930138610285702
IMPA1P1,0.0011929478562934066
RP11-445O16.2,0.0011928923073630847
DDX3P1,0.0011928252660882996
RP11-848P1.9,0.0011927523190936032
MRPL9,0.0011927097062810123
RP1-152L7.9,0.0011926859266131748
AC007395.3,0.0011920893932851231
MOCS3,0.001191460299975075
RNU6-1043P,0.0011911041598728232
E2F5,0.0011909166543315234
AC000078.5,0.0011908722209339072
RP4-798A10.2,0.0011904825808635958
IGLV11-55,0.0011903981837895416
CCT7P1,0.0011902661821770284
RN7SL359P,0.001189866916620019
NFATC2IP,0.0011897176520719497
RPL21P93,0.0011895500819047557
MRPS21P2,0.001189471621555808
MFAP1,0.0011893546273070072
RPSAP28,0.0011891142983396405
GAL3ST3,0.0011888095267150885
SEC61B,0.0011886800926658224
RP11-177B4.1,0.0011882578198194335
AC114765.1,0.0011876375881324714
MIR4660,0.0011868355071117797
RP11-89C3.4,0.0011867987168644864
RP11-90H3.1,0.0011866691621295047
RP6-24A23.8,0.0011864569523933632
CTB-164N12.1,0.001186377456541554
RPS26,0.0011862024770829004
RPF1,0.0011860136737643163
RP11-38O23.4,0.0011860035245467803
RP11-394I13.3,0.0011859282745190392
AC016907.3,0.0011855130289384612
LA16c-380H5.3,0.0011851785845096497
RP1-122K4.2,0.0011847140279540082
HIST1H1B,0.0011843645479070858
RP1-7G5.5,0.0011836063815653176
LIPE-AS1,0.0011834219714847855
POLHP1,0.001183382667659138
DYNLL1P4,0.001183371058768194
C2-AS1,0.0011829570050198167
RP11-837J7.4,0.0011824505143127558
AP003385.2,0.0011824278758641538
RSPH6A,0.0011824208978310036
RP3-416J7.1,0.0011824135505656699
RP11-526F3.1,0.001182197673265527
RP11-331K21.1,0.0011821882143202753
RN7SL258P,0.001181994660966234
LUADT1,0.0011816243225041031
MIR576,0.001181570033796281
AC138035.2,0.001181397366129485
RP11-661C8.3,0.0011812515227645319
RP11-1055B8.1,0.0011809884942063013
RNU6-2,0.0011808856356709102
CDH10,0.0011808622481323866
AC005300.5,0.0011806281047068504
RP3-460G2.2,0.001180560709631156
AL136097.1,0.0011804175837447169
AC073342.12,0.0011803048388273555
RP11-296E23.1,0.0011801337482394646
AC003104.1,0.0011796558122790157
ZBTB8OSP2,0.0011796513890659735
RN7SL561P,0.0011796421193534525
CTNNA1P1,0.0011794613633113369
AC007091.1,0.001179356453191101
RP11-587D21.1,0.0011788672842929543
ATAD5,0.001178833230596048
RP11-292B1.2,0.0011786778224330465
HLA-N,0.0011786547533528626
RNA5SP202,0.0011784570095326515
GS1-279B7.1,0.0011784236186167868
C19orf43,0.0011783932413414236
AC097382.5,0.0011783171847165662
RP11-263K4.1,0.0011780632298561441
LINC01546,0.001177918789678139
AKAIN1,0.0011777919427448647
AP000620.1,0.001177759447108364
HMGB1P23,0.0011775915940101806
RP11-822E23.4,0.0011775721820661107
RP11-635N19.2,0.0011773867455462034
EIF2AP4,0.0011773672303485394
LINC01291,0.0011773229012890952
Y_RNA,0.0011773166359327705
KIAA0141,0.0011773031181116266
RP11-481G8.2,0.0011771761783843314
RP11-541F9.1,0.0011769980748323288
NME5,0.0011768478277158604
RP11-507K2.6,0.0011766939318471608
MIR8066,0.001176643874424872
AC009166.7,0.0011764057480001364
RP11-384P7.5,0.0011763240643506503
MIR3161,0.001176081608559894
RP11-504G3.4,0.0011757736582346046
AC005514.2,0.0011756591019841493
LINC01293,0.001175371810743448
CTC-428H11.2,0.0011751532563631952
RP11-710F7.2,0.001175098385730819
RP11-122G18.9,0.001174996666828092
MMP1,0.0011743333325860976
CTB-180A7.8,0.0011743314519066731
RP11-281J9.1,0.001174254945890323
TXN2,0.0011741225382536748
snoU13,0.0011740034004240091
CTD-2215E18.2,0.001173992094505374
LINC00507,0.0011739644424623213
RP11-7F17.1,0.0011736722955011636
RP11-218F4.2,0.0011735541219943008
RP11-826N14.4,0.0011734743424115894
ANKRD31,0.001173401050967011
RN7SKP32,0.001173350976328627
RP11-32B5.8,0.0011728783389918925
RPUSD4,0.0011728059010888703
RNU6-689P,0.0011727312572734187
GRIK5,0.0011726791872137977
EXOSC6,0.0011725548914847054
RP11-1149M10.1,0.0011724844897344567
MIR6780A,0.0011724510750034023
PRR31,0.0011722777274160228
RP11-322L17.1,0.001172094279738578
CTD-2256P15.5,0.0011719669313274587
RP11-1166P10.7,0.0011719374772150527
RP11-179A7.2,0.001171879281454411
RP11-368P15.1,0.0011717480891943626
RP4-705O1.1,0.0011717249007343773
RP4-644L1.2,0.0011715386272104645
SNORA1,0.0011715280845873068
RP11-370A5.2,0.0011714744303001135
RP11-36B15.1,0.0011713265905087511
SLC25A51P2,0.0011713123260376458
INGX,0.001171153336783705
LINC01132,0.001171059935200005
SNORA7,0.001170909168652309
OCSTAMP,0.0011706535751606374
UNK,0.0011703701297304083
snoU13,0.0011699685497195762
RP11-549A6.1,0.0011699347963273219
RP11-264A11.1,0.0011696044900145726
SNORD3A,0.0011693382478617992
Y_RNA,0.0011688344701383186
ZNF192P2,0.0011687519207314063
RP11-15G8.1,0.0011686892636063712
DEPTOR,0.0011684796868240888
RP11-375B1.2,0.0011683556317016116
KLHL6-AS1,0.0011682354175323775
DMRTC1,0.0011682111172110637
RP1-3E10.2,0.0011682073226955928
EBLN3P,0.0011680926912979494
AL355480.3,0.001167864895557337
SLC51A,0.0011678345892298147
LL22NC03-30E12.10,0.001167625776207784
RPS27AP8,0.0011673725587297925
RP11-441F2.2,0.0011673597769432764
ATP8A2P1,0.0011672773428672144
RP5-857K21.15,0.0011670996352226046
AC090625.1,0.001166792018467766
NKX6-1,0.0011658013524937251
RNU6-608P,0.0011656209783508268
PHBP3,0.00116551074158724
AC008060.7,0.0011650254437261696
RP11-335O13.7,0.0011645283371188705
AC003090.1,0.0011642766243937484
RP11-513M16.7,0.0011642733085498631
S100A10,0.0011639637843937486
HMGB1P26,0.0011638875019234992
RP11-348J12.2,0.001163818143600631
IFNL4P1,0.0011637230724956715
SUMO2P10,0.0011635800874729247
EWSAT1,0.001163028427730782
RP11-326I11.3,0.0011630139471636687
LDHAP7,0.001162828968306491
RP11-1078H9.1,0.0011627731768131257
RP11-388K12.1,0.0011625863986570806
RP11-789F5.1,0.0011625127287478198
OR5B2,0.001162262749292618
RP11-421L21.3,0.001162103582036903
RP11-33B1.1,0.0011620985046718925
Y_RNA,0.001162096081523441
RP11-862L9.3,0.001161951330348039
SETD8P1,0.0011614728384885893
RP11-123C21.3,0.0011610402628923872
HIST1H2BM,0.0011606317241319483
NOS2P1,0.001160520803664497
RP11-455G16.1,0.0011604179692947995
EIF1,0.0011603645519134894
RP1-228H13.5,0.001160261611586722
CTC-265F19.2,0.0011601597199539981
MTRNR2L2,0.001159947325008435
SNORA81,0.001159872185584833
RP11-415I12.3,0.001159815803729413
CDH22,0.0011597975029594384
AC005357.1,0.0011597337570102056
BIRC6-AS1,0.001159661506871119
FAM45BP,0.0011594228190915318
CTD-2342N23.3,0.0011588097837035216
RP11-254A24.2,0.0011587164884104854
D21S2088E,0.0011587162026134884
RP11-281A20.1,0.0011585527065209088
KRT34,0.0011581185221752764
AC008060.8,0.001157704792447739
AC004692.5,0.0011576885878709431
SNORD115-4,0.0011576793742349284
AC012513.6,0.0011575888154017437
RP11-366M4.6,0.001157534313260592
AC010240.2,0.0011574730273008625
RP11-481C4.2,0.0011574307361991837
UGT3A2,0.00115717689743766
Y_RNA,0.001157152586386226
RP13-941N14.1,0.00115663262088914
RP11-75L1.6,0.0011566121690929387
MIR3159,0.0011565391422231276
AC008694.2,0.0011565202328481612
CYCSP49,0.0011564915069933778
RBM8A,0.0011563940835390577
IHH,0.0011561948084099734
CTD-2373J6.1,0.0011560390819661012
RP11-662J14.1,0.0011560213488279525
RP11-310H4.1,0.0011558354970599603
PSMB8,0.0011556851879814909
RP11-279N8.1,0.001155571437466583
CEACAMP11,0.0011554252319148225
RP11-10J21.3,0.0011554030765215941
RP11-434D2.3,0.0011552861015182159
GTF2IP7,0.0011550773641050521
RP11-114F3.5,0.0011546215115706617
FAIM2,0.0011545640532487282
AC067940.1,0.0011545548048981235
RP11-17G11.1,0.0011541749111097436
RP11-34A14.3,0.0011541714925369833
AL133243.3,0.0011540991696797885
RP11-182N22.9,0.0011540377617661056
EEF1A1P14,0.0011539956108381204
RP11-53O19.2,0.0011539757295690501
KB-1836B5.1,0.0011536482558021778
TRAPPC2B,0.0011536116463461159
AC138472.6,0.0011532387359898997
MTCO3P40,0.0011531228552676869
RP11-247A12.1,0.0011531190159826217
RP11-353H3.1,0.0011530985396202011
FCF1P8,0.0011528356345049066
RNU6-650P,0.0011527893563305523
GLT6D1,0.0011527325631692236
CTD-2528A14.3,0.0011525435687328653
RP4-604K5.3,0.0011525119805410556
YBX1P2,0.0011520361290047044
RNU6-999P,0.0011519902327689214
RP11-137H2.4,0.001151909932087354
IGHG3,0.0011516836437601321
RP11-638I2.4,0.001151586949195243
ZNF572,0.0011514670007381179
RP11-886D15.1,0.0011513446336639313
RP11-303E16.3,0.0011512842652822751
ATP1B2,0.0011511427913026156
RP11-315I20.1,0.0011507959471572006
CENPCP1,0.0011506555461566724
WFDC21P,0.0011503916267469635
DEFB135,0.0011501771630291464
RNU6-436P,0.0011501242501061808
CYCSP43,0.0011500270420530818
MGAT2,0.0011495599073064343
CKS1BP3,0.0011494594161244882
RP11-582E3.2,0.0011493516049506393
MIR3165,0.0011490041480195208
USP13,0.0011485748429110475
IGLV3-10,0.001148303261498908
RP11-556H2.3,0.0011482550106759312
RP3-417O22.3,0.0011482165132785166
MIR5096,0.001148152360632555
SERPINA10,0.0011481055141033074
LINC01098,0.00114786822063337
RP5-867C24.1,0.0011475817400360313
RP11-332L8.1,0.001147469706460587
RP11-481A20.4,0.0011474654139816017
RP11-274J7.2,0.0011470288325760114
RNA5-8SP5,0.00114694222794393
MKRN1,0.001146603881152106
RP11-554A11.8,0.001146576948343292
WDR70,0.0011464803450118
GID8,0.0011463822613647311
RNA5SP75,0.0011463067225434443
MIOXP1,0.0011462521608877978
CCDC105,0.0011460287837011063
OR2T10,0.001145461828933956
RP11-152O14.1,0.0011452847450574108
CYCSP51,0.0011449577322239443
RNA5SP33,0.0011446067305121213
AQP2,0.0011442859617810026
AC018359.1,0.0011440958732542724
C10orf126,0.001144039192693309
AC011742.3,0.001144022256825211
HIGD1AP9,0.0011439691567049703
RP11-140M13.1,0.0011439484101317485
GUCA2A,0.001143747661098118
RP11-285F16.1,0.001143745527623261
POU3F4,0.0011434163808525083
RP11-798K23.4,0.001143231888139637
CTD-3105H18.7,0.0011431965417316352
RP5-872K7.7,0.0011431053699610919
LINC01088,0.0011427296360224594
MS4A14,0.0011425853412416215
TPM3P6,0.001142527223267743
PDCD5P1,0.001142419370961375
RP4-701O16.5,0.001142308347280411
RP11-90D4.4,0.0011422025928048058
RP11-161I2.1,0.001142149888310936
CTD-2616J11.2,0.0011420268171940188
NDUFS5P3,0.0011419743378999966
PCDHGC5,0.0011419508078888837
Metazoa_SRP,0.0011419459961560965
RP11-528G1.2,0.001141922013686276
CTD-2514K5.4,0.0011416260668163437
AC010492.4,0.001141528364996109
CDKL4,0.001141472113762262
RP11-123K3.4,0.0011413414220902654
RP11-549L6.2,0.0011411686408051042
CTD-2562J17.4,0.0011411221937530365
RP5-919F19.5,0.0011410637949841537
MTCYBP3,0.0011409448980418643
RP11-473E2.2,0.001140839499360106
MTFMT,0.001140748173077492
RP11-242C24.3,0.001140722397430257
GS1-124K5.10,0.0011406357206922768
RP11-1250I15.2,0.0011405329736093866
AC000120.7,0.0011403807491616304
MYH1,0.001140208134945256
LGALS16,0.0011400815700096953
RP11-959F10.4,0.0011399648753609795
RP11-50D9.3,0.0011398330098210281
LINC00371,0.0011397260701487978
RP11-16E23.4,0.0011393259411291129
TNP2,0.001138729207211193
MRPL34,0.0011384032676222278
IGLCOR22-2,0.0011382394138118022
CTD-3107M8.2,0.0011381166694543344
PPP1R3A,0.0011376386903167131
RNA5SP132,0.0011376217750469644
RBM22P1,0.001137619227024176
RP11-161M6.3,0.0011376112168255464
RP11-329A14.2,0.001137583628053363
AC093381.2,0.0011373252876193311
DDX47,0.0011371657397935317
SIX5,0.0011368668954829014
LINC01582,0.0011367082049310872
AL132640.1,0.0011364569002100602
RP11-670N15.2,0.0011362655770987607
RP11-1099M24.6,0.0011361430843242857
YTHDF2P1,0.001135862386434286
CTC-559E9.8,0.0011358356625094403
AC124997.1,0.0011354979307529969
RP11-734C14.2,0.0011354826757781465
LINC01135,0.0011353071854370933
RP11-367B6.2,0.0011352891372785774
SRRM4,0.0011351800364421665
SUGT1P3,0.0011351753504885457
RP11-181K12.2,0.0011349455803474403
RP11-118F2.2,0.001134880694346453
AC012512.1,0.0011346093018833542
RP11-151A6.6,0.0011343102846652219
HIGD1AP14,0.0011342830398158247
SHMT1P1,0.0011341214559217783
AF241726.2,0.001134085751494156
SCARNA1,0.0011339935345611506
CTD-2562G15.2,0.0011339420751858035
PRKCSH,0.0011337767501187726
RP11-89N17.2,0.0011337198604405266
U3,0.0011336762317191425
RP11-5P4.1,0.0011335366378182356
RP11-616K22.2,0.0011334216592744934
AC067969.1,0.0011333824293513425
CAP1P2,0.001133352649570508
TOMM7,0.001133294430590149
PIK3IP1-AS1,0.0011327667577421244
POU3F3,0.0011327529720108961
PSMC4,0.001132687666570645
RP11-218E20.5,0.00113258908068073
NFIA-AS2,0.0011324586548287128
MIR181A2,0.0011322903154824201
TRPC5,0.0011322757565620436
CASP3P1,0.0011322313866914146
RP11-563M4.1,0.0011322216132358585
LA16c-425C2.1,0.0011322015697976392
LA16c-395F10.2,0.0011319573312947749
KRBOX1-AS1,0.0011319058481044871
ARF3,0.0011317236325127202
NYX,0.001131686349541165
RP11-618I10.1,0.0011316292419467997
RP11-107F6.4,0.0011314540602593733
GALNT8,0.0011314199977693238
METTL21AP1,0.001131196128469095
SPATA31C2,0.0011311208142001004
RNU6-90P,0.0011309618959074604
RPS8P3,0.0011309572884038899
DDX50P1,0.001130768022693602
RPS15AP24,0.0011307159885961813
TMEM110-MUSTN1,0.0011305657673576165
MIR186,0.0011305486723944414
RP11-409I10.2,0.0011302907314330382
RBM46,0.0011302109681893288
RP4-665J23.2,0.0011301853830176772
RNU4-13P,0.001129964563733437
BMS1P10,0.0011299055808051686
RP11-120E13.1,0.0011295752747555814
KCNMA1-AS1,0.0011295663297140788
RP11-293F5.8,0.0011294618929558833
RNU6-584P,0.001129457455350758
CTD-2651B20.1,0.0011292625948872512
AC007238.1,0.0011292243979631495
AL022393.9,0.0011291763981364246
RNA5SP207,0.0011288763458014784
RP11-383F6.1,0.0011286532049143722
SNORA58,0.0011286012312909024
VENTXP6,0.0011283907975141786
CTD-2609K8.3,0.0011283065208203286
RP11-370A5.1,0.001128056820753005
RP11-138H8.2,0.0011280487656271949
CYCSP40,0.0011279384030804607
CYCSP22,0.0011279090965220196
RP11-13J10.1,0.0011278946261945417
SPSB4,0.0011276720212178533
FZD9,0.0011271951182269696
ABHD10,0.0011267798402928243
RPL21P44,0.0011265043054909166
TCN1,0.0011263000962730887
UGT8,0.0011262845782175318
RP11-12M5.1,0.001126197094306013
RP3-365I19.2,0.0011260907011137469
RRP15,0.0011258862719178435
FAM200A,0.001125871706554398
RNU6-1024P,0.00112581396499734
POMC,0.0011257963073758952
RP11-396O20.1,0.001125695512959812
RNU6-208P,0.0011254824924422293
RP11-570L15.1,0.001125290462386953
OTOS,0.0011252710661732973
RP11-165J3.6,0.0011252444607836693
Metazoa_SRP,0.0011250026305481544
DUXAP1,0.0011248637598503192
AL132796.1,0.0011247295185409173
BTF3L4P3,0.0011241645139749435
NR5A1,0.0011239536984828677
SMIM15,0.0011233491616147691
RP11-861A13.3,0.001123234507828328
ARIH2P1,0.0011229853156087758
RP11-982M15.7,0.0011225816416077744
RP11-490B18.6,0.0011223137823905599
RP11-259K5.1,0.0011220016126113068
Y_RNA,0.001121931206252948
MTND5P2,0.0011215136985919803
CH17-53B9.2,0.0011215012424654446
ADCK2,0.001121346405937373
LCE1E,0.0011212470757605063
NANOGP5,0.0011208489385396844
ZNF717,0.0011208455238683281
RP11-778J16.2,0.001120650844219957
MIR3179-1,0.0011205679438877657
RPS2P32,0.0011204557650024286
RP11-230L22.4,0.0011204309125035447
RP3-446N13.2,0.0011204076661882414
SPG21,0.001120376394902506
SNORD126,0.0011202514837557295
ATP6V0E2-AS1,0.001120213279716104
RP11-474D1.1,0.001119835757729813
RP13-228J13.10,0.0011198064468168646
RYKP1,0.0011197484058656272
RP11-293M10.2,0.0011196887014165377
RP11-112N23.1,0.0011196613006744008
RP11-102J14.1,0.0011194709520300574
THAP12P2,0.0011193732802519843
RP11-94P14.1,0.0011191950016574707
SNORD63,0.0011190092223210093
ATP5L,0.001118889690721595
AF131215.6,0.0011187573654768068
MARCH11,0.0011187509037782623
RPL7P52,0.0011186995651149766
SNORD115,0.0011185291260131297
RP11-298J23.8,0.0011185028345129671
RP11-551G24.3,0.0011184722311883889
YOD1,0.0011184516196987545
FAM181A,0.0011183439036897083
DDX39BP2,0.0011183201679652957
RP11-244G12.1,0.0011180614916553706
KRTAP10-4,0.0011180313328443923
RN7SKP273,0.0011179301345592392
CTC-250P20.2,0.0011178947744093595
MIR1972-2,0.0011177733324448603
IMMP1L,0.001117752806857621
ID1,0.0011177284926135887
OR10J3,0.00111765976927239
CTD-2033A16.2,0.0011176298329513429
CTD-2104P17.1,0.0011173994485973616
TYW5,0.001117042021435125
PCDHGB8P,0.0011168477915248396
RSL24D1P8,0.0011161603773444959
AC009303.2,0.0011160444957961293
NACAP2,0.0011160416685967766
RP11-85E16.1,0.0011159740631683304
RP3-323N1.2,0.0011158065741814578
RP11-165I9.9,0.001115679774743395
CTD-2377D24.6,0.00111550394007711
CTD-2049O4.1,0.0011154823009511903
RP11-298J23.5,0.001115454086423571
SNRPGP14,0.0011154456916143566
SPDYE9P,0.0011152882684917565
LSM12,0.0011151752660031793
RP11-704M14.1,0.0011150375993663599
RFPL1S,0.001114971928515748
RP5-1132H15.1,0.0011148606799012792
RP11-123N4.4,0.0011147049140845014
RP11-220I1.5,0.0011140108891751835
CTC-444N24.7,0.0011138902464786643
OTOGL,0.0011137829037535037
RP11-16E23.3,0.001113578671353365
RP11-21M24.2,0.0011129564935225755
LA16c-306A4.1,0.0011128393658435245
RP11-521C20.1,0.001112807212479791
RN7SKP64,0.0011127974405947697
TPT1P5,0.0011124310882555655
RP11-741G21.1,0.0011123811527007856
SNORD12B,0.0011119761335281289
PWP2,0.0011118907180988266
DGCR12,0.0011117963001329417
RNU6-1081P,0.0011113183717319309
LARP7P2,0.0011110963731067274
KRTAP5-14P,0.0011110137128420895
CTD-2587H24.14,0.001110837165442162
MIR6877,0.0011105709925659406
RNU1-109P,0.0011104664674830118
CTD-2116N17.1,0.001110351055043711
PZP,0.0011102365411703099
SRMP2,0.0011101490559337376
LINC01586,0.001110112166378672
RP11-631M21.7,0.0011100872844214563
Y_RNA,0.0011099789192941388
RP11-1396O13.13,0.0011095896279360203
RP11-17P16.1,0.0011094889592018205
MTDHP2,0.0011094728246714475
RP11-21B23.2,0.001109287293140953
MIR8082,0.0011090148627198324
PUDPP1,0.0011089597212059932
RP11-463J10.2,0.001108947234330548
MIR4665,0.0011087564578954171
AC098826.4,0.00110874139023297
FEN1,0.00110861843830092
MT-RNR2,0.001108611937388866
RP3-468O1.6,0.00110835069037721
RP5-1028L10.1,0.0011082056956148313
RP11-299G20.2,0.0011077379871625586
RPL7L1P2,0.0011076744569682383
MIR103A2,0.001107663692201535
POU5F2,0.0011076117141878758
RP11-1020A11.2,0.0011073689313374822
CH507-9B2.4,0.0011069862026888927
RP11-701P16.2,0.0011068220771494022
RP5-827C21.1,0.0011066992002822411
RP11-356O9.1,0.001106696972043256
RP11-64B16.3,0.001106571614066961
RNU6-663P,0.0011064730138076425
RNU4-6P,0.0011064111891086752
AJAP1,0.0011062165465352454
RP11-141M1.4,0.0011061658953170992
RP11-848P1.2,0.0011061451417888203
BSX,0.0011059629027471412
RP11-848P1.4,0.001105959013448953
AC011998.4,0.0011056906907129771
RP11-54O7.10,0.001105674937301145
SNRNP27,0.0011056426314949017
LRRC19,0.0011054801078059378
PCDHGA4,0.0011053166635316917
IPO9-AS1,0.0011053064196294678
TRIM61,0.0011052741745738765
LINC00649,0.001104785393179189
RPL39P6,0.0011047277454523188
CTD-2160D9.1,0.0011041740776396595
RP11-133K1.11,0.0011040075850823285
C20orf78,0.0011038440654138483
RP11-167B3.3,0.0011038126683528384
GTF2IP9,0.0011037517321479424
LINC01153,0.0011037300226527263
RP11-1149O23.2,0.0011036458031967818
RP11-416N2.4,0.001102794855598655
RP11-1049H7.2,0.001102777623039127
MTCO3P29,0.0011025857320060017
NUTM2E,0.0011025012704114234
AC009487.5,0.0011022916307924853
FAM86HP,0.0011022613016693913
GK3P,0.0011019304236960625
RP4-668E10.4,0.001101429946223383
FARSB,0.0011012353150636537
RP11-431M3.2,0.0011012216583306366
RP11-479F13.1,0.0011011894257447756
CXADRP1,0.0011006827293919851
BAZ1A,0.0011005130295991096
SNORA74,0.001099325276832836
ZBED1,0.0010989229807162476
RP11-568J23.1,0.0010987732497077544
RN7SKP179,0.0010987436887744653
AC068282.3,0.0010983347847188325
RP11-92B11.4,0.0010980723730240345
CTD-2501E16.2,0.0010980108017777177
NFIA-AS1,0.0010979560274098404
RP11-573N10.1,0.0010977865512679587
PPIAL4G,0.0010977211085034353
RP1-5O6.4,0.0010977146440232979
Metazoa_SRP,0.0010976261147975514
RP11-512M8.5,0.0010975438457653118
COX11P1,0.0010974336756610099
RP11-242C24.2,0.001097351478502637
C2orf66,0.001097222169958706
IGHV3-25,0.0010968738722500143
OSTCP2,0.0010965641269306621
AC005518.2,0.001096028945164167
R3HCC1,0.0010959026626206545
SNRPEP4,0.0010956096430741055
RP11-983P16.2,0.001095494123805882
SHC3,0.0010954508503510764
RPL7P60,0.0010951819118649663
RP11-83A16.1,0.0010950230196306045
RNF139,0.0010943701943124501
UNG,0.001094230064668429
HTR1DP1,0.001093994649448673
HNRNPA1P7,0.0010938845904786196
RP11-667M19.10,0.0010934013358911065
Y_RNA,0.0010930931303128576
C3orf79,0.0010919664875951294
RPS17P13,0.00109195412255211
RP11-55L4.1,0.0010918388016188227
RP11-563K23.1,0.0010916248620327605
U3,0.0010912539706858088
BNIP3P25,0.0010910618829293873
RP11-347L18.1,0.0010909919786858732
DLEU7-AS1,0.0010908972182190975
RP5-956O18.2,0.0010907768541229613
MYL3,0.0010907677158676992
OLA1P3,0.0010906466368583955
RP11-429P3.3,0.0010903401671821338
SCARNA20,0.0010901976420251542
SNX18P5,0.0010901376829083296
RHOT1P2,0.0010898824469131815
ZNF197-AS1,0.001089351552546494
AP000240.9,0.0010893320446102748
ACTP1,0.0010891216201092777
RP11-136I13.1,0.0010888690061372466
GIP,0.0010888150596830301
RRH,0.001088539323574576
RP11-277P12.10,0.0010885311738678895
SFPQ,0.0010880392411394802
NAP1L4P1,0.0010877997595179986
AC006262.6,0.0010874468135896771
RP11-477G18.2,0.0010874248144008604
RP11-77A13.1,0.0010874007008003386
RP11-1070N10.7,0.0010873956865620645
RP11-481A20.10,0.0010871719810791871
SLC16A1P1,0.0010869334619699272
RP11-304M2.3,0.0010867972573653892
COX19,0.0010863541203141262
RP11-457K10.1,0.0010863071665841413
BCRP7,0.0010861499680653954
ELDR,0.001086036945578721
KRT18P59,0.0010860221160361983
C1orf234,0.001085551603372389
GAPDHP73,0.0010855062956681412
TTLL10-AS1,0.0010853751695846033
CTC-575I10.1,0.0010852960203453566
RP11-92K15.1,0.0010852222398681092
NT5C3AP1,0.0010847451849348
RP11-299A16.1,0.0010845302056516624
RP11-698E18.1,0.0010845087984236008
RP11-505P4.7,0.0010844623978122172
DHX40,0.0010844505371413013
RP1-228H13.1,0.0010844291582294359
RNASEH1P2,0.0010842932910410871
CTD-2008L17.1,0.0010839925702246574
PFN1,0.0010837377787637137
RP11-97O12.5,0.0010836810355437717
RP11-357N13.6,0.0010836585888052606
RP11-301G21.1,0.0010836385335624215
RASL11A,0.0010835985536792314
RP11-240G22.4,0.0010832027163751993
BRWD1-AS1,0.0010829298466166913
RP11-172C16.4,0.001082906766429681
DAP3P2,0.0010827165909391746
MIRLET7A2,0.001082634877292919
RP11-374M1.2,0.0010825481422037423
GS1-304P7.3,0.0010823576586778813
RNU6-37P,0.0010820719637910732
HNRNPCP3,0.0010818568536812639
SENP3-EIF4A1,0.001081751667531095
RP11-453E17.4,0.0010817130628663044
DOCK9-AS1,0.001081497957715541
SPATA17-AS1,0.0010813177020034038
ALDH1L1-AS2,0.001081142026101825
LINC00706,0.0010810968626655986
RN7SKP261,0.001080780734099656
RP11-6B19.1,0.0010806839167092706
AP000230.1,0.00107966859506085
CTD-2555K7.1,0.0010792613391078275
NAT2,0.001079171272885777
TPT1P9,0.0010790238641018182
AC009022.1,0.0010789903221936764
RP13-516M14.1,0.0010786296827032396
AF013593.1,0.0010785379650069885
SUMO1P1,0.0010785104063409502
ISY1,0.0010784568637989874
RP11-761B3.1,0.0010784483744048486
RAB3D,0.0010784241495872188
RP11-500G22.5,0.0010783566488357375
SNORA79,0.0010783372235882063
RP11-113A11.1,0.0010782701093420286
RP11-46A10.5,0.0010780927669588813
GLO1,0.00107729478585618
RP11-25C19.3,0.0010771940286514604
CTC-526N19.1,0.001077192500004479
RP11-164C12.2,0.0010770361484095051
HYLS1,0.0010768111594274083
RP11-397E7.2,0.0010765397878146714
RPEP3,0.0010764406242018737
LINC01091,0.001076436832304556
RNU1-13P,0.0010763805249867492
RP5-979D14.1,0.0010762735783189062
RP11-517B11.4,0.0010760856021048196
LINC01267,0.001075936582414795
DHX37,0.001075742933938806
RP11-61E11.2,0.00107572214630824
AC007879.7,0.0010754834474093681
CCDC13-AS1,0.0010753569520009652
RP11-230C9.4,0.001075149408339107
RP11-286E11.1,0.0010748807504384012
RAB13,0.0010748536282308007
RP5-1107A17.4,0.0010744105528624512
RP11-430B1.1,0.0010739842628423194
RP11-235C23.6,0.0010739395368095656
LINC01420,0.0010738215169999235
WRBP1,0.0010737812958658904
RNU6-1026P,0.001073621745637664
RP11-349J5.2,0.001073515865430468
CLIC1,0.001073228232300803
MIR3944,0.0010731491721906394
RP11-1012A1.7,0.0010723852042226702
RP11-320M16.2,0.0010722956590307885
RP11-525E9.1,0.0010722218312089783
FAHD2P1,0.0010720843895495194
SELENOK,0.0010720652238039989
EEF1A1P1,0.0010717783630450667
RP13-16H11.5,0.0010715453943472204
CTD-2538G9.3,0.0010714825510449398
AC004941.5,0.0010714494594049955
RHEBP2,0.0010713482878131704
RP11-361A23.2,0.0010710243911913754
RP11-3D23.1,0.001070785853607801
OR13D3P,0.0010707810238863144
RP11-874G11.1,0.0010706739601203299
PSMC1P8,0.0010706657880485255
RP1-155D22.2,0.001070616263197767
AP003068.18,0.0010705216740292721
AC008074.3,0.0010702023228957795
RP11-125A15.3,0.0010701905845742791
CBX5P1,0.0010701378387976575
AC027612.1,0.0010700236449804072
OR10H5,0.0010699067855903207
RP11-469J4.3,0.001069755958353201
RN7SL144P,0.0010697393475164797
UBE2V1P1,0.0010697001926222003
RP11-571F15.3,0.0010695402637099119
RP11-367E12.4,0.0010694710227092678
RP11-2H8.3,0.0010691919881847534
CHRNA6,0.0010691513881382142
RN7SL531P,0.001069016447579209
Metazoa_SRP,0.0010689937343818234
RP11-573M3.2,0.001068975231420691
EEF1A1P36,0.0010688352240861613
MARK3P1,0.0010687393358664794
RNU6-1223P,0.0010687390781366798
EPB41L4A-AS2,0.0010683530548657055
EEF1B2P4,0.0010682254954143106
MTND5P1,0.001068127050837332
MIR3909,0.0010679942685273105
CTC-459M5.1,0.00106788782598042
RP11-205M3.1,0.0010677942766814262
AP000282.2,0.001067784871013881
U82695.5,0.001067743951637896
RNU6-945P,0.001067474020183322
RP11-419I17.2,0.001066969132293984
OR5AH1P,0.001066887868929105
RP11-538D16.3,0.0010667496737293005
RP11-562L8.1,0.0010666397260106137
RP11-296O14.3,0.0010665795888646148
SNORA28,0.0010664859539677022
RP1-72E17.2,0.0010663011077827811
RP13-580F15.2,0.001066273182142391
RP11-524L6.2,0.0010661231848035847
ANXA2P1,0.0010659247471106006
LINC00205,0.0010655360262400895
RPS3AP22,0.001065326285770416
RPS23P7,0.001064993962840442
CPEB3_ribozyme,0.0010646548647716963
RP11-418J17.1,0.00106409545791525
RP11-488P3.1,0.0010640581913304002
AC127904.2,0.0010639657739417534
RP11-390D11.1,0.0010635954142867044
Metazoa_SRP,0.001063466760588043
LA16c-329F2.1,0.0010634636540504479
AC107081.1,0.001062831763919854
RP11-227H15.4,0.0010624574721827078
BNIP3P26,0.0010624459359330825
RP11-504P24.3,0.0010623213469408037
RP1-305B16.3,0.0010621488761042386
RPL7L1P5,0.0010618239606174043
RNU7-38P,0.0010616971523786133
RP11-1292F20.1,0.001061508998536611
RP11-379B18.1,0.0010609862205451734
MND1,0.0010607375314053
ABCC13,0.0010605904246055486
IL17D,0.001060313792375966
RNU6-1310P,0.0010602035116497393
SPCS2P2,0.0010601876488305485
CTC-484M2.1,0.001060094854988852
MIR5692A1,0.001059928592092148
AC064852.4,0.001059890565036027
RNU6-1010P,0.0010598295485158774
RP3-388E23.2,0.0010597561635298208
PLAG1,0.0010597525131614194
RP11-691H4.4,0.0010594980849830166
AC097713.5,0.0010593808923135748
RP11-587H10.1,0.001059280631260227
MIR302A,0.0010591647424023306
RP11-112N19.2,0.0010591459056726992
RBAK-RBAKDN,0.0010589573388908073
PPP1R3D,0.0010589304736025491
RP11-541M12.3,0.0010583630518799074
UHRF2P1,0.0010583424718116038
AC007389.3,0.0010583241990929928
AC005176.1,0.0010581893647348818
AC105052.1,0.0010579947143897002
SIX2,0.0010578871361202045
AC002519.6,0.0010578233097305297
DNM1P34,0.0010576326628496308
RP11-578C11.2,0.0010575370501595194
HNRNPA1P71,0.0010575126815015234
GDF6,0.001057452863948269
SNRPCP2,0.0010571709124763736
RPEP1,0.0010571079611469889
HNRNPA1P5,0.0010568112835746435
CFDP1,0.0010565998271561644
CCL1,0.0010564148552821614
BUD31,0.0010563683164157931
Y_RNA,0.0010561970114493348
RGS7BP,0.0010556927997264944
RP4-612B15.2,0.0010556757657218861
TPMT,0.0010552980264607339
RP11-25D10.2,0.0010551988855254282
IGHG4,0.0010551432947265198
RN7SL556P,0.0010550765774201601
RP11-573M3.6,0.0010550600584038638
RP11-507B12.2,0.0010544651959112754
AC009303.3,0.0010543625099933328
RP11-135A1.3,0.001054064676551899
RP5-1112D6.8,0.0010540118512410563
RP11-63B13.1,0.001053806736546504
RP11-345J4.5,0.001053506196111299
CTD-3131K8.2,0.0010532952005162328
RPL10P13,0.0010529465380859967
NEFH,0.0010528706346726673
RPS7P5,0.001052447577366947
RP11-131K5.1,0.0010524380426317841
AC007919.19,0.0010523769537481903
MIR3188,0.001051703226149104
ATP5G1P5,0.0010514391683645163
CTA-992D9.6,0.001051131954995231
RP11-94C24.6,0.0010510937741445767
RP11-109P11.1,0.0010509267714689536
RNU7-124P,0.0010508716360368906
FAM160A2,0.0010505925667092957
FTH1P27,0.0010505096632874187
RP11-59H7.4,0.0010504715852977646
RPS27AP1,0.0010503965175306597
RP11-274B21.2,0.0010502762669277411
RN7SKP241,0.0010502272497964504
BTF3L4P2,0.0010502154406300693
PCAT7,0.0010496858724204279
ZNRD1ASP,0.0010496854550418701
RNU4-8P,0.0010493595091275647
LINC01470,0.0010493267743697037
RP11-731D1.1,0.0010491509381232553
GS1-124K5.7,0.001048651245441707
RP11-482D24.2,0.0010483497958939853
RN7SKP225,0.0010482871396883908
RP11-565F19.3,0.0010482439410152658
MIR6784,0.001048031904454073
SESN2,0.001048016168236618
CDCA4P1,0.0010478728220883115
HSP90B2P,0.0010476300405780296
FAM47C,0.0010475138962589858
MIR6813,0.001047507128439039
CTD-3105H18.16,0.001047288700847457
RP11-20G6.2,0.0010472565015627853
IRGC,0.0010470116481488653
RP11-7C6.1,0.0010468858620805955
TMSB4XP3,0.0010468183656048295
MIR6087,0.0010468047004515884
FDPSP5,0.0010468022252512984
RP11-760L24.1,0.0010466089883916891
AP001432.14,0.001046450595395156
AC012594.1,0.0010463981704921254
RPL22P17,0.0010463967895752624
LSM10,0.0010463376297404066
LINC01222,0.0010461312688483824
HLA-J,0.0010459787655731812
CHRNB3,0.001045770771829972
AC016691.2,0.0010456854884978467
DEFB112,0.0010453126050645834
RP11-178F10.2,0.001045273999984763
RNU1-120P,0.0010451992777647991
AC084082.3,0.0010451385795724906
HNRNPA1P72,0.0010449438381448756
RNU1-65P,0.0010448766642305865
RP11-99A1.2,0.001044740563367228
CCDC169-SOHLH2,0.0010446617506444124
RNA5SP338,0.0010446083735592942
RP4-604G5.1,0.0010443923635663711
CTD-2017C7.2,0.0010437286630224731
CTC-444N24.8,0.0010435436799065346
KB-1043D8.8,0.0010435023318114418
GDI2P1,0.001043255208634421
LA16c-3G11.7,0.0010431079248620575
RP11-367J11.3,0.0010423269264755093
RP11-425D17.2,0.0010422815523721894
RARRES2P4,0.0010416768359179254
RP11-422P22.1,0.0010416192878530618
RP5-878I13.1,0.0010415937006990306
RP11-165N19.2,0.0010413416114750584
RP3-416J7.4,0.0010410688047208952
RP1-39G22.7,0.0010410634286547075
RP11-96D1.3,0.0010405096816255702
IGLC7,0.0010404198386636853
AC022154.7,0.0010403313996103364
RP11-17G12.3,0.0010401373894249977
TUSC7,0.0010400653533272914
CYP2A7P1,0.0010399965391420293
MIR6127,0.0010396923761634561
AC012456.4,0.0010396486719188138
CTD-2326C4.1,0.0010395823823835912
OLA1P2,0.001039356144342662
RP11-486F17.1,0.0010392930858512347
RPPH1,0.001038965277064838
CTB-35F21.3,0.0010386408717056313
XKR8,0.0010382237403657052
SLC12A8,0.0010381862211232165
RP11-61J19.3,0.0010378992809202312
RP11-409C19.2,0.0010378628065816444
RP11-214K3.24,0.0010377002677173994
RP11-580P21.1,0.0010376942614463284
RP11-864J10.4,0.0010373865711505892
RP11-173D3.4,0.0010370454614135423
RP5-965G21.5,0.0010367234611132045
RNU6-579P,0.001036489487540809
UBE2Q2P11,0.0010360128627222027
MIR933,0.0010358184954032401
RP11-114F10.3,0.0010355941044106315
LINC00461,0.001035474921466447
PEBP1P2,0.0010354428194810736
IFNWP18,0.0010354236989204286
RP11-44F21.3,0.0010352452641204718
KIAA1024L,0.0010352049892352578
HNRNPCP2,0.0010350795237687815
RP11-471B22.3,0.001034832636582763
RP11-96L7.2,0.0010346164407057062
RNU5F-3P,0.001034409981683608
RP1-130L23.1,0.001034347185521327
AC005943.2,0.0010339966695975817
RP5-1139B12.2,0.0010339573846409984
MIR670,0.0010338498060695133
ADAMTSL4-AS1,0.0010334826647014103
IFNA12P,0.0010334824565751046
LINC01158,0.0010334801406001964
RPL7P23,0.0010333226608031474
AC131097.4,0.0010328386541123473
RP11-480D4.1,0.0010327510447428801
RP13-560N11.1,0.0010326648239752903
RP11-255H23.2,0.0010323690926903302
RNU6-62P,0.0010320287675258007
RP11-753A21.2,0.0010318718548866707
RAC1P7,0.0010317978287082735
RP11-328L11.1,0.0010311852945532802
RN7SL49P,0.0010311837185614317
FAM204BP,0.0010311639275615797
TOPAZ1,0.0010310860353959599
RP11-302B13.1,0.0010310186383757822
RP11-402D21.2,0.0010304658156960668
FAM131C,0.0010304601534332478
AC007556.3,0.001030454328295935
RP11-345P4.6,0.001030290761907583
OR1D4,0.0010301024687917558
RP11-677O4.2,0.001030064353670373
TMEM174,0.0010296660065689106
RP11-349A22.3,0.001029514423190817
MED10,0.0010294398059167175
TREML2,0.0010292789980883236
RPL23AP56,0.0010290220249729617
SUDS3P1,0.001028898607504198
AL590235.1,0.001027894838473336
AC002429.5,0.0010277729518682155
LINC01298,0.001027768534820002
RPAP2P1,0.0010276472796914458
CTC-535M15.1,0.00102753808436689
MATR3,0.0010274677239697455
RP1-292B18.1,0.0010271690597399568
RP11-637C24.5,0.001026666348330436
AP000253.1,0.0010263749569868513
LINC01588,0.0010263679779202743
RP1-273G13.2,0.0010262677982803897
RP11-849H4.4,0.0010260319882502476
ADAMTS19,0.0010259749021052217
VN1R38P,0.0010255857419970036
BTF3L4P1,0.0010255390611053049
RP11-725P16.2,0.0010251002518536403
RP11-290F24.3,0.001024863638035818
RP11-583F24.8,0.001024641332103281
RP11-527F13.1,0.0010244408489526197
FOXN3-AS2,0.0010243924621036573
RP5-1116H23.4,0.0010234657655816368
TM4SF20,0.0010233885204600929
RP11-38M8.1,0.0010231220179373471
AGBL4-IT1,0.0010229022491970857
RP11-303G3.6,0.0010228995440489863
MIR548I2,0.001022855411255734
CTD-2165H16.3,0.0010225239656834217
RNU6-1246P,0.0010222524751755638
SCARNA12,0.0010220535662181238
BOLA2P2,0.001021620937303733
MTDHP3,0.001020983649093082
FAM167A-AS1,0.0010208475588111663
PCDH10,0.0010207396650946646
RP11-403P14.1,0.0010206781262908672
RN7SL253P,0.0010205105412856336
AC064871.3,0.001020460018802254
RP11-206L10.9,0.0010200892710331517
NDUFS5P5,0.001020057675562566
RPL35AP21,0.0010199204597597616
FAM212B-AS1,0.0010197853685897829
RPL23AP55,0.001019288790170477
RP5-1121H13.1,0.0010189162412572324
RPL5P17,0.001018679775426678
RP11-193I22.2,0.0010186598837071592
RP11-673P17.4,0.0010182478185559532
RNU6-448P,0.0010181990783175831
RNU6-1174P,0.0010179551660680327
BEX5,0.0010179116405404807
LINC00279,0.0010178966017437387
VENTXP5,0.0010178536665496048
RN7SL415P,0.0010175336578995477
RP11-335O13.8,0.0010175239897439391
RRS1-AS1,0.0010174509530755235
RAB11AP1,0.0010173872843834651
MTCH2,0.0010173769130936055
UBE2MP1,0.0010173361245168536
RP11-63G10.2,0.0010170388229984492
RP11-197M22.2,0.001016999029390667
CTC-429P9.4,0.001016828226426799
AC009120.8,0.001016797595693024
APEX2,0.001016506426898432
CTC-756D1.1,0.0010164063987409015
AC006547.13,0.0010163248270267523
RN7SL173P,0.0010161579684131808
STRIP2,0.0010156457882319289
IGHJ1P,0.0010151495065208445
RP11-110I1.14,0.0010150890800406404
RP11-113E21.2,0.001015007961667284
RP11-384B12.3,0.0010149742268119385
RP11-147K6.1,0.0010148986740985168
RP3-437I16.1,0.0010147652799526276
RP11-397O4.1,0.0010147503212577186
RP11-31E13.2,0.001014583581034968
AC092664.1,0.001014488225974524
RP11-191H23.1,0.0010142890315769182
XXbac-B476C20.9,0.0010142193865411537
PSME2P2,0.0010142154886372498
RP11-22N12.2,0.0010142099242222734
RN7SL449P,0.0010141943154275542
RP11-44M6.1,0.0010137224949276703
RP11-357N13.1,0.0010134237455070296
RNU6-934P,0.0010128498320915963
SNORA22,0.0010126627374230483
CTD-2192J16.17,0.0010122920860736902
RPS15AP29,0.0010120905540017483
SOX30,0.0010119017716093705
IGKV1OR9-2,0.0010115007450527704
CTDSP1,0.0010113586726565149
RP11-69L16.5,0.0010112580660458401
RP11-648K4.2,0.0010111463185039503
RP11-115P21.1,0.0010109263351307076
Y_RNA,0.0010108539977879154
DHX16,0.0010107251559996052
RP11-359K18.4,0.0010106031005390412
RP11-53M11.5,0.0010105244922237215
MRPL3P1,0.0010104184798961676
ABHD4,0.001010232489823197
SPTLC1P5,0.001009970229741141
SLC24A5,0.0010098537263876345
MIR6509,0.0010097079758095398
LINC00324,0.0010095369598180812
RP11-68L1.2,0.0010095126718370827
AQP4-AS1,0.001009484715374609
HMGA1P2,0.0010094677149329594
CTD-2012K14.5,0.0010093890046548924
AC005037.3,0.0010091356788777775
C2orf83,0.0010090806622065594
CHCHD2P6,0.0010087528675222985
TAF9P3,0.0010087254067005873
RPL31P20,0.0010086936585189674
RP11-576D8.4,0.001008185542321931
MIR892C,0.001008174098267913
RP11-778D9.9,0.0010081134940178572
SEPHS1P4,0.0010079651023848623
IL9,0.001007924047045956
NUPR1,0.0010079146915874023
WDR38,0.001007776433247847
RP11-52J3.3,0.0010074024086029298
IPO8P1,0.0010074003265496667
RP5-859I17.2,0.0010073711885503474
MTATP8P2,0.0010070074187128796
CTD-2231E14.8,0.0010067162097360113
RP11-973H7.5,0.001006507988391976
RP3-520B18.1,0.0010064162071397348
RPS10P3,0.001006406903080802
RP11-93B14.10,0.0010055171594615946
RP11-734E19.1,0.0010054516552365131
RP11-63E5.1,0.0010053455744690686
RP11-75C10.6,0.0010050872883018678
RP11-399K21.5,0.0010049736770147545
MIR1303,0.0010049037518250156
OR2L2,0.0010047707939714677
RPL23AP25,0.001004679720177364
ZNF859P,0.001004185325602888
KB-1562D12.1,0.001004041082227608
RP11-583F2.1,0.0010039782724087854
RP11-535N6.2,0.001003924532651365
RPS10P28,0.0010039123224189143
RP5-1039K5.13,0.0010037688027323003
ANXA2P3,0.0010032232674714087
LSMEM2,0.0010031347347362542
RP11-729I10.3,0.0010031274370026898
RP11-812I20.2,0.0010028548467954914
RP11-956A19.1,0.0010027473329007285
NDUFAF1,0.0010026619635181686
RP11-304L19.4,0.001002615930421751
SNORA70,0.0010025944055906612
MIR3682,0.0010023604620346452
RP11-152O14.4,0.00100222597031445
GCN1,0.0010021617749920624
Y_RNA,0.0010015458811060728
RN7SKP197,0.0010014977192608506
ME2P1,0.0010013745949013122
VCX3B,0.0010012599664504674
RP11-712B9.5,0.0010010993446202237
RP5-961K14.2,0.000999978529587679
BZW1P2,0.0009998260349610116
CTD-2623N2.3,0.0009996352396081563
Y_RNA,0.000999462135074339
RN7SL479P,0.0009994474329368807
TMEM108-AS1,0.0009994387741099045
RPL21P17,0.0009993786463195306
RP11-244K5.6,0.0009993659631103691
SNHG21,0.0009993301212172336
RP4-665N4.4,0.000999315333216268
RP11-157F20.1,0.000998941341097533
RP11-33N14.3,0.000998870964832666
AP000350.8,0.0009986148877781293
RPL21P120,0.0009984973076608132
GAPDHP48,0.0009983205351878166
SPRR2B,0.000998200608227789
RP1-261G23.5,0.0009980154269301743
CTD-2515H24.4,0.0009978719375533791
CCDC71,0.0009977603837987771
RPS15AP16,0.0009973273208962459
RPL35P9,0.000997240630491583
SLC26A4-AS1,0.0009972144269896727
PEBP4,0.0009967732714553836
RP11-293G6__B.8,0.0009966126991388475
GNG5,0.0009961175743301535
RP11-307O1.1,0.0009960712433382667
HDAC3,0.0009960678133955011
RPL12P32,0.0009959367134794357
TTC1,0.000995835154382711
AC092162.2,0.00099558281306233
CTD-2062A1.2,0.000995415443388288
RP11-160H22.5,0.0009952394722322626
RP11-5A11.2,0.0009950425948069006
RP11-266K22.2,0.000994785094484565
ODF1,0.000994597953120803
NPY4R,0.0009941877017884163
LINC01056,0.0009941299589326308
C17orf96,0.0009940342167402171
KCNIP2-AS1,0.000993879819246704
OR10A2,0.0009936463031328723
EDEM1,0.0009933487666266645
ABCB11,0.0009932703771256392
RP11-104D3.2,0.0009932056410385302
POC1B-GALNT4,0.0009931438205181403
GLTP,0.0009928387255142043
RP11-288A5.2,0.0009926862975994809
MIR6851,0.000992434592994822
CTD-3065B20.3,0.0009918202061823392
HMGN1P26,0.0009917971192642656
RN7SL320P,0.0009917939138380895
RP11-1007O24.3,0.0009917586426391397
RP1-122K4.3,0.00099137126148975
ZBED6CL,0.000991331616976438
KRT18P29,0.000991181167596822
SCARNA16,0.0009911080460475125
MIR1251,0.000990627305886505
ART4,0.0009906166485727098
RP11-511B23.2,0.0009904595291986681
AC016629.3,0.0009904396946816883
SNORD115-14,0.0009904046080546128
RP11-310E22.4,0.000990361780958399
RP11-264L1.2,0.0009903403106276357
RPL38P4,0.00099011488932991
LSMEM1,0.0009900615338385198
RP11-357G3.1,0.000989787831233467
DYNLT3P2,0.0009895268372920826
RP11-1060J15.3,0.000989451846966868
CST5,0.0009894346082813365
RP11-474P2.7,0.0009893201245411503
TERF2IP,0.0009890033624607411
CTD-2260A17.3,0.0009888729367293575
RP11-70C1.1,0.0009888505130358387
RP11-371E8.4,0.0009886949297009712
SAR1P3,0.0009885640604939043
EEF1A1P11,0.000988557265889846
SPIN3,0.0009884834891117366
COX6CP17,0.0009881914727301573
RALGAPA1P1,0.0009881137609364617
SLC4A1APP1,0.000988101906369696
RP11-16K12.2,0.0009879181413329457
DYNLL1,0.0009877833670180163
DLGAP2-AS1,0.0009876187616067594
AC005077.7,0.000987613571851399
RP3-429G5.5,0.000987426916756184
C4orf47,0.0009873259236113094
AC000032.2,0.0009872253917446504
ZBTB8OSP1,0.0009871666075225128
URGCP-MRPS24,0.0009869350982771878
CTD-2278I10.4,0.000986906287834403
LINC00668,0.0009867691604783784
DDX18P5,0.0009867193193235362
LINC00102,0.000986678632651297
RP11-757G1.5,0.0009866196767443942
MIR101-1,0.0009865679706286207
RP5-837M10.2,0.0009865330791095693
RP11-569G13.2,0.0009863077039214247
RP11-509M23.1,0.0009862489830612337
BNIP3P33,0.0009861630753138866
RPS3AP12,0.0009859823448568796
AC022210.2,0.0009859415861117966
AC004893.10,0.0009858300647293142
RRN3P3,0.0009855270330639267
MIR3663HG,0.0009853599862169806
RNY4,0.000985267065218397
RP4-655J12.4,0.0009851967129649046
RNA5SP405,0.0009851153293507229
RP11-822E23.6,0.0009850832159864294
RP11-449H15.2,0.0009850367091828133
AC079776.2,0.0009847213330103697
SNORD91B,0.000984263581972305
RP11-3P17.4,0.0009841432661069616
RNU7-181P,0.0009838899247227183
RP11-131L23.1,0.000983631147432807
SGMS1-AS1,0.000983398006276775
RNU6-33P,0.000983329455845024
RP5-1164C1.2,0.000983040915626547
FXYD6P1,0.0009829852952242253
RP11-364B14.1,0.000982863307783828
RP11-51L5.5,0.0009824657359965054
MIR485,0.0009824571805271162
RP13-577H12.2,0.0009821937217739801
RP11-109P6.2,0.0009820202122117912
RN7SL487P,0.000981927630303425
HECTD4,0.0009815470410951298
RP11-85I21.1,0.0009812821448635007
CTB-147N14.6,0.0009812355065793891
CTD-2555K7.3,0.000981081871603426
CH17-408M7.1,0.0009808115663631268
RP5-1136G13.2,0.000980750041854131
RP5-1184F4.7,0.0009804247565972524
PTGER4P3,0.0009800564653997133
AC013439.4,0.000979986318916851
SLC35E1P1,0.0009798380048657764
PRAMEF8,0.0009796389470899084
SNORA51,0.0009796065055757799
RP11-109D24.1,0.0009794655455315831
RP11-351N6.1,0.000979426138685246
SSX1,0.0009793199817115519
RPS5P3,0.0009792443249213637
RTN3P1,0.0009791054819341296
AC011742.5,0.0009790470823541333
RP11-1029J19.2,0.0009788563603326868
AIMP1P1,0.0009787209116062796
RPSAP44,0.0009786894824617405
RP11-390M11.1,0.0009785744298226769
FAM149B1P1,0.000978520615414064
RP11-277P12.20,0.000978318607435799
SCG2,0.0009778487572238963
PRSS3P3,0.0009778451224227384
CTC-512J14.5,0.0009778234454814864
KRTAP26-1,0.0009776616822940196
RP11-551L14.4,0.000977593197586226
AL162426.1,0.000977152843452756
PKMP4,0.0009768289777477772
PCBP2P3,0.0009767617417637663
RP11-152F13.10,0.000976739146908254
AC006994.1,0.0009765344926659477
RP11-373E16.4,0.0009764027316045468
KCNJ4,0.0009762128981538241
RP11-383G10.5,0.0009760066832807192
RP11-748L13.6,0.000975561496482473
SETP15,0.0009755165512093609
RPL7P59,0.0009754947553941708
MIR6856,0.0009754149014690054
CTD-2313N18.8,0.0009753503101406063
IGLL3P,0.0009753176290828064
NSUN4,0.0009750346684691823
PPIAP7,0.0009748486714934905
RP13-225O21.5,0.0009748376124541577
AC012668.1,0.0009747330596081252
CTD-2162K18.3,0.0009746133459361308
RN7SL15P,0.0009745060229557624
HOXC-AS2,0.0009743384517955618
RP11-17A4.4,0.0009740839573776886
RP11-474L11.5,0.0009739351753333137
RP11-527N22.1,0.0009739083164039018
RNU6-1140P,0.0009738161949386352
GPR158-AS1,0.0009737373914734725
RP11-493E12.3,0.0009737333102074327
RP11-401E9.3,0.0009736314055659221
OSR2,0.0009735677534580706
ARL6IP1P2,0.0009734810957645045
NPM1P22,0.0009734765100102609
RP11-612A1.1,0.0009731358617360216
RP11-480D4.2,0.0009730453305683765
RP11-127O4.2,0.0009726459509477241
RP11-406H23.5,0.000972352304319002
RP3-431C21.1,0.0009723507474154813
AC005229.5,0.0009723067696629391
TBC1D21,0.0009722676414842822
RP11-135F9.4,0.0009721933987361509
HNRNPA1P22,0.0009719092676416965
AC099754.1,0.0009717741527602937
RPS29P8,0.0009716959708264017
Six3os1_1,0.0009712033568168573
ZNF26,0.0009711434190024808
RP11-242P2.1,0.0009710114012182951
MTND1P9,0.0009709256998399994
KRT12,0.0009707986495524557
RP11-756A22.7,0.0009707228800819015
RPL27AP,0.0009705226358806947
CTD-2008N3.1,0.0009705217975443447
GPHB5,0.0009699616267990582
U3,0.0009699343055993915
RP11-16C18.3,0.0009698618118193996
RP11-485C11.1,0.0009697504542815928
RP1-90J20.8,0.0009696417751257711
CFL1P3,0.0009693323563140503
RP11-61L19.3,0.0009690798287109056
RP11-632K5.3,0.0009690384168418971
KB-288A10.17,0.000968997119660596
RPS27AP10,0.0009688225871762672
SNORD32B,0.0009686927984344042
AC083864.3,0.0009685373731242762
RP11-433C9.2,0.0009684827140310135
RPL5P25,0.0009684538215005874
RP11-803D5.1,0.0009683845447636425
CTD-2532K18.2,0.0009683808371018922
RP11-391L3.3,0.0009683428656612428
GMEB2,0.0009683338050335052
Y_RNA,0.0009682489627437998
LRRC37A14P,0.0009680976212126134
CTD-3028N15.1,0.0009679429479352304
EMC3-AS1,0.0009678134409195836
RPL23AP8,0.0009670488047766846
RNU6-908P,0.0009670116613259851
OLFM4,0.0009667079668912868
RP11-1072C15.4,0.0009665811335248777
MIR603,0.0009664283720800511
RP11-175P13.3,0.0009663945508435705
RPL36AP41,0.0009663442086198153
AJ239322.1,0.0009661847578959021
RP1-283K11.2,0.0009660940398131346
METTL11B,0.0009660681833170786
RPL12P20,0.0009657981278998338
RN7SKP80,0.0009656795851664592
SETP8,0.0009655789735733177
CFL1P2,0.000965460963807647
CTD-2537I9.18,0.0009650644085682283
DPRXP4,0.0009649590395508608
RP1-182O16.1,0.0009649577572821505
RP4-785G19.5,0.000964796015025243
RP11-141E13.1,0.0009646222616522444
RP11-56H16.1,0.0009646181411820763
AC016757.3,0.0009645652194523763
HSPA8P16,0.0009640641458455453
PAXBP1-AS1,0.000963749006926627
LL22NC03-80A10.6,0.0009636038437061974
MIR5579,0.0009633540670238584
EEF1A1P21,0.0009633143125172738
CHRNA9,0.0009632114818374918
LINC01364,0.0009632091610208024
B3GAT2,0.0009627589062809372
HCG22,0.0009625908558769441
RPS29P4,0.0009625486016192668
RP11-48B3.3,0.0009623343946058383
AC073476.1,0.0009621739751607034
NTF4,0.0009621303203701229
RP11-99L13.2,0.0009619616543095868
RP11-973H7.4,0.0009617621156138072
DNAJA1P5,0.0009617443496594089
RNU1-56P,0.0009616033763371029
RP11-208G20.2,0.0009615427428623197
PABPC3,0.0009614149411435608
MIR194-1,0.000961171149289074
LINC01030,0.0009609943439218709
RP11-296P7.4,0.0009609150755213544
RN7SL116P,0.0009607990725162217
OTUD6A,0.0009606405941396701
RP11-45F15.1,0.0009605263194943865
RP11-556G22.3,0.0009603870987430923
SMCO3,0.0009602868456370633
RP11-93O14.2,0.0009601526444498081
CDRT1,0.0009601256335958259
RP11-545A16.4,0.0009600611060230293
SNORD101,0.0009599985801416921
CTD-2008L17.2,0.0009598808727192726
RP1-125I3.4,0.0009596774476733867
RP11-87O11.1,0.0009595290257445398
ZNF830,0.0009594296944495611
RNA5SP255,0.0009593188108884902
LINC00847,0.0009592986110244223
RP11-406O16.1,0.000959281001424983
LINC00314,0.0009592794503270257
TRIM60P14,0.000959245638488031
CDK11B,0.0009592273578429717
CTD-2293H3.1,0.0009592096649787297
RAI1-AS1,0.0009591563261534383
HERC2P2,0.0009590190231979245
TWNK,0.0009589710788976186
RNU2-13P,0.000958906079401531
HTR1A,0.0009586679470961261
GUCY2C,0.0009583747466773876
RNA5SP137,0.0009579117492681435
RP11-565N2.2,0.0009577020779069382
RP11-802O23.4,0.0009573576991673014
RP5-916L7.2,0.0009573024016114613
RP11-368M16.3,0.0009571206412041812
PPP4R3CP,0.0009571129862051143
AC002117.1,0.0009570926720521936
RPL3P10,0.0009567774151011394
RP11-443B7.1,0.0009567502844241168
RP11-44F14.1,0.0009567452797776548
RNU6-260P,0.0009566848529607729
RPL23AP4,0.0009564007880095167
ZFP64P1,0.000956327649961363
FTH1P1,0.0009562770428072519
MIR4478,0.0009561245500295603
Y_RNA,0.000956105103299533
LINC00951,0.0009558835196659303
KTI12,0.0009558713327163852
LINC00374,0.0009558013498006992
FNTB,0.0009557609347581631
RP11-390P2.2,0.0009557327732689708
RN7SKP96,0.0009556331934221562
C14orf169,0.0009555749878883328
TBL1XR1-AS1,0.0009552643477961202
CTC-436P18.1,0.000955083645038497
RP11-650J17.2,0.0009549650785401916
RP11-34P13.13,0.0009546435878314742
RP11-439K3.3,0.0009544041123763301
RP11-255P5.3,0.0009538212998649471
RP11-667M19.9,0.0009536137451465102
MIR4477B,0.0009532257157256473
RN7SL267P,0.00095317428499061
RP11-252A24.5,0.0009530581554949659
RP11-731C17.2,0.0009529534249695665
TUBA4B,0.0009529068927364574
AL365181.1,0.0009527029936649496
ZBTB8B,0.0009524605925196417
PCNA,0.0009522268164022688
PSG1,0.0009521110302627055
GTF2F2P2,0.0009520564562646548
SCARNA3,0.0009519451395988912
CTD-2532D12.5,0.0009518830124406889
ADCY9,0.0009516653874435529
RP11-74E22.3,0.0009515447722676766
RP11-1018J11.1,0.0009515314162521094
AC007790.4,0.0009514434116722559
AC005336.5,0.0009513646041648849
C2orf61,0.000951288445671904
CFHR1,0.000951283916311868
TTC30B,0.00095125264940725
NMS,0.0009508594011427626
RP4-803J11.2,0.0009505725137613297
AC007679.1,0.0009498069158590568
MTCYBP42,0.0009497217832017263
RP11-441M10.1,0.0009496937067877267
NSRP1P1,0.0009496573580754245
RP11-608O8.2,0.0009495400612158884
HNRNPA1P42,0.0009494739289938317
SAGE1,0.0009494587885066807
CTC-548K16.1,0.000949341036810306
RNA5SP111,0.0009492304995026077
RP11-296C13.1,0.000949213886243085
CFL1P4,0.0009491844653569484
SMURF2P1,0.0009491658878901116
MTND2P23,0.0009490464327603762
CH17-12M21.1,0.000948907195554887
RP1-117O3.2,0.0009488613945550028
NMBR,0.0009488118370600734
KLF2P3,0.0009481716583398254
ZNF705E,0.0009481390419153341
SSTR2,0.0009479658349613193
TUBBP9,0.0009477379160785739
RP11-241F15.1,0.0009476985822475016
RN7SKP266,0.0009476470225635155
PPIAP26,0.0009476291996561519
COX6B1P1,0.0009473481234685294
FTH1P4,0.00094714302414191
CYCSP6,0.0009469282069599818
KLRG2,0.0009466870621949293
PLA2G16,0.0009466162487108185
OR56B4,0.0009463878171108801
LRFN3,0.0009459231530677695
CTA-31J9.2,0.0009457781628423921
RP11-574F21.2,0.0009457634157917974
RNU6-61P,0.0009454523100809928
RNU6-147P,0.0009452574060479813
CTB-14A14.2,0.0009452373664735679
CTD-2169H9.1,0.0009451953371753556
RP11-412B14.1,0.0009448218133509264
U1,0.000944563283224726
LPAR3,0.00094450578769411
HMGN2P19,0.0009443361714010592
LINC01001,0.0009439917638322428
Y_RNA,0.00094397907192935
RP11-454F8.4,0.0009437504965388705
RP11-137J7.3,0.0009437460164992934
GS1-542M4.3,0.000943661182197335
SLC25A5P2,0.0009434392477471939
AC005519.4,0.0009433036816779953
RP11-977G19.12,0.0009432243101100124
RP11-10A7.1,0.0009429768868592646
PLPP6,0.0009424407299971414
MTCYBP7,0.0009424133814381411
CFC1,0.000942160778181642
UBQLN4,0.0009421565803045061
LSP1P3,0.0009418288917493236
LINC01473,0.0009414848302662561
TMPRSS11GP,0.0009414647070367938
RP11-513I15.6,0.0009413941729930646
RP11-274E7.2,0.0009412594332915804
AC074019.2,0.0009410964391030146
NUDT19,0.0009410319748595555
RP11-252M18.3,0.0009410180177936309
HIST2H2BA,0.0009409510541692945
POM121L14P,0.0009408222549519124
CA2,0.0009407241328898596
MIR3150B,0.0009406621511576256
Y_RNA,0.000940588365206779
EIF4A1P6,0.0009403229456346984
CTD-2515C13.1,0.0009402511451232269
RP11-876N24.5,0.0009401784769867947
RP11-813I20.2,0.0009399530638310677
PCA3,0.0009398655451162464
CTD-2291D10.1,0.0009397549584782225
LSAMP-AS1,0.0009397436342266369
Y_RNA,0.0009396984018319055
ARHGAP36,0.0009396693506511436
XIAPP3,0.0009394414419283654
MIAT,0.0009391732293606805
SLC35C1,0.0009390349065090194
RP11-256I23.2,0.0009390105958720985
RP11-667K14.9,0.0009388283329625334
LINC01344,0.000938800492081503
SPATA31D5P,0.0009386193867176198
RP11-219D15.3,0.0009385663266259425
LINC01561,0.0009381846381685123
RP11-144I2.1,0.0009381765199047691
LSM8,0.0009380759755026706
CTA-221G9.11,0.0009379985731435948
FGF18,0.0009379153448039426
ZNF487,0.0009374760539956461
GS1-124K5.3,0.0009370513177940333
RP11-98D18.16,0.0009369856535694297
AC016561.1,0.0009369322284953943
MKRN7P,0.0009367093323858779
RNU6-504P,0.0009366387315465189
RP11-462B18.3,0.000936505436312618
HIPK4,0.0009361032661361168
RPL23AP50,0.0009359325240651918
RP11-259P15.1,0.0009357162080773404
SDCCAG3P2,0.0009351760037398867
MTND5P6,0.0009351252467173482
RP11-597M12.2,0.0009348348348311189
RP11-344N10.2,0.0009348268786736397
RAB7B,0.0009346860012850827
MTCP1,0.0009345453465561367
RP11-474I11.8,0.0009345193545001062
AC016738.4,0.0009343438804482505
RP11-720L8.1,0.0009342348327398212
RP4-595K12.1,0.0009341947884476348
RP11-286O18.1,0.0009341890606164825
RP3-422G23.4,0.0009340377679798492
RNU6-1004P,0.0009339729733270777
RP11-35O7.1,0.0009338765395620621
RP11-166B14.1,0.0009338075036419271
OR7E47P,0.0009334804932380603
PMS2CL,0.000933436418894154
CTD-2147F2.2,0.0009333240064979459
TAS2R19,0.0009330782778429604
SNORD89,0.0009330133391792208
RP11-132N15.1,0.0009326998979322353
AC092159.2,0.0009321130078197496
RP11-188P20.3,0.0009321086873197828
ERVK3-1,0.0009316481852674799
MIR5684,0.0009313954712881894
RP11-98J23.1,0.0009313656097400265
UPP2-IT1,0.0009311047501065278
RNU6-988P,0.000930655639777515
PIH1D2,0.0009306120246903127
MIR3908,0.0009304157030199462
RNVU1-3,0.0009303641331476687
SLURP1,0.0009302060077548242
Y_RNA,0.0009301195114059431
RP11-70F11.2,0.0009300532413567112
ENPP7,0.0009298364096633629
BCAR1P2,0.0009297685741326803
MTCO3P4,0.0009295711138851281
TBC1D22B,0.0009295571696557108
CARD11,0.0009294370507986172
RP11-193E15.4,0.0009294017961464538
RP11-217E22.5,0.0009293911453560778
LRRC37A15P,0.0009293069675510164
RP3-403L10.3,0.0009292608856243361
SPDYE1,0.0009292210816867088
NOP2,0.0009291572260388954
RP11-184E9.1,0.0009291344330065799
XXbac-B476C20.14,0.0009290620783275535
XXbac-BPG258E24.10,0.0009289552592102701
AC004947.2,0.0009289061851320106
CDKN2C,0.0009287994812195093
AC002400.1,0.0009287597424154625
LINC00607,0.000928543736431571
ARL2,0.0009285433202678852
CTD-3195I5.3,0.0009284929408570187
RP11-372E1.4,0.0009281419802522145
RP11-67P15.1,0.0009281295905538129
HSFX2,0.0009279990048463466
RP13-1039J1.3,0.000927993482071645
RP1-302D9.2,0.0009279379916657546
RPS29P23,0.0009279118241809516
RN7SL483P,0.0009276004728458652
SNORD93,0.0009274704400983019
RP11-178F10.3,0.0009274438380837988
RP11-392P7.1,0.0009273853410671338
ABHD17AP1,0.0009273434925991667
RP11-149I2.4,0.0009272033197744636
AL132709.1,0.0009269888609551275
RP11-531A24.3,0.000926710378979859
AC019186.1,0.0009266687937115024
RP11-321C24.4,0.000926456801294445
ITCH-IT1,0.0009261090402810419
RP11-98H4.1,0.0009259354044445847
RP11-759A24.2,0.0009258806071814271
Y_RNA,0.0009258719637602319
FMO8P,0.0009258029273380801
RP11-284A20.2,0.0009256289691268758
RP11-514F8.2,0.000925331737738374
RPSAP5,0.0009253162488856774
AC009245.3,0.0009252467729667017
AP000473.6,0.0009250251870893968
RP11-442G21.2,0.0009248740507145636
OR13H1,0.0009246943485383802
RNU6-1120P,0.0009243663170887459
MED9,0.0009243199463709724
MTCO2P30,0.0009240381712651089
SUMO1P3,0.0009240081249648775
CTD-2015C24.1,0.0009239732196039341
RP11-445F12.2,0.0009238148790885177
RP11-16F15.2,0.0009235742586744258
CTD-2331D11.3,0.0009230463846870182
CTD-3193K9.4,0.0009227165002548918
RP1-17K7.1,0.000922535395946223
CTD-2537I9.16,0.0009223565890904381
INSL6,0.000922318979622074
HSPA8P19,0.0009221633674049614
OTUD7A,0.0009219840779292709
RAC1P4,0.0009214087905672774
RPL41P5,0.0009212468275843859
AC004987.10,0.0009209412648596609
RNU7-154P,0.0009206283633018353
RPSAP6,0.0009205752830234
RP11-165M1.3,0.0009205471859073165
RPL13AP6,0.0009204991231604624
LINC00977,0.0009203733931065661
SNORA80A,0.0009203689358504025
FEM1AP2,0.0009202722789800057
MRPL46,0.0009197675305432948
AC079250.1,0.0009197594713582823
ABCA11P,0.000919725222654525
IGHV3-35,0.0009196825635706979
RP11-165I9.10,0.0009195330770189844
RP11-713P17.5,0.0009194941999626011
Y_RNA,0.0009193681044616973
RP11-489M13.1,0.000919349066753586
RP11-269C4.2,0.0009191279078163331
ZIM2-AS1,0.0009190657075372497
CENPBD1P1,0.0009189957289429313
RP11-137N23.1,0.0009186586980475153
MTCYBP16,0.0009181695335622775
RP11-883A18.3,0.0009181180959552043
HMGN2P15,0.0009181126242234321
RP11-369E15.4,0.0009177678050730128
RP11-700J17.1,0.0009177219972707277
RP11-177G23.2,0.0009177204298309718
AB015752.3,0.0009176873689724066
PTP4A1P1,0.0009176118981170311
AC018463.4,0.0009173227897317924
RP1-138B7.4,0.0009173120190608707
AC005324.7,0.0009172770771004094
OSBPL9P4,0.0009171825115911489
OSER1,0.0009170616220643217
CTRB1,0.0009170476741291027
C17orf107,0.0009170399763757949
RP3-352A20.1,0.0009170061319763715
RP11-294O2.1,0.0009169698014329966
CTD-3012A18.1,0.0009166938622037308
RNU6-319P,0.0009165907092106321
MIR4511,0.0009164448829957036
RNU6-847P,0.0009161439206880378
RP11-751K21.1,0.0009160092448460473
HNRNPA1P68,0.000915809199152348
IFNNP1,0.0009152675997947036
RN7SL431P,0.000915262654605828
RP11-605F22.2,0.0009152388556059538
MAP1LC3BP1,0.0009151371786153878
RP5-828H9.1,0.0009151119962213464
RPS4XP8,0.0009150863525281571
FANCE,0.0009150150754545904
RP5-1029F21.4,0.0009149872339960045
RP11-124D2.7,0.0009149328812822754
RP11-91P24.1,0.0009149129908340261
RPL30P11,0.0009149033770459562
RP5-898J17.1,0.000914871708921417
AC009052.12,0.0009146089728179525
RP1-293L6.1,0.0009143130349904163
EGFL8,0.0009142353011916224
RP11-1082L8.3,0.0009135380412202057
EI24P2,0.000913479102853201
CTD-2540B15.9,0.0009133121420417187
PRPS1L1,0.0009131392734764003
AC079781.7,0.0009130826088654666
RP11-474C8.8,0.0009130428778479831
HAUS6P1,0.0009129631420890027
TMEM136,0.0009125713679578424
CTB-134F13.1,0.0009123801311195066
LINC00499,0.0009123408176589581
ZNF862,0.0009122262361678043
COX5BP3,0.0009121177272550871
RP11-490D19.8,0.0009117237976056209
RP11-875H7.5,0.0009117106083472701
FRG2HP,0.0009114146704955976
MAP3K11,0.0009109557415441209
RP11-429B14.1,0.0009106250046502757
CTD-2130F23.2,0.000910612601205122
CPEB1-AS1,0.0009105864398111063
RP11-212I21.2,0.0009103777783679724
RBMXP2,0.0009102748746905694
LINC00487,0.0009101050300138791
SDHCP4,0.0009100656381929046
AC005229.7,0.0009100244683199253
RP4-635A23.3,0.0009098155239654941
LCE1B,0.0009097480838314892
C14orf178,0.0009096159654600322
MTNR1B,0.0009094975696856643
RP11-430E17.1,0.0009094504181521054
CTD-2325A15.3,0.000909423660833229
RP5-867C24.5,0.0009093433237127643
GLIS3-AS1,0.0009092931160886822
RP11-642D21.2,0.0009092856117837628
LRRC37A13P,0.000909173767310204
RPL21P66,0.0009090785799629916
IGHV2-70,0.0009082580644050575
RP11-109D20.1,0.000908169704812504
RP11-65N13.6,0.0009080547534317373
ARC,0.0009078099336382371
RP1-168P16.2,0.0009076085825108515
RPSAP38,0.0009074727393165737
RP11-447H19.1,0.0009074422457982766
RPL6P30,0.0009071692376458218
NAPA-AS1,0.0009071106546622383
RP11-651L5.2,0.0009069944501216353
ETNPPL,0.0009069713350575745
UBAC1,0.0009069017398570342
AC000111.4,0.0009067850309284878
RPL21P132,0.0009064657366075463
AC074389.6,0.0009061628083994769
SGO1P1,0.0009058439467744137
CES5AP1,0.0009055640540550608
LY6D,0.0009055284324995537
RN7SL36P,0.0009054831006067389
GS1-259H13.13,0.0009053245569963829
MIR5688,0.0009052930884865228
U2,0.0009051317557261447
RP11-94B19.2,0.0009048414750990336
ALG1L6P,0.0009046112593901447
SETP4,0.0009044813902944623
Y_RNA,0.0009043834142928863
BATF3,0.0009040287971719228
MRPL32,0.0009029774233864185
RP11-548K12.4,0.0009029530297265405
Y_RNA,0.0009029047906880469
AC092162.1,0.0009024584320885623
PSORS1C2,0.0009023923580711087
RNU1-129P,0.0009023865749555702
RP11-344B5.2,0.0009019672017512475
ASNSP1,0.0009018494423236895
AC011816.1,0.0009017816710712933
RP11-484P15.1,0.0009016950207890854
RP11-74C3.1,0.0009016908779418297
RP11-404P21.5,0.0009016703612795448
PLA2G12A,0.0009016223781919897
KRTAP17-1,0.0009016163398925798
RP5-1097P24.1,0.0009015697632526359
MGC45922,0.0009013948422936453
CTC-304I17.2,0.0009011598739320359
FXNP2,0.000901157293358394
RP11-321A17.3,0.0009011571110675165
RP11-26H16.1,0.000901065444399044
UBE2D3P2,0.0009010353818463414
ACTG1P1,0.0009007253972492457
RP11-89K21.1,0.0009006422987915864
snoU13,0.0009005959428318897
ATP6V0E1P1,0.0009004523442185716
RPS4XP17,0.0009004172544949982
CTD-2545G14.6,0.0009000567414298174
CTD-2350J17.1,0.0009000066634721474
DUTP1,0.0008998476261819519
PSMC1P10,0.0008998070809739826
RPL21P107,0.0008997057637149568
ANKRD20A21P,0.0008996805205388024
EIF4A1P10,0.0008992620991037146
RP3-419C19.2,0.0008991738842913208
MARK2P17,0.0008991494603006584
KRT79,0.000899103599808867
SRSF9P1,0.0008989764816020824
PSAPL1,0.00089867265721399
AC009542.2,0.0008985568754088133
FANCG,0.000898475860576143
RP11-407P2.1,0.0008983904972176798
RBM19,0.0008982551271961843
PGAM1P6,0.0008980016979887057
LDHBP2,0.0008976796736882472
RP11-506H20.2,0.0008975866828032807
RN7SL363P,0.0008974775263718366
MAS1,0.0008974166930552966
CTD-2179L22.1,0.0008974159612777781
AMMECR1-IT1,0.0008973172877746364
SYS1-DBNDD2,0.0008971554809785695
RP11-661A12.5,0.0008971467621307035
AC104809.2,0.0008970923586970568
RP11-295H24.4,0.0008967464499042053
RP5-984P4.1,0.000896436163457925
PDYN,0.0008964176431667882
EIF4BP5,0.0008962138819518462
SNORD45,0.0008961207671407035
PPIAP14,0.0008958771656760695
ZIC2,0.0008957771594993068
CTD-2201E9.1,0.0008957611198085552
EIF4A1P2,0.0008956904004240356
RP11-541F9.2,0.000895322981872001
RBM8B,0.0008952144751357043
Y_RNA,0.0008948864476167426
AC011747.6,0.0008947367364960527
RP11-92K2.2,0.0008944436086027051
RP5-1182A14.5,0.0008943013482999207
RP11-706J10.2,0.0008941735691359438
CFHR5,0.0008941337470662517
TSPY26P,0.0008941275021844866
ANP32AP1,0.0008941130943771781
ACY3,0.0008940877975682988
RPS6P20,0.0008939712596355412
CTC-559E9.2,0.00089301805037806
RP11-45A12.1,0.0008928284973237859
ATP5A1P8,0.0008927463005679701
RP11-31L22.3,0.0008925585865785703
RNU6-321P,0.0008925456650056495
CTD-2122P11.1,0.0008924616904409301
RP11-100N21.1,0.0008923045434814334
CTC-499B15.1,0.0008919526412812374
FAM13A-AS1,0.0008917737815643531
RPSAP31,0.0008917459790263273
RP11-566K19.11,0.000891724216754119
RPL17P36,0.0008915828001880941
RPL24P8,0.000891561585616768
IGLVIV-66-1,0.0008914385255810478
MTRF1LP1,0.0008907610673611727
RPL7AP65,0.0008907136585673372
RN7SKP256,0.0008906627630376858
EEF1B2P1,0.0008906228976781974
RNA5SP426,0.0008900890304051499
RP11-298C2.1,0.0008899626969971924
RP11-413P11.1,0.0008898526497377162
CTD-3203P2.3,0.0008898057647113346
RNU6-431P,0.0008892764540598984
RP4-564F22.7,0.0008891932633500081
BMP6,0.000889046013923887
OR4A46P,0.0008890302719891802
LINC01355,0.0008881322253974094
SFTPA3P,0.0008881296567258563
RP11-486M23.2,0.0008879628253508933
RP5-1009N12.1,0.0008878465916606
AC104389.31,0.0008877616672354455
MIR609,0.0008873260300851664
RP11-145E17.3,0.0008871114472941955
RP3-508I15.20,0.000887100348496948
Y_RNA,0.0008869681918509423
AC011995.1,0.0008869438611918961
CTD-2240J17.3,0.0008868239338513977
CTD-2357A8.2,0.0008862534470017951
RP11-283I3.4,0.0008862475017516993
ARHGAP42P2,0.0008855207561576886
RP13-580B18.4,0.0008853237830317555
HSPE1P8,0.0008851679966282014
RP11-261B23.1,0.0008850520650149007
GABRG1,0.0008850482082324678
SNORA50A,0.0008849564792650647
TPT1P13,0.0008847679177768914
TMEM189,0.0008847489867291654
PSMD12,0.0008843644952810136
DFFBP1,0.0008842669421778178
RP11-333A23.1,0.0008841633071655781
CTD-2034I21.1,0.0008839882769760514
RP5-926E3.1,0.0008838085637207937
RNU6-1208P,0.0008837214886949041
RPS2P1,0.00088372030738202
OR2H5P,0.0008836681946468645
NCAPH,0.0008836569527541532
MRPL15,0.000883649835904093
TMA16,0.0008832304130336168
TBKBP1,0.0008832125298480738
RNU6-325P,0.0008828398688284729
AC092106.2,0.0008822636403475954
AC104532.2,0.0008821004211803682
Y_RNA,0.0008817517649129753
HMGB3P17,0.0008817086240591386
RP11-258F1.2,0.0008813530717302507
RPL35P5,0.0008812282028432779
AP000350.6,0.0008811507241709519
ENO1P3,0.0008810616766659815
CTD-2339M3.1,0.0008810615830766699
CTD-2542C24.8,0.000880987363116023
RPLP0P1,0.0008803423116217361
HAUS1P2,0.000879946125563212
SCARNA18,0.0008798957285345817
RPL29P7,0.0008798151574099694
RP1-65J11.5,0.0008798000261521933
CFAP20,0.0008797718247321987
RP11-749H17.2,0.0008794366491548628
RPS10P18,0.0008794219890975678
CTD-3037G24.5,0.0008793701852633734
RP11-461O7.2,0.0008792786158382859
RP11-468E2.1,0.0008791466293368597
HSPD1P8,0.0008786531815882676
RNU6-79P,0.0008778512509543368
GPR162,0.0008775173048190006
PRSS36,0.0008773514655009049
HOXB7,0.0008771461012981545
OSMR-AS1,0.0008770947628799207
RP11-490H24.5,0.0008770398327452598
CTD-2130O13.1,0.0008769926629389084
RP1-140K8.1,0.0008769483260188311
SUCLA2P3,0.0008765175734491956
WNT10A,0.000876384060026317
SNORD116-25,0.0008761112447787484
SF3A2,0.0008759973965791027
RP11-424M24.5,0.0008757963855823407
OSTM1-AS1,0.0008757433196428704
SNX18P12,0.000875617041457774
PARP1P1,0.0008754227877066612
SPATA31D4,0.0008752242978928181
RPS2P44,0.0008749237186652513
RP11-294J22.7,0.000874772593359004
RP1-102E24.9,0.0008745890267644129
RP11-33N14.5,0.0008745752177562638
AC017079.3,0.0008745143011999148
HMGB3P26,0.0008744625957076921
MIR302D,0.0008744488296416415
RP11-70O5.2,0.0008742516006019717
RP11-945A11.1,0.0008741873403116595
RP11-500M8.6,0.000874063922010344
GCM2,0.0008740432684405066
LINC01479,0.0008740222918591192
KRTAP9-9,0.0008739438348350246
SNORD81,0.0008738841929167802
RP11-860B13.1,0.0008738430964859257
LOR,0.0008733705906602225
ARHGAP31-AS1,0.0008732397174449079
SMIM2-AS1,0.0008732036744432973
JAG2,0.0008731201778455229
INCA1,0.0008729442627628997
RP11-89B16.1,0.0008727198949118864
RP3-331H24.4,0.0008726229403921302
RP11-80A15.1,0.0008724792751228423
RPL22P22,0.0008717855029535389
KISS1,0.0008716186852178553
SCARNA24,0.0008711523747602869
HNRNPA1P30,0.0008711454674255275
AP001172.3,0.0008709368923609485
RP11-856M7.6,0.0008706807952418944
FLJ40194,0.0008703674104335987
RNU6-1316P,0.0008701060100733646
RP1-203P18.1,0.0008700128596905508
RP11-293B20.2,0.0008699034972050912
ITM2BP1,0.0008698908730431478
MRPL3,0.000869735360119641
RPL32P26,0.0008696189487836617
RP3-453C12.14,0.0008695328999792758
RPL17P46,0.0008695142250298055
LCE1C,0.0008692765816869524
LRRC37A12P,0.0008692310394341602
RP11-297D21.4,0.0008690689495215074
RP11-651P23.5,0.0008688229212816249
MIR1255B2,0.0008687625690157006
SNORD115-21,0.0008687607712668314
AGBL5-IT1,0.0008684924845234593
RPS12P20,0.0008684548561120156
MYB-AS1,0.0008682466077203936
CFL1P7,0.0008681849716139185
PSG2,0.0008681199761171743
CDHR4,0.0008681161272216279
FMR1-AS1,0.0008678957829481687
NDUFB10P2,0.0008677724229461377
RNU5A-6P,0.0008677492959426496
CTD-2553L13.9,0.0008676948064527644
H3F3AP4,0.0008675816140981918
RP11-343H5.6,0.0008675235965907639
ACTR3C,0.0008671860767719903
RP11-345I18.1,0.0008670967021650223
HNRNPA1P53,0.0008669812975797584
EEF1A1P39,0.0008668674809450368
TATDN1P1,0.0008668093067259605
RP1-288L1.4,0.0008666993981417649
PHEX-AS1,0.0008666784010633185
MIR6829,0.0008665793888184726
LINC01363,0.000866007784348375
RNU6-1266P,0.000865901372261029
RN7SL368P,0.0008658743613676154
TMEM126A,0.0008658399741035307
AC079610.2,0.0008658392293073872
PMS2P1,0.0008657438198650135
Z83844.1,0.0008656834642401333
CDY4P,0.0008651686138924547
RP11-863K10.2,0.0008651623200859622
PA2G4P4,0.0008651007894986825
XXbac-B444P24.13,0.0008649918927086726
RN7SL146P,0.000864792677961441
KCNA7,0.0008647537380046212
RP11-477D19.2,0.0008643408544598192
AC005019.3,0.0008643087656227546
SRD5A1P1,0.0008640487481926041
MIR6819,0.0008640420445962729
GAPDHP42,0.0008640268881896654
RP11-521P1.1,0.0008639687040605275
SRP9P1,0.0008639532081257632
CTD-2050I18.2,0.0008638214226956793
RP11-650K20.3,0.0008636598171926727
KRT8P29,0.0008636259493998843
SPDYE3,0.0008633706328709708
MIR619,0.0008632736440790704
RP11-242D8.1,0.0008631001249449465
RP11-52A20.2,0.0008629609721988968
AC007618.3,0.0008629377532651357
RPS11,0.0008625067715938127
LGALS9DP,0.0008622935528619892
RNA5SP474,0.0008621468629277237
MIR3692,0.0008618826499105551
RP11-323I15.2,0.0008618067705359104
SETP12,0.0008616915603329334
RANP1,0.0008615228253085999
RPS15AP38,0.0008613949960358844
RP11-178H8.7,0.0008611935841677467
PRPF38AP2,0.0008611270561846374
POU5F1P3,0.0008611013765250443
URM1,0.0008610597286454702
RP11-52J3.2,0.0008608848902389634
RP5-855D21.2,0.0008608170254996649
RP11-468O2.1,0.0008607574448141116
FOXI2,0.0008607487260834332
HNRNPA1P76,0.0008602936446110811
C1DP4,0.0008600560091535855
PCCA-AS1,0.0008598630867146511
MIR374A,0.0008593692304207424
CTD-2243E23.1,0.0008592227214313647
RP4-754E20__A.5,0.0008591300323153762
RP11-275F13.3,0.0008589377601326336
PPIAP27,0.0008588809683947671
C5orf66,0.0008586311963715892
RNU6-455P,0.0008583147417282366
RNU6-277P,0.0008579467747055372
RP11-390E23.3,0.0008578526009072068
TMEM161BP1,0.0008577797071041217
GS1-388B5.1,0.0008577154246504517
PVRIG,0.0008575678207472907
DHFR,0.000857534529134465
RP5-821D11.7,0.0008572661636398426
RP11-131L12.2,0.0008570046868192352
MIR3677,0.0008569545988281876
RNU6-433P,0.0008566595560661092
Y_RNA,0.0008566184673284672
RP11-147L13.15,0.0008565916706082302
TMEM253,0.0008564795703382037
MYH4,0.0008563359650896886
RP11-20P5.2,0.0008560414055328862
ZNF295-AS1,0.0008560361508528282
GJB4,0.0008558924986409727
RPS7P3,0.0008558837576727985
CDK2AP2P3,0.0008558577963271368
RPL5P5,0.0008554976056771618
MPV17L,0.0008552665002220422
RP11-244F12.1,0.0008551336712211812
SMC2-AS1,0.0008549586320022928
MROH4P,0.0008548890053324776
EEF1A1P26,0.0008548163382391597
CTD-3239E11.2,0.0008547857577331889
CDKN1B,0.0008545512234006034
SNORA3,0.000854529712573087
RP6-159A1.2,0.0008545216942674521
PTP4A1P3,0.000854423696935748
LINP1,0.0008543102573294133
RP11-10L12.4,0.0008539506875940775
CTD-2620I22.2,0.0008538053268521337
RP11-656G20.1,0.0008536072365491627
CFLAR-AS1,0.0008535279848000624
FAR2P3,0.0008534691270445821
GPR19,0.0008532845041892672
RNU6-535P,0.0008531838102912798
CTAGE1,0.0008531705454439103
SLC6A11,0.0008531252559948432
RPL36P20,0.0008530324997210033
MIR6894,0.0008527655318345364
IL36A,0.0008526979788873392
RNU6-32P,0.0008526507891166902
RP5-1119A7.10,0.000852265404753355
RNU6-269P,0.0008517706637825126
CTB-178M22.1,0.0008512312110360988
RNU6-669P,0.0008509047652944334
MORC2-AS1,0.0008507400327619271
RNU6-437P,0.0008506836180665114
PSMC1P1,0.0008506567784643856
LYRM1,0.0008505196017016167
DHX40P1,0.0008504912616520509
CTB-174D11.2,0.0008501692346369656
S100A11P2,0.000850064492541833
RP11-153I24.4,0.000849944437385804
AC005730.2,0.0008497918179420303
RP11-224P11.1,0.0008495525743212788
RP11-214N15.5,0.0008495065953244152
RNU6-1054P,0.000849334859452377
HSPE1P14,0.0008492655906643606
RP11-69L16.3,0.0008492303561511699
OR2B3,0.0008489739025982454
NRN1L,0.0008489000834858635
PTCD2P2,0.0008486808010422846
RNU6-1191P,0.0008486784657743547
AP001271.3,0.0008483772146617608
ITGB5-AS1,0.000848311294452504
RNU6-377P,0.0008480663212118986
DAZAP2P1,0.0008479577156405498
CCDC170,0.0008478438008921707
RP11-42A4.1,0.000847822840372626
YARS,0.0008476588167984191
RNU6-10P,0.0008476010670000496
EEF1GP3,0.0008474767102990825
ALX1,0.0008472023955693692
LL0XNC01-39B3.1,0.0008471829647317243
BNIP3P28,0.0008470038869222858
HOXC12,0.0008468635645285671
RP1-168P16.1,0.0008467680651635353
MIR3127,0.0008464429217879119
RP11-203B9.4,0.0008464393889125062
MIR3134,0.000846123568932319
LINC01627,0.0008458638428000869
UBAC2-AS1,0.0008458026999198268
RP11-174F8.1,0.000845664955929268
RP11-67H2.1,0.0008454747014444521
RP13-631K18.3,0.0008450136506332256
AC091813.2,0.0008448892562288667
AC016712.2,0.0008448254692906013
AC005614.3,0.0008446603306480361
RP11-323A7.1,0.000844420057514856
RNU6-807P,0.0008441616312495932
RP5-850O15.3,0.0008440759597572865
AC114877.3,0.0008440255704583888
RPLP0P2,0.0008438091906816528
RP11-885L14.1,0.0008437897887984941
HNRNPA1P35,0.0008432319070173159
CTD-2086O20.1,0.0008430327444778488
RP11-26J3.4,0.0008428943804341891
RP11-141M3.6,0.0008425731742013041
AC067945.3,0.0008425679851213363
OR2T6,0.000842281976908449
CTD-2510F5.4,0.0008421696474606502
SLCO1C1,0.0008420339782403625
RP11-348J12.5,0.0008419532491737717
TCEB1P33,0.0008416756203458696
RP11-533F5.2,0.0008414357988525653
GDF9,0.0008412758025107204
RNU6-288P,0.0008412750405303863
OR9P1P,0.000841095186016042
IGHV1-45,0.0008406354387742997
AP001171.1,0.0008403766954712013
RP5-1125N11.2,0.00084034967079591
RP5-1033K19.2,0.0008401940768563688
RP11-706P11.2,0.0008401113907893955
RP11-219I21.1,0.0008400505571960849
RP11-342M3.2,0.000839933303756678
HPX,0.0008397276038360569
CALB1,0.0008395997547024144
C15orf61,0.0008393959024539983
PLEKHM1,0.000839204633209735
HNRNPA1P12,0.0008379207195853708
RP11-274M17.1,0.0008368827628037999
RPL7P49,0.0008368235637513947
STBD1,0.0008365297862191183
RP11-415A20.1,0.0008362970673439914
MIR320A,0.0008357239327734985
RP11-195B3.1,0.0008356864007262703
RP11-162P23.2,0.0008355438878735393
RPS10P27,0.0008355307384150907
FAM74A6,0.0008355296805803766
TMEM212-AS1,0.0008354118549130211
RP11-519G16.2,0.0008353578171287307
PCDHGA10,0.000835301709189718
GHRLOS,0.0008352711596324195
AP001625.6,0.0008351394593582495
RNU6-633P,0.0008343819797088229
RP11-5N11.1,0.0008343191822345349
SMPD4P2,0.0008340190358198883
GS1-115G20.2,0.000833590905444202
RP11-78A19.2,0.0008335434902665932
RP11-453N18.1,0.0008334587606733175
RP11-325K4.3,0.0008334286468035669
MIR17HG,0.0008333573032710633
RP11-472N13.3,0.0008329373539211296
RP11-403A3.2,0.000832828558602836
CTC-304I17.6,0.0008327968349923023
RP11-527J8.1,0.0008325676155046615
RNU6-59P,0.0008324070904652715
PLAC8L1,0.0008321565116927065
RP11-69M1.1,0.0008321371825793231
RNA5SP479,0.0008321265255401579
SUCLG2P2,0.0008319602411387635
RP5-837O21.2,0.0008318101990291752
RN7SL217P,0.0008317848881277425
KCND2,0.0008316954206911031
GAST,0.0008316594509317691
CTD-2643K12.1,0.0008308346449548913
CTC-546K23.1,0.0008299162293741902
AGPAT1,0.0008295761195685947
MTND2P9,0.0008290974794956439
RP11-819M15.1,0.0008290508046724256
RP11-317M11.1,0.0008285794284865692
RP11-145P16.3,0.0008285659088072721
RP11-580I1.1,0.0008281525268269555
PRAMENP,0.0008278554893608158
RP11-326C3.11,0.0008278545456617421
SHISA9,0.0008278383410197847
PANX3,0.0008276107904239634
C12orf77,0.0008275360646321285
RP11-490E15.2,0.0008274340376549465
CLIP1-AS1,0.00082741914750298
RP4-665J23.1,0.0008270555187034212
RPS7P10,0.0008270266182452163
RNU6-610P,0.0008269041343826639
CTD-2015B23.2,0.000826771613255639
ELK1P1,0.000826388737458185
ADH5P3,0.0008261910011628169
AC008703.1,0.0008260880185237096
FDPSP1,0.0008260539070544411
RP11-345P4.10,0.0008260371214842888
TPM3P9,0.0008257030666868974
CTD-2033D24.2,0.000825640306056331
LINC00589,0.0008256099620186435
RP11-662B19.1,0.0008253087241303202
RP11-641A6.5,0.0008252853271312132
MIR3155A,0.0008251940852690998
RP11-563J2.2,0.0008250490933395322
TMEM190,0.000824725486681563
RP11-63M22.1,0.0008246510538199472
RP4-539M6.21,0.0008241869782586555
RP11-467D10.2,0.0008240249276693409
LINC00354,0.0008237972259476276
FTH1P16,0.0008237963348912032
RP11-665C14.1,0.0008234188252971452
RP11-296I10.3,0.0008233919606145196
RP11-274M17.2,0.0008233499747854225
ZNF72P,0.0008230711993817097
SCX,0.0008226564735521927
RP11-53I6.2,0.0008225042624138222
RP11-834C11.4,0.0008223641840870082
CLNS1A,0.0008219526992868252
RP11-378G13.2,0.0008218791937680095
AC009506.1,0.0008218592497799221
RP11-618P13.1,0.000821807108453014
COL18A1-AS1,0.0008217473394013902
RP11-739N20.3,0.0008215812260352661
RP5-892G5.2,0.0008214167360794322
RP11-264L1.3,0.000821206767912244
ERVFRD-3,0.0008212025829040102
RP11-367J11.2,0.0008211573618954984
FTH1P23,0.0008210260628503397
BRI3BPP1,0.000820495045159205
AC087430.1,0.0008203515420457135
U3,0.0008203243171119087
AF127577.12,0.0008202363405457556
TERF1P5,0.0008201377051411685
MTCO3P44,0.000819860538799637
THOC7-AS1,0.0008196577159343397
CTB-113P19.3,0.000819500958409817
NDUFAF4P4,0.0008189410127199777
PRKCA-AS1,0.0008188999166193231
ZNF709,0.0008184361440985067
LDB1,0.0008180469297681635
Y_RNA,0.0008175922110213856
RP11-717D12.1,0.0008175872934100284
ACTBP7,0.0008173429628617151
FTH1P11,0.0008158597353280791
RP11-344N10.5,0.0008157802452871556
TEX15,0.0008156768938381488
AC159540.14,0.0008154903265933148
RP3-467L1.6,0.0008153927671644424
RP11-433P17.1,0.000815392274667932
HIST1H4F,0.0008153074777687553
AC092687.5,0.0008152247034584286
TOP1,0.0008150664185416168
RP11-24M17.3,0.0008146487184774822
AC027119.1,0.0008145889343816929
RP11-711G10.1,0.0008145856970650238
PGBD4P8,0.0008142452121241029
CTA-373H7.7,0.0008141104603828137
QRSL1P3,0.0008140384204508183
RP11-65M17.1,0.0008138884272774296
MIR621,0.0008138551135350592
AL590762.7,0.0008136796410653181
CRYBB2,0.0008135602801167085
PGDP1,0.0008132664288086231
RN7SL698P,0.0008131733919146274
RPL23AP78,0.0008129978347413634
SNORA76,0.0008129157963885658
GSX2,0.0008128410951839176
RP11-139H15.7,0.0008127235619396794
CTA-212A2.4,0.0008126721210409332
RP11-268P4.6,0.000812561804436053
BTBD10P2,0.0008124055368188435
RP11-96K19.2,0.0008122658808748437
SV2A,0.0008122102496659966
IFNK,0.0008119815392462819
CTBP2P7,0.0008117977178446399
BEND7P1,0.0008117504890314218
RN7SL832P,0.0008116135907109333
MTND4LP9,0.0008112931794258626
AC091633.2,0.0008112608266078616
CTD-2185K10.1,0.0008112260855869665
GTF2A2,0.0008111968840189507
LINC00216,0.0008108071956025047
AC008069.1,0.0008106460480549087
AP000962.2,0.0008106124324771226
RNU7-84P,0.0008104606764201508
RP1-172N19.4,0.0008103119150446136
RP11-386I23.1,0.0008103001610592026
MIR1913,0.0008099146346020197
GXYLT1P2,0.0008094454919019039
AC013448.1,0.0008094304433914173
RP11-160H12.3,0.0008093638874565158
AC069257.6,0.0008092424289181162
RP11-81F13.2,0.0008091772222938658
CCND2P1,0.0008091569255781827
RP11-403A3.1,0.0008088228638437535
RNU6-40P,0.0008085911655483722
PSMD7P1,0.0008085245122958519
RP11-218E20.2,0.0008084938096641678
GAPDHP58,0.0008077543887211008
RP11-198M15.1,0.0008071864127603946
MTCO1P7,0.0008071044686833374
VPS33A,0.0008070269273024874
AP000797.1,0.0008069365977298581
Y_RNA,0.0008068833135881082
TRAM1L1,0.0008066133940192943
KPRP,0.0008065443268426872
GNRHR2P1,0.0008064167831290756
RP5-1119A7.11,0.0008063986730907572
PES1P2,0.0008057344228243347
CTD-3032J10.3,0.0008057223665036055
RP11-553P9.1,0.0008055359679430866
RNU6-1201P,0.0008054291583889208
FLG2,0.0008054199150463405
ZSCAN5C,0.0008053354196516826
RP3-399L15.3,0.0008052716107990261
RP11-723D22.2,0.0008050299691472525
Y_RNA,0.0008048854131093242
RNU11,0.0008048727991443299
CTA-212A2.2,0.0008046015188582961
RP3-424M6.4,0.000804566479325002
CASP14,0.0008044498525443739
RP11-513D4.1,0.00080444197586059
GPX1P2,0.0008043220030497439
RP11-123M21.2,0.000804059011844788
RP11-463C14.1,0.000803880254267562
NETO2,0.0008037986406294866
RNU7-28P,0.0008037360133894819
C22orf29,0.000803733844791484
USP2-AS1,0.0008036316641388257
ABHD15,0.0008035297756389086
UBE2F-SCLY,0.0008034156392192284
RN7SL577P,0.0008033417295588968
AC104695.4,0.0008032612335324156
RP11-18B16.2,0.000803049368763231
RPS19P7,0.0008030269958306437
MKRN5P,0.0008030179774210598
MIR4459,0.0008029772466320951
Y_RNA,0.0008028768160906841
PNKDP1,0.0008026642266942643
LINC00557,0.0008025618983806312
AC083843.2,0.0008022474611612883
UQCRFS1P1,0.0008020463209948195
RP11-567C2.1,0.0008019991362749123
RP11-723G8.2,0.0008019009241748773
OR4A2P,0.000801883897653555
SNORA73,0.0008018410936933932
ECEL1P2,0.000801838591782961
RNU6ATAC7P,0.0008017328503284435
Y_RNA,0.000801080346801831
RP11-1180F24.1,0.000801059546055551
RPS27AP16,0.0008007665605784309
RPS29P21,0.0008005881015522986
AP001601.2,0.0008005683317491001
AC111155.1,0.0008004376424470066
RP11-459F6.1,0.000800342229872174
OR5BT1P,0.0008001893847020762
RP11-500M8.7,0.0008000716656457155
CYCSP42,0.0008000054165166611
RP11-429P3.5,0.0007999797397368066
IMMP1LP3,0.0007999531433998735
RNU6-750P,0.0007997935730633632
KIAA0753,0.0007997529889608357
RN7SL496P,0.0007993482383272574
RP11-131L23.2,0.0007993354586012044
UPF3AP1,0.0007993274114118358
RP3-466I7.1,0.0007991632073073032
LINC00269,0.0007986895616727333
ZSWIM2,0.0007986592589748749
RP11-274J7.3,0.0007981481264754804
KCNK18,0.0007978729633946798
RP11-80I15.4,0.0007978300547251756
RP11-332J15.1,0.0007969208364609787
RP13-258O15.1,0.0007968915117947006
RP11-145P16.2,0.0007967390945286409
RP11-433A19.2,0.0007966363506478059
ADAM30,0.0007960304052465729
LCE5A,0.0007959949693434301
SECTM1,0.0007959483836713155
SNORD11B,0.0007957105695220414
FCF1P2,0.0007954640718055663
RPSAP35,0.0007951062973193239
LINC01213,0.000794167911641283
SLC5A8,0.0007940969421325752
RP11-84A14.4,0.0007940592451855196
SNORD116-18,0.0007940192057700049
VAMP5,0.00079398354777282
MRPL35P1,0.0007937710431082837
LIFR-AS1,0.0007936768841810339
EIF2S2P5,0.0007935534892574925
RTCA-AS1,0.0007934576647463672
RPS15AP1,0.0007933580941764891
GNAT3,0.0007931474222493211
RP11-529H22.1,0.0007930342928091619
AC006296.1,0.0007930030671082571
FLJ30679,0.0007925318293528401
CTD-2213F21.4,0.0007924039499209715
RP11-98L5.5,0.0007923087705343628
HMGB1P8,0.0007922191150007546
DLX5,0.0007918194260306706
AC064834.2,0.0007914369972363196
AC005307.4,0.0007912739768796533
PHBP7,0.0007910981656902017
MIR4458HG,0.0007909610065918591
RNY1P3,0.0007905651773956768
AC009302.2,0.0007905628077679651
CTC-260E6.3,0.0007901365194332536
CNOT10-AS1,0.0007900702072193716
RN7SL538P,0.0007900096603059253
SLC15A2,0.0007900062859106623
HMGB1P4,0.0007899588797354875
ZNF674-AS1,0.0007899282294241163
RP11-434D9.1,0.0007899122198311573
CTAGE13P,0.0007896349087685066
TPTE2P2,0.0007893974054608922
RP11-73M7.1,0.0007893634926046122
MIR4698,0.0007892272218627491
RN7SL834P,0.0007890911099445374
THRAP3P1,0.0007889268644250926
EEF1DP7,0.0007887865460566855
CTD-2313D3.1,0.0007887718314830864
RP11-426D19.1,0.0007887599876722026
AC016739.2,0.0007887152260025571
VN1R37P,0.0007882114749085094
DPRXP6,0.0007882019243758706
RPL7AP53,0.0007881673021518215
RP11-302L19.1,0.0007880627446402432
RP11-157L3.11,0.0007879937730651197
RP11-598D14.1,0.0007877604821974513
RP11-637N19.1,0.0007877595645285187
CCNB1IP1P2,0.0007877207040077634
STARD13-IT1,0.0007874742800498489
FAM110C,0.0007871367154461742
RP11-803D5.4,0.0007870142749662137
SLC38A7,0.0007869856625081169
RP11-65M17.3,0.0007865262992851613
SYT11,0.0007862339926335021
SNORD116-5,0.0007861685968607333
RP11-396M11.1,0.0007861314832411836
RP1-256G22.2,0.0007861195841534578
LARGE-IT1,0.0007858256832651104
NBPF9,0.000784741405280002
RP6-24A23.7,0.0007846339501355564
RP11-756P10.6,0.0007844632646618586
MIR1179,0.0007844031495567675
RP11-651P23.4,0.0007843328410207009
COX20P1,0.0007842921078298101
ENPP7P3,0.0007842006826678942
SNORD17,0.0007840579597245892
MTND6P3,0.0007839441166725308
RNU6-158P,0.0007837183367402603
LINC01563,0.0007836420362535126
RP11-180O5.2,0.0007834983759774842
SERP1,0.0007833653101418917
STPG2,0.0007833083105249805
AC013402.4,0.0007833075157913367
RP11-110L15.2,0.0007831019225233
CTA-204B4.2,0.0007829807086865142
RN7SL440P,0.000782754168827953
IL12B,0.0007822810987947714
ATP5G1P1,0.0007819087714878437
RP11-46O21.2,0.0007818004418057267
SLC7A5,0.0007817042023188906
LINC00880,0.0007817019421947715
PRSS55,0.0007814336297296323
NDUFA6,0.000781428860189032
KCNJ10,0.0007811423388579295
HMGN1,0.000781109045612087
KB-173C10.2,0.000781093876395949
MIR138-2,0.0007807449818301824
CTB-181H17.1,0.0007805576939720533
CASC21,0.0007803917192835696
RNU6-179P,0.0007799577518086127
CTA-215D11.4,0.0007799226837008633
RN7SL713P,0.0007797365898981044
YWHAZP5,0.0007797196874792488
RPL15P14,0.0007796539980210196
AP001172.2,0.0007796459891453364
LHX2,0.0007790657592593803
EEF1A1P17,0.0007788913788908207
CTD-3099C6.11,0.0007787007797878404
RP5-1100I6.1,0.0007783561654095346
ZSCAN5DP,0.0007779730794465506
RP11-313C4.1,0.0007777921688064397
RNU6-188P,0.0007776956966610387
Y_RNA,0.000777670373107794
CHL1-AS2,0.000777424775233952
CTD-3252C9.2,0.0007773892395154979
KCNG4,0.0007773498168259248
PKMP2,0.0007773283764371916
MT-CO3,0.0007772548203519286
CTD-2576F9.1,0.0007772370031562709
LRRD1,0.00077715030726209
RPS4XP2,0.0007763724524335452
RP11-849F2.9,0.0007763317607307693
RN7SL370P,0.0007761402039363194
RN7SL820P,0.000776119121492453
Y_RNA,0.0007758783124936928
RP11-91I11.1,0.0007756857624490466
RP1-167G20.1,0.0007755184397440767
RP11-252I14.2,0.0007751915293733222
LOXL1-AS1,0.0007751363017057068
RP11-19O2.1,0.0007750031201389267
OR13C1P,0.0007749855177631813
RP11-716H6.1,0.0007747179804870805
bP-2171C21.3,0.0007746272621656661
RP11-566K11.2,0.0007745924225874489
RPSAP13,0.0007744491025350821
NPM1P27,0.0007744070519670973
STX18,0.0007743847877423238
ZNF675,0.0007741744253483878
IFNA6,0.0007741412532298868
LRTM1,0.0007741236810500492
LL22NC03-N64E9.1,0.0007740102676610033
RP11-177H2.2,0.000773613302322168
RP4-564F22.5,0.0007731223048150972
MTND5P19,0.0007731130635560165
MARK2P8,0.0007730538845787443
AC025918.2,0.0007729954559983344
GJD2,0.0007729263059746346
ABHD17AP4,0.0007729069485473653
C1QTNF9-AS1,0.000772679353789846
MIR3657,0.0007724799297991127
AC105760.2,0.0007722571329862403
MAGEE2,0.0007721804121701239
RP11-621L6.3,0.000771632907761068
FBP2,0.0007713753367003608
ASAP1-IT2,0.000771305500131947
LSM12P1,0.000771289836013544
LINC00207,0.0007712805460872162
AGTR2,0.0007710613041442072
RHOV,0.000770764946333677
ACTBP1,0.0007706029435511181
Y_RNA,0.0007704224552574706
RPS3AP41,0.0007703390859794168
CCT5P1,0.0007702556367318993
SNORA70,0.0007701514429852902
EMC2,0.0007700445848537027
RPS12P31,0.0007699835856418801
RP11-69E9.1,0.0007699435341234174
AC016710.1,0.0007699284941574151
RNU7-50P,0.000769841838523054
RBPJP2,0.0007696665197878062
FAR1P1,0.0007696230228399016
RP11-16N11.2,0.0007696162221063446
ABHD17AP3,0.000769595061725797
CDC42P4,0.0007694957852424476
RP11-7F17.8,0.0007694265022574508
OR10Q1,0.000769269136936581
MUSTN1,0.000769262196425396
RP11-34D15.2,0.0007690711546070272
TUBBP1,0.0007690152497167079
DIAPH2-AS1,0.0007689034435227549
MIR2909,0.0007688890924224936
R3HDM2P2,0.0007688747213783099
RP1-159A19.4,0.0007675387395954485
RPS12P24,0.0007674766618631957
CTD-2060C23.1,0.000767422947820683
SNORA25,0.0007674228329143043
LINC00972,0.0007673700995907353
RP4-743O11.1,0.0007673636235928244
RNU6-1156P,0.0007673365986220678
GAPDHP38,0.0007671460008261421
CTC-534B23.1,0.0007671306164816039
RP11-119H12.5,0.0007670764766694541
PDCL3P1,0.0007670304592286817
RP11-560A15.3,0.0007668257536975268
RP11-218M11.7,0.00076677985530076
RP11-358B23.6,0.0007662246431058766
CTD-3105H18.14,0.0007658744609687811
SDCBP2-AS1,0.0007658082191752127
RP1-35C21.1,0.0007657024977791925
RN7SL525P,0.0007656362902374401
SUMO4,0.0007655909728788438
RP11-589F5.4,0.0007655691154638353
RP11-1228E12.2,0.0007653664353544274
CTC-270D5.2,0.0007651615648689527
RP11-420K14.6,0.0007648613684041042
SNORA74,0.0007648471310447303
RP11-3G20.2,0.0007647700019281044
KCNIP4-IT1,0.0007647656704408369
SUMO2P6,0.0007647179420518945
TRA2A,0.0007647046321122246
RPL7L1P9,0.0007646508641870411
PPP1R14BP5,0.0007645441703146079
CTD-2538C1.2,0.0007644756435599105
RP11-571E6.1,0.0007643970043610317
RP11-77K12.4,0.0007643900521654343
RP11-383D22.1,0.0007642744187082869
RP11-227L6.1,0.0007642214002595608
IGLJ7,0.0007641478890431807
MRPL16,0.000763710853990149
AJ009632.3,0.0007636084772348518
NTAN1P3,0.0007635676898463403
C12orf49,0.000763260591911152
LRIT2,0.0007632521056164066
GDF11,0.0007632279988506711
RNU1-134P,0.0007631363268608393
AC093826.1,0.0007631317858177615
GAPDHP63,0.0007630617611672505
TAF13P2,0.0007628691466829766
EDDM3CP,0.0007628317744156745
RP1-155D22.1,0.0007625295483403036
HTR1B,0.0007624446458932736
AC073636.1,0.0007623942275452353
RP11-331F9.4,0.0007622835759480556
RP11-311B14.1,0.0007622185868547981
ARF4P1,0.0007621600029708882
LRP4,0.0007621254985234629
RP4-676J13.2,0.000762010870667827
HHATL-AS1,0.0007619997579699812
RP1-292B18.3,0.0007616369858213323
KARSP1,0.0007616172504832986
RP11-493E3.1,0.000761409293865142
RN7SL272P,0.0007612282929231787
ERHP1,0.0007611418739860345
AC016909.2,0.0007608941441640168
GABRR3,0.0007607332722638151
RFKP1,0.000760601424230545
GRIFIN,0.0007605881247953469
RP11-114H7.1,0.0007604841444875526
RP11-641C17.1,0.0007604438770195477
EEF1A1P30,0.0007604209255790576
AC005597.1,0.0007604035338272628
RNU6-302P,0.000760402598521665
RP11-68I3.11,0.000760244181740243
TMEM78,0.0007601713234862572
FABP12,0.0007601516692359895
XXbac-BPG249D20.9,0.0007599887538061688
SPATA12,0.000759597079960441
OR2M3,0.00075954216688847
RP11-342M21.2,0.0007594463499082018
AC005754.7,0.0007593950947271188
AC114765.2,0.0007588977916746374
ZMYND19P1,0.0007588747228518781
NDUFA5P11,0.0007585258723587098
AC079790.2,0.0007585122929031005
RP11-470L19.2,0.0007583777680992724
RP11-333J10.3,0.0007583200670192932
MT-TC,0.0007579011666771678
TIMM23,0.0007578572478558187
ANP32D,0.0007577683904504592
RFESDP1,0.0007576362611870743
THA1P,0.0007574930155196463
CUBNP1,0.0007573446088705516
SNORD113,0.0007572868255008306
RP11-539G18.1,0.0007572712961403489
RP11-161D15.1,0.0007569630459151756
AC005042.4,0.0007569271742957094
SNORA11C,0.0007569201518284663
RP11-383H17.4,0.0007568528621973027
MBOAT4,0.0007567302605075554
RPL31P40,0.0007565638093009811
RPL21P41,0.000756334868673446
RP11-298D21.2,0.0007561871646080155
RP11-168K9.2,0.0007561028171935337
ZNF720,0.0007558390469122461
TAF7,0.000755790316373245
RNU6-106P,0.000755652600375184
RP11-379F4.9,0.0007555924821350089
NCBP2L,0.0007555116203922072
DDX28,0.0007554998494279603
CTAGE14P,0.0007553266666809514
CTD-2193G5.1,0.0007544936617113684
PSG11,0.0007544876285887331
EEF1GP1,0.0007544760667210655
AC139712.2,0.0007542685718951005
RP1-309H15.2,0.0007540605550400584
RNU6-1267P,0.000754055410464681
MARCH2,0.0007535984067373694
AANAT,0.0007535141491697891
RNU6-16P,0.0007534589278929188
RP11-1C1.6,0.0007534369926346303
RP11-20I23.6,0.000753127065322609
RP11-75C9.2,0.0007530801496768532
DERL2,0.0007530581021507952
ARL17B,0.0007530264786193209
RN7SKP55,0.0007527261855130565
RP5-827C21.2,0.000752604182948084
RP11-77G23.2,0.0007524160346807338
AC005251.3,0.0007521747441074706
RN7SL591P,0.0007518781934522869
ZNF804B,0.0007515708479835864
RNASE10,0.0007514079064415058
LINC01505,0.000751390647424821
AP001136.2,0.0007510436798773985
AKIRIN2P1,0.0007509977497965942
RP11-45P22.2,0.0007507782420234416
TPTE2P4,0.0007505537977389493
SNORA12,0.0007502878713874171
SLC31A1P1,0.0007501146580630592
RPL7L1P12,0.0007497885010510879
IGLVIVOR22-1,0.0007495046635459946
IGHV3-64,0.0007493523940745714
AC015923.1,0.0007493014462215645
RP11-329J18.4,0.0007490509643039552
RPS4XP19,0.0007488199705908575
RP11-700F16.2,0.0007487827801214931
RP4-687K1.2,0.0007486179346039277
IGHD2-8,0.0007484139475224538
C11orf87,0.0007480915697773508
PTOV1-AS1,0.0007477875597011747
AC092798.2,0.0007477190056012888
RPL31,0.0007476486103312745
SLC47A1P1,0.0007472713277271563
RNU7-149P,0.0007470652450289159
RP3-467N11.1,0.0007466571280794156
RN7SL98P,0.000746155347518139
RP11-63N8.3,0.000746142747128586
RP11-403P17.4,0.0007459310273427988
AC000036.4,0.0007458757365809706
AL109761.5,0.0007456260442872289
RP11-295H24.3,0.0007455611820571652
RP11-136F16.1,0.0007448905113137088
CARM1P1,0.0007448002852722806
MIR381,0.0007444495615650029
PVRL3-AS1,0.000744399728774422
UGT2B11,0.0007441294258375754
HSP90AA4P,0.0007440202910117945
PNN,0.0007439777755961425
WSB2,0.0007437897178088824
RP4-529N6.1,0.0007437126956943747
RP11-785H20.1,0.0007436938123084352
RNU6-674P,0.0007435101266980274
RP11-45L9.1,0.0007429162302767328
Y_RNA,0.0007428441314819517
RP11-597A11.3,0.0007423555210022741
PLA2G2E,0.0007422056946567934
XXbac-BPG170G13.32,0.0007419126985511485
AC097359.2,0.0007418895254299553
RP5-1069C8.2,0.0007417456100561342
RP4-635E18.6,0.0007413930156631614
HNRNPA3P16,0.0007412279680628846
RP11-529E10.6,0.0007410240209173715
CTD-2583A14.9,0.0007408117711821685
RP11-274B21.10,0.0007407190159529227
RPL5P15,0.0007405413183254499
CTB-35F21.5,0.0007404655827083865
RP11-94B19.6,0.0007404483828879902
RP11-60A24.3,0.0007403477065156585
AC009120.9,0.0007401910548408306
RP11-700N1.1,0.0007401634999738016
CTD-2231E14.2,0.0007401380083551765
RP11-379K17.4,0.0007398328333188299
RP11-409K20.7,0.0007396718568614479
VEZF1P1,0.0007396459821297137
RP11-746B8.1,0.0007395470414210993
AC009963.6,0.0007395114899138275
SNORA42,0.0007394183446272619
C6orf203,0.0007390744319392732
PABPC1P1,0.0007388665401056267
RP11-536C12.1,0.0007387259848790236
SNORA70,0.0007384803456743593
GS1-304P7.2,0.0007383782361557193
KCTD2,0.0007383360822717584
RPL21P111,0.0007380864437729317
RP11-156K23.3,0.0007377123073883401
MIR1256,0.0007375028508501543
LINC00441,0.00073727726589547
MPV17L2,0.0007371769812426361
PPP1R2P6,0.000736739060492066
RP11-543B16.1,0.0007362769868750652
RP11-307L14.2,0.0007362469341416945
USP12-AS2,0.0007359645070329263
Y_RNA,0.0007355353529094086
RP11-13K12.1,0.0007351282497987698
TTLL7-IT1,0.0007348686079957952
KCNMA1-AS3,0.0007343904435527131
RP11-248G5.9,0.0007341799547136376
RP4-591B8.3,0.0007339032155249384
RP11-249M12.2,0.0007338120129563177
RP11-5P18.1,0.0007338099549252139
TACSTD2,0.000733596411777634
RP3-348I23.2,0.0007333230857782345
AC013267.1,0.0007328967696111756
GATSL2,0.0007328678370606399
RPS29P5,0.0007327848810435475
NUP107,0.0007327547692709711
AC073072.1,0.0007325554801162621
RN7SKP95,0.0007325081150147412
RBBP4P4,0.0007324538811660183
TFAP2A,0.0007317121172712421
KB-1410C5.1,0.0007310116728578569
IGKV1D-35,0.0007309677670028043
ARL2BPP3,0.0007307148095443952
LINC01164,0.0007306139377258537
RP11-266A24.1,0.0007306010004090306
RP11-219G17.8,0.0007304309259030867
RP11-21L23.2,0.0007303385382029109
DYNLL1P2,0.0007303141439062269
U82671.8,0.0007301268372287876
CTB-189B5.3,0.0007299875141393019
FAM136A,0.0007299680479972308
RP11-629N8.3,0.0007298190506077283
RPS3AP49,0.0007296406425815452
RP11-473E2.3,0.0007296065158466253
RP11-40B20.1,0.000729496152145471
XXbac-B33L19.10,0.0007294705404700686
Y_RNA,0.0007293305046638821
IGKV6D-41,0.0007292106305274392
RP11-335F8.2,0.0007289594238453786
OR1A2,0.0007288371693606583
RP3-359N14.2,0.0007286987654755682
OR5BH1P,0.0007285103747276986
CH17-125A10.2,0.000728488685455974
RP11-722M1.1,0.0007284675798233556
TVP23CP2,0.0007283842592117745
RP11-2O17.2,0.0007283678603239686
DEFB4A,0.0007282270910672806
LINC00994,0.0007279895843357235
RP11-718G2.5,0.0007279275977414241
ZBTB20-AS2,0.0007279198819370987
SNORD115-32,0.0007278587268446572
HSPD1P4,0.0007278451890837205
RP11-983C2.3,0.0007277096432668093
HNRNPLP2,0.0007274359893327192
Metazoa_SRP,0.0007268196204484945
RP11-852E15.1,0.0007265159202314914
OC90,0.0007258148175288012
HNRNPMP1,0.0007257171925852154
DUTP7,0.0007253078378480906
SNORD63,0.0007252052756278809
S100A11,0.0007248067955669628
RP5-1165K10.2,0.0007247452754889976
RP4-761I2.5,0.0007240662857367236
RP11-797E24.3,0.0007239943714125414
RP11-204K16.1,0.0007234311459788162
RP11-739P1.2,0.0007233405916082108
RP11-619J20.1,0.0007230868601180281
RP11-123C21.1,0.0007228110054640463
KIAA1211L,0.0007227555107144199
RAB6C-AS1,0.0007221531093254657
RP11-531F16.3,0.0007220260571386649
P2RY11,0.0007219845917350086
RP11-380G5.2,0.0007218173327051425
OR13I1P,0.0007217994063055374
RP11-95I19.2,0.0007213663868901419
Y_RNA,0.0007213389868682799
RP3-426I6.6,0.0007210734413477988
OR52E4,0.0007208978630730477
RNA5SP321,0.0007208584480904741
RPL10A,0.0007204448129543878
ANKUB1,0.0007203205977832378
LRRC14B,0.0007203107191216079
RP3-403A15.5,0.0007200500569371669
AC079199.2,0.0007199004411885684
RP11-64D22.5,0.0007197671004438275
RP4-784A16.4,0.0007197388231051454
RP11-144G7.2,0.0007197069794141358
RP11-263C24.1,0.0007196813722237883
AC092159.3,0.000719582635239553
WDR5,0.000719505812961344
CASC23,0.0007195021645979788
RN7SL278P,0.0007188383052514979
DNLZ,0.0007187732935269948
KRT1,0.0007186238418127607
VEGFB,0.0007185191528545881
NIPA2P4,0.0007184642933219181
TSEN15P2,0.0007184506173996317
SNORD45,0.0007180497798933748
MIR187,0.0007180115689657512
RP11-562A8.4,0.0007179058465835036
PSG3,0.0007177129112300072
BHLHA9,0.0007176976616014691
RP11-131L12.4,0.0007176766950697805
RP11-369J21.11,0.0007175820399786192
SDHCP3,0.0007173549172426404
TOX,0.0007168939686843854
AC009228.1,0.0007167565577877318
AC003989.4,0.0007166074879470576
RXRB,0.0007165745104351426
RP11-400F19.18,0.0007164311373171814
ANKRD20A7P,0.0007162873576237971
TOMM34,0.0007160153391397399
AC008278.2,0.0007159308285892252
FAM72C,0.0007157714130643747
RP11-17E3.1,0.0007150052122351025
ALOX12P1,0.0007149232924099574
RP11-395L14.17,0.0007144832286844693
RP11-94B19.7,0.0007143493452439268
TRPC6P,0.0007141967569611314
TCEB1P29,0.0007139297347852212
AC006538.4,0.0007136601565600676
MIR3129,0.0007135471455133464
SLC25A3P2,0.0007133833697276624
Y_RNA,0.0007133498148225498
CCL27,0.0007132056688553809
MIR4633,0.0007126964855558296
RP11-33E15.1,0.0007126659318146355
LINC01513,0.0007126575317977732
LYRM9,0.0007125472850437156
RP11-893F2.18,0.0007125230535934941
FNDC4,0.000712346956848547
RP11-551L14.8,0.0007123452670759989
TIAF1,0.0007122560991374978
RPL17P41,0.0007122323394887023
GPR26,0.0007120510659971875
CACNA1C-AS4,0.0007114234065675536
RPS19,0.0007113774077624975
H3F3B,0.0007110635319755046
Y_RNA,0.0007108006615426378
RPL4P4,0.0007107148315983098
RP11-715L17.1,0.0007105970428692328
RP11-369C8.1,0.0007105682899625118
ST3GAL1P1,0.0007105614093561002
RP11-91A18.1,0.0007098503696285226
MIR3145,0.0007098232064716531
RP11-177N22.2,0.0007096445872168464
DNM1P35,0.0007095575218741749
TGIF2P1,0.0007094174912959499
TRY2P,0.0007092537895213574
RAB1C,0.0007091955779891466
RP11-560G2.1,0.0007090230986412464
RP11-762H8.2,0.0007088915847316969
HIF1A-AS2,0.0007087385619435304
HSPE1P7,0.0007084156200048961
TAS2R63P,0.0007079667795361411
HSP90B3P,0.0007079563890581042
RN7SL76P,0.0007074922190364728
HLA-S,0.0007073571923426488
RPL22P11,0.0007073089539560544
OR6X1,0.0007071998785927465
GREM2,0.0007070994552194346
OTOL1,0.0007069810922096537
AC007950.1,0.0007069470341545483
RP3-369A17.2,0.0007068451442578924
RANBP20P,0.0007066059685308092
FAM118B,0.0007065843055315274
AC004691.5,0.0007064869505109832
CBX3P3,0.0007064801458720283
RNU6-877P,0.0007063684974252768
SIPA1L2,0.0007063171923280436
AC005758.1,0.000706189925027495
RHNO1,0.0007061713259398733
RP11-426C22.6,0.0007059542230728953
DHRS4-AS1,0.0007058876318970171
RP11-475D12.2,0.0007055885226951404
CRYAA,0.0007055361950962521
CCNB3P1,0.0007055022165344996
COIL,0.0007054447967687548
WNT9A,0.0007052909628941448
CLPTM1LP1,0.0007051797926880233
Y_RNA,0.0007049715543343938
RPL12P41,0.000704958842184053
RP11-680E19.2,0.0007045508641816844
Y_RNA,0.0007043760870368261
OR10B1P,0.0007043136295361109
RPS6P25,0.0007039300470177623
MIR4804,0.0007037725097311316
PEX12,0.0007034254145507936
AC241377.1,0.0007032299852066462
Y_RNA,0.0007027760089058662
RNU4-51P,0.000702712005210007
PSMA2,0.000702684342860642
Y_RNA,0.0007026833859793627
RP11-420K14.1,0.0007026517058096567
RNU6-388P,0.0007026259980418895
RP11-33B1.3,0.000702583747809936
OR2D2,0.0007025608166016081
RP11-318G21.4,0.0007024278999241435
CH17-353B19.1,0.0007023805795235083
IFNWP9,0.0007022264141539351
ZYG11A,0.000701982459754068
AC007562.1,0.0007016008225288946
SALL4P2,0.0007015488617732773
EEF1A1P10,0.0007015124908178598
RFX1,0.0007013749725135847
LVCAT5,0.000701314381929045
RP11-315L6.1,0.0007012247502337951
RP3-399L15.1,0.0007012227808740834
RP11-2I17.1,0.0007010217388320735
ZNF729,0.0007009793700564938
MGC16275,0.0007008192794425251
IGFL1P1,0.0007007516896584357
LINC01433,0.0007005825636778122
DENND4B,0.000700510180387181
AC144833.1,0.0007004328135935455
SNORA72,0.00070031085926375
MIR6511A1,0.000699966015626167
RP11-103C16.2,0.0006998367003426219
MIR488,0.0006997907727982389
PRDM9,0.0006997232166131776
RP11-377H23.1,0.0006995753637392
RP11-166N17.3,0.0006995013718668894
RP11-754B17.1,0.0006994611266732227
TDGF1P3,0.000699170372145091
RP11-382A20.4,0.0006991276484621288
AP000354.2,0.000699061310307036
A4GNT,0.0006988743276276501
RPSAP14,0.0006987608934180976
BIRC6-AS2,0.0006985934860593546
SND1-IT1,0.0006984882761716164
AC019070.1,0.0006984802791060476
RP1-228P16.8,0.0006983629128599199
DAO,0.000698303115921063
ARL2BPP7,0.0006979553363265506
ADAD2,0.0006978112524781465
CCDC184,0.0006977189455067606
HLA-W,0.0006977041488301389
CCDC172,0.0006976548647768704
AC008264.4,0.0006975891183986211
Y_RNA,0.0006969495723540888
RP11-173G21.1,0.0006968947758966702
CTB-88F18.2,0.0006968334645448981
OR5C1,0.0006967914319023617
KLK1,0.0006959733469852878
ZCCHC13,0.0006958294947164626
RP11-91I20.1,0.0006958074307487008
Y_RNA,0.0006956009601172474
AC084219.2,0.0006954032832602911
RP11-796G6.1,0.0006950117141261442
SF3B5,0.0006949653175090295
IGKV1D-27,0.0006947374575019291
RN7SL628P,0.0006945036709835659
SNORA19,0.0006944809218313533
EIF4EP3,0.0006944437062137986
AC002480.3,0.0006941746158801875
RP11-320A16.1,0.0006938481348103643
OR7E46P,0.0006938353373176701
Y_RNA,0.0006937166115581328
CLEC2L,0.0006936549244979123
RNA5SP209,0.0006936377382819563
NENFP1,0.0006936164927441027
CTC-575N7.1,0.0006936070157779135
AC021224.1,0.0006934851018019123
RP11-111F5.4,0.0006930312631777315
U8,0.0006927387667750621
RP11-389G6.4,0.0006926801735921653
TUBAP2,0.0006926238562105148
RP11-208N20.1,0.0006925677740051345
RP11-401L13.7,0.000692163834566542
MTCYBP37,0.0006919579021527786
RP11-558A11.2,0.0006917706261667677
TOMM20,0.0006917670155486119
SETP2,0.0006913096808994022
RP11-264J4.8,0.0006911733631157473
RP11-79L9.2,0.0006910884598076136
SOX11,0.0006910540737151314
COL18A1-AS2,0.000690844446123729
RP11-545L5.1,0.0006907461235243183
KRTAP3-2,0.0006905595690383914
SOCS5P3,0.0006904783579231891
RP4-530I15.6,0.0006899452220688474
RP11-795J1.2,0.0006898223030618432
RP11-43D4.2,0.0006896805458483206
SNORA54,0.0006893399518680968
CH507-513H4.1,0.0006892038285043274
RP11-410E4.1,0.0006891527624345175
UPF3AP3,0.0006889152016398239
RP11-421E14.2,0.000688708075376564
RP11-849F2.4,0.0006885135428754991
AC008686.1,0.0006884493160612303
RP11-907D1.1,0.0006884479504831908
OR7E29P,0.0006883759521970967
RP11-676F20.1,0.0006882191026877695
MIR412,0.0006878202281616684
CTD-2377O17.1,0.0006875986765871566
RP11-316A16.1,0.0006875278148318598
bP-2171C21.6,0.0006872618259782009
RP11-445F12.1,0.0006871303619979061
AC007792.1,0.0006868680236920223
RN7SKP34,0.0006867202142332637
SIAH3,0.0006865432462209302
RP11-341G5.2,0.000686432703109607
snoU109,0.0006863604202337434
RP11-89N17.1,0.0006861852194234268
RP11-642A1.1,0.000686067137130204
SOX15,0.0006860447188614386
RNU6-345P,0.0006859468698408633
NTRK3-AS1,0.0006858295303134727
DUX4L50,0.0006857839526038929
RP11-232L2.1,0.0006855796814016097
AC004941.3,0.0006853238418692684
RNU7-113P,0.0006853234286768703
RN7SL575P,0.000685190811230399
AC013791.1,0.0006849876137641392
IGLV5-52,0.000684974947643248
RPL27P12,0.0006844434914446782
RP11-91I20.4,0.0006842012460607804
U1,0.0006838896547912785
LHX1,0.0006836030925596061
ASS1P9,0.0006835626964839982
TBX10,0.0006834978667789309
MIR4296,0.0006833842426310966
RP11-1016B18.1,0.0006832849070621417
RNU1-11P,0.0006832133443167532
AC104389.28,0.0006824976407313666
MAP10,0.0006823957266642025
RPS27AP7,0.0006822312609734737
RP11-895K13.2,0.0006820871994000596
CDC42P3,0.0006820836077311545
PRSS38,0.0006818429905267176
RN7SL498P,0.0006810767511181113
RNF39,0.0006808706671945488
AC123023.1,0.0006802566912771182
RP11-749H20.2,0.0006800213810761105
HNRNPA3P7,0.0006799613958855384
RP11-464F9.1,0.0006798865053447183
PBX2P1,0.0006797142733239504
NMNAT1P3,0.0006796446178874389
RP11-338H14.1,0.0006794878076029954
AC006227.1,0.000679163961528557
RP11-548K12.6,0.0006790500176747925
RNU6-786P,0.0006790500028524782
RNU6-1085P,0.0006788917243039898
RP11-164P12.3,0.0006785607838224052
RP11-369E15.3,0.0006785195113383562
CSN2,0.0006785015136434269
AC012462.1,0.0006782270874191617
RP1-56J10.8,0.0006781741290576454
RP3-477O4.5,0.0006781386353814754
RP11-330A16.1,0.0006778961646916605
PCDH9-AS2,0.0006774154079360628
IGHVIII-51-1,0.0006769639589345062
RP11-115J16.2,0.000676885833175672
RP11-529G21.3,0.0006767470067454408
LIPC-AS1,0.0006767437647328743
AC007879.4,0.0006767411737913054
KCTD21,0.0006766756995748444
RP11-110J1.2,0.0006766519304656506
ATF4P3,0.0006766264671794244
BMS1P17,0.0006763012078116009
RP11-50C13.1,0.0006761192587513785
RP11-509E10.3,0.0006759301037470581
LINC00428,0.0006758888768681588
RPL10AP1,0.0006758749967701908
CTC-360G5.8,0.0006755640969170776
GMDS,0.0006753537887819826
RP11-816J6.3,0.000675269992301364
AC006427.2,0.0006751659349514875
RERG-AS1,0.0006749625465792014
RP11-379H8.1,0.0006746934021853247
FLYWCH1P1,0.0006742479982338287
RPL30,0.0006742212324792027
RP11-799D4.4,0.000674211022739894
RP11-60C6.5,0.0006739568452471457
RP11-370B11.3,0.0006738404532541511
RP11-284H18.1,0.0006737752588830853
MIR5584,0.0006737468371926189
GAPDHP51,0.0006735974002995875
SMR3A,0.0006734912746292067
RP11-210K20.5,0.0006731942049286143
RP5-1050D4.5,0.000672811888470624
BNIP3P32,0.0006728063595339704
MTATP6P24,0.0006727002217725524
RNU1-103P,0.00067266589284144
RP11-234A1.1,0.0006725701669285206
RP11-333J10.2,0.0006724281274699779
RP11-94C24.11,0.0006722759410148203
AC009480.3,0.000672122380559659
C14orf177,0.000671940142089406
RPL5P30,0.0006718832801113835
KATNBL1,0.0006715085240780867
EMC7,0.0006714779598984924
MT3,0.0006713061890975059
RP11-120K19.4,0.0006704515028775709
AC034228.2,0.000669971081558191
TMEM203,0.00066971116951085
GCSH,0.0006693825867589742
RP11-385J1.3,0.0006693797966725927
RP11-157G21.2,0.0006693236537070013
RNU6-1237P,0.0006692136087045852
Metazoa_SRP,0.0006690693844050245
GPR152,0.0006690691587150515
CYMP,0.0006690084165482508
ZNF790-AS1,0.000668972219676797
AC012123.1,0.0006689071172816084
EIF2S2,0.0006686276407344857
ALDH18A1,0.0006685953525305326
AC069063.2,0.000668427556476698
GAPDHP37,0.0006680849298505809
LINC00345,0.0006679914210614253
FAM163B,0.0006676917217522933
FGF17,0.000667646593718322
TMEM167A,0.0006673261682180538
RNU2-63P,0.0006672679770291088
RP11-697E22.3,0.0006671298083560383
CCDC115,0.0006671250907416704
PAK1,0.000667031640784425
RP11-473O4.1,0.0006668909014037779
SAYSD1,0.0006667939028964371
RP11-434D2.2,0.0006665762665755562
RNF103,0.0006659787389395298
RP11-17E4.1,0.0006658054879137984
LYPD3,0.0006658051593262817
LINC00845,0.0006657669281140995
HNRNPA1P47,0.0006657319986435182
RP11-273B20.3,0.0006656016061304667
FAM69C,0.0006652649050400713
DRD5P1,0.000664795063305545
IMMP2L,0.0006645352441097606
NACAD,0.0006642802785067031
DKFZP434A062,0.0006636770849665446
RP11-402D21.3,0.0006635456879620958
RP11-340F14.6,0.0006632372772881849
CCL15-CCL14,0.0006630222119489201
GS1-21A4.1,0.0006629146569321513
RP11-63K6.1,0.0006627246225672494
RP11-403I13.4,0.0006626361218898145
RAPSN,0.0006624994799996799
RP4-799P18.3,0.0006623220966802657
CTC-552D5.1,0.0006623193970661623
MIR5580,0.0006622340704847952
MIR3688-1,0.0006621606824305432
RNU6-951P,0.0006620232412326155
MKI67P1,0.0006620119412816092
AC010975.1,0.0006619353563234982
TYRL,0.0006617357824020548
RP11-14I17.2,0.0006617274923482533
LINC01107,0.0006617184144694559
SFT2D1,0.0006617167703470813
RP4-799P18.4,0.0006616913286414086
KCND3,0.0006616770732818756
RP11-1148O4.1,0.0006615320270763464
FZD10,0.0006613613181310264
RP11-489E7.4,0.0006609036139478661
RP11-703I16.2,0.0006608805078323697
CDKN2B-AS,0.0006608542446922425
RP11-146F11.2,0.0006606330411807771
C12orf60,0.0006606145119769633
HNRNPA3P3,0.0006602865157609616
SNORA70,0.0006601712778412292
RP11-51L5.2,0.0006600382643146778
RPL26P9,0.0006600130321871315
RP4-749H3.2,0.0006598265940859716
SI,0.0006598056860636133
CLDN1,0.0006596805457045026
MACC1-AS1,0.0006596354159748667
SDHAF4,0.0006596232060454735
RP11-118E18.4,0.0006593697248114523
HMGN2P3,0.0006593267641639168
RP5-862P8.3,0.0006592804372183592
RP11-26J3.1,0.0006592706369203941
RP3-333A15.2,0.0006591837267668104
RP11-342F17.1,0.0006591144802947788
CTD-2315E11.1,0.0006590531973863097
RP1-34L19.1,0.0006586599915224549
LLNLR-246C6.1,0.0006585935644586338
AP000438.4,0.0006585060931399975
RP11-141B14.2,0.0006583829666910056
MYL8P,0.0006582001607137239
RP11-410N8.3,0.0006580131343656857
CT45A1,0.0006579858730306384
RP11-811J10.1,0.0006576158504439584
SAP30L-AS1,0.0006574447828442152
NRBF2P2,0.0006570052069690849
CTD-2026K11.2,0.0006569423933068996
RN7SKP153,0.0006569404713748583
RN7SKP75,0.0006564363404409416
VIPR1-AS1,0.0006563138142793248
RP11-139I14.2,0.0006559741562381753
RP11-52I18.1,0.0006558824555428712
SNRPD1,0.0006556413539171861
KANK1P1,0.0006553634255425176
AC008914.1,0.0006553545901374042
AC068490.2,0.0006551665286982942
LRRC66,0.0006551508700256076
LINC01545,0.0006551086325919173
SUMO2P8,0.0006550246129005167
RP11-96D1.5,0.0006548039171463731
GAGE10,0.0006546798790645554
RN7SKP145,0.0006537635063857534
RPS23P8,0.0006535082598850763
RP1-140C12.2,0.0006533842997929288
RNU7-123P,0.0006532498987496969
LIF,0.0006530300073488237
CHRNA10,0.0006527252601693744
RP11-74K11.2,0.0006521783897267243
RNU1-19P,0.0006517215898640004
RP11-333B11.1,0.0006515996959828618
HTR1D,0.0006513191335900452
RP11-20O24.4,0.0006511481106561197
FAM223A,0.0006510118373810706
AC093627.9,0.0006509283219715835
RP11-54H7.4,0.0006507971452174058
RN7SL328P,0.0006507727134982789
DRG2,0.0006505380461450989
TSC22D4,0.0006503509088999737
RRP7A,0.0006502131959983214
U7,0.0006493477299311495
PTCHD1-AS,0.0006493061177735563
RP11-725D20.1,0.0006492312371606627
LINC00454,0.0006491929263890402
MIR4515,0.0006491722050065459
CTC-260E6.6,0.0006488126724562755
TAF9BP1,0.0006486715662311574
LINC01007,0.0006485136836748586
Y_RNA,0.0006484652029974725
RP11-478C6.1,0.0006482757392308875
CTD-2547L24.3,0.0006481242280643381
TRPA1,0.0006480804418078192
CTA-253N17.1,0.0006479091843674672
EFTUD1P1,0.0006476445970210043
NPM1P29,0.0006475509624662275
EZH2,0.0006475008532198548
MIR3139,0.0006474860905504462
RP11-183C12.1,0.0006474480347074179
SLC13A1,0.0006470584063917171
CTC-459M5.2,0.0006468410441879487
RP11-133M8.3,0.0006462475173550239
IQCA1L,0.0006461472729024457
RP11-90E5.1,0.0006460755121676372
ZNF646P1,0.0006460526606852046
RNU6-711P,0.0006459968251696891
TMEM218,0.000645800414340184
RP11-126K1.6,0.0006454214897817211
SYAP1,0.000645332358730974
MTCO1P54,0.0006453250587587851
TEFM,0.0006452903188653869
AKR1B1P2,0.0006452870705877118
INAFM1,0.0006448838128718068
AC005517.3,0.0006448582636432783
HOGA1,0.0006444491122276463
CTC-484P3.3,0.0006443622414957992
COX5AP2,0.0006443043429715228
EEF1A1P3,0.0006440511261787412
ZPLD1,0.0006437752611965195
RP11-565N2.1,0.0006435686490317882
RP11-963H4.6,0.000643381817898981
PRELID1P1,0.0006431975998632308
RP11-49I11.1,0.0006431338451883676
SLC43A1,0.0006430471662103585
RP11-631M6.3,0.0006429500117609798
RPSAP75,0.0006423203368856645
CTB-118P15.3,0.0006419762510091826
Y_RNA,0.0006416355422141318
RP11-225N10.1,0.0006411541390693725
AL022476.2,0.000641081668587772
ANKRD20A18P,0.0006409270552532169
RP11-5L12.1,0.0006407045937767141
RN7SL555P,0.0006406683645387286
RP11-674I16.1,0.0006405990579458929
MTND4P3,0.0006404168503781751
RP11-574K11.31,0.000640277772361807
SNX31,0.00064023506656644
SPRR1B,0.000639806091528478
RP11-432B6.3,0.0006396284411540279
CTD-2071N1.1,0.000639577898348061
FNTAP2,0.0006395168817326904
RNU6-731P,0.0006394460282126884
CYCSP55,0.0006393721590686626
RP11-261C10.8,0.0006392525053247267
RP11-38F22.1,0.0006392263297973816
CITED2,0.000639048618581704
RP11-702F3.1,0.0006389282321387282
DUSP8P5,0.0006389195163392821
CYP4Z1,0.0006388944131401344
Y_RNA,0.000638855209813222
RP11-726G23.11,0.0006388090967048835
RP11-426J5.3,0.0006387464398147145
CDC42EP5,0.000638265547499503
RP11-305P22.9,0.0006382520225508047
ANHX,0.0006381425727005599
AC009158.1,0.0006379862004586251
OR9G1,0.0006379527464004279
LRRC47,0.0006378749083711618
RP11-665C16.9,0.0006378566068919484
CCDC110,0.0006378055577797026
CTC-575C13.3,0.0006377460585430475
RP11-410L14.2,0.0006376799133762643
HSPB3,0.0006373069887894724
LINC01268,0.0006372163284129363
GLRX2,0.0006370420466124676
RP11-76H14.2,0.0006368483751948656
OR7E89P,0.0006368452844424863
AP002530.2,0.0006367517205890049
C17orf102,0.0006361076877268629
ATP6V1G1P6,0.0006356918017091671
RP11-381K20.2,0.0006353958503503575
LINC01249,0.0006353263662837009
RP11-165D6.1,0.0006352888015151348
RP11-834C11.11,0.0006352301229746746
MTMR4,0.0006351872006450398
EEF1A1P29,0.0006350891299699023
RP5-834N19.1,0.0006347931493958782
MSANTD2,0.0006347374739533756
RP11-136C24.1,0.000634470619935553
RN7SL546P,0.0006341890379743035
POMP,0.000634111103972184
AP001092.4,0.0006339999855347205
EBLN1,0.0006331791199554756
RP11-712L6.5,0.0006331478478578159
RWDD4P1,0.0006330213006465534
PPIAP23,0.0006326208931912816
SNORA70,0.0006325610710472458
RN7SL382P,0.0006324406271903785
SNORD121A,0.000631779584508795
PGK1P2,0.0006317669754964715
VSX2,0.000631584228557383
XXbac-B476C20.13,0.0006315643227092198
EEF1A1P28,0.0006314978458504997
RP11-548K23.11,0.0006308406260934157
RP11-753B7.2,0.0006307048343354763
CTD-3088G3.4,0.000630695611990719
RP11-139K4.2,0.0006306630147372956
CTC-471J1.10,0.0006306090771659036
RNU6-407P,0.0006304466795472013
RP11-140H17.2,0.000630153778319329
RNU6-444P,0.000630049562686251
RP11-263F14.3,0.0006298979644022831
RP11-87N3.6,0.0006297885548422709
RP11-185N2.1,0.0006295591633184098
RFTN1P1,0.0006292440169764138
SCG5,0.0006291793768527238
CTD-2311M21.2,0.0006290845571700944
CTD-3073N11.5,0.0006287838280089165
CHAC2,0.0006287521682150141
RP11-794M8.1,0.0006285989792560603
RP11-530C5.2,0.0006283278049538912
RP11-467L19.14,0.0006282785522157233
AC007228.9,0.0006280362218846025
PRICKLE2-AS3,0.0006280237644428314
KRTAP16-1,0.0006277810667424516
HTR7P1,0.000627397432274048
CDC42EP3,0.000627329967305433
E2F6P4,0.000627319510620046
CTD-2561J22.1,0.0006272381373457586
RP11-31F19.1,0.0006271865993279209
PLAGL2,0.000627132923268406
Y_RNA,0.0006271032911874856
RP11-944L7.6,0.00062699589541789
KIF2B,0.0006269269912598813
HNRNPA1P6,0.0006265922293350194
IL21R-AS1,0.0006263045803850776
LGALS7B,0.0006262414889656036
R3HDM2P1,0.0006262120226442227
RP11-374A22.1,0.0006261929329423218
RP11-201O14.1,0.0006261587847977738
CYP2A7,0.0006258836190437722
CTC-444N24.13,0.0006257307818674589
MIR6765,0.0006256120718793409
RNU6-503P,0.0006255828997460745
CTD-2385L22.2,0.0006255277484108334
RPS24P17,0.0006253152119139719
RPL23AP33,0.0006253137050772756
RP11-1070N10.4,0.0006249556190627876
ZFP42,0.0006248044592758247
NPM1P37,0.0006247018644163087
Y_RNA,0.0006244809700598852
MTCYBP29,0.0006244783869356631
DDA1,0.0006244406068840509
MRPL44,0.0006241500982305268
AC159540.2,0.0006239181465336799
CALM1P2,0.000623813106049177
MIR3922,0.0006236880242306472
RP11-1141N12.1,0.0006236258407218677
RP11-435O5.5,0.0006234683887224932
ASCL4,0.0006233743836210295
AGKP1,0.0006232611975659023
RP11-491F9.5,0.0006228416863454731
RP11-18C24.8,0.0006228295278197524
OR13D2P,0.0006228285764861114
RP11-628E19.2,0.0006228284014152892
MIR151B,0.000622762938690426
LINC00397,0.0006225228867396549
HNRNPA3P13,0.0006223964331359749
CBX1P4,0.0006222807865565756
RP11-820K3.2,0.0006219434976096214
RNU6-91P,0.0006218286885869402
SPA17,0.0006217565140121353
MIR4734,0.0006214239065747038
RPL21P108,0.0006213240292002656
GSTT2B,0.0006212780985642017
ZNRD1-AS1_2,0.0006212490796468444
FLJ42393,0.0006211948820487871
CH17-270A2.2,0.0006209226790227954
MRPS17P1,0.0006204529026421492
GSTO3P,0.0006203620477180596
HUNK-AS1,0.0006201036176129042
MTCO1P40,0.0006200174780852567
CTC-400I9.1,0.00061946920900721
RP11-731K22.1,0.0006193802515947837
AC008691.1,0.0006192949164263168
RBBP4P1,0.0006192742313405633
ALG13,0.0006190067401991115
RP11-59O2.1,0.0006188405667530262
RN7SKP143,0.0006187520739762669
CACNA1C-AS3,0.0006186893082082988
RP4-800O15.2,0.0006186118243767651
CHRM4,0.0006184619226773712
APOBR,0.0006184569387410735
SNORD111,0.0006183333844139074
C19orf84,0.0006179424833666066
OR10AH1P,0.0006179400387739492
MIR1249,0.0006178661052729368
RP11-31H5.2,0.0006178605657248146
HSPD1P10,0.000617759968478259
CTD-2192J16.11,0.0006176503410386425
CCRL1P1,0.0006176042016282392
SNORD46,0.000617350519941024
PRKG1-AS1,0.0006172966196325027
RP11-224O19.4,0.0006171787937896622
DIP2A-IT1,0.0006170457117055855
EXOC5P1,0.0006169326998289508
RERG,0.0006165599663405241
RARRES3,0.0006164024405540767
AP000593.7,0.0006163019575165233
OSTCP4,0.0006159167470325195
CHL1-AS1,0.0006158127534748151
ACTBP6,0.0006155178359287281
RP11-239C9.1,0.0006154378102260044
RP11-867G2.6,0.0006154259604025607
CTC-340D7.1,0.000615276100553623
AC006538.8,0.0006152407942343344
RPL17P25,0.0006151778317039926
RPS8P4,0.0006149839109181923
MAPK6PS3,0.0006149279812163181
HNRNPA1P50,0.0006149104414296861
MYL6P2,0.0006147837747343761
GS1-124K5.12,0.0006147209019349124
DSCAM-IT1,0.0006146458586540493
ARGFXP2,0.0006145455082010167
AC083875.2,0.0006144593947936542
ACTBP8,0.0006142324626310265
RP11-323F24.4,0.0006138225257347509
IQCJ,0.0006137149014158402
RP11-402G3.5,0.0006136364302872422
RP11-216B9.6,0.0006135423494554398
RP11-212D19.4,0.0006134800158661644
RP4-734P14.4,0.0006133522569754449
RP11-439K3.1,0.000613208915239594
AC140076.1,0.0006131190194936518
RP11-365O16.3,0.0006128814962710273
CTD-2544H17.1,0.0006122297890217813
LRRC37A4P,0.000612189939521416
AC006077.4,0.0006121435888722097
FOXG1,0.0006118125101815333
RNY1,0.000611715304523584
FAM105A,0.000611511192888027
AC110299.5,0.0006114220165030183
RP11-216L13.18,0.0006113605520198419
RP11-442J21.2,0.0006112492274777063
RP13-33H18.1,0.0006112377624692628
CBWD4P,0.0006108534124709227
RP11-65L3.4,0.0006106917905677428
ESRG,0.0006104978412973686
RNU7-71P,0.0006102356854954551
PGGT1BP1,0.0006100719661431769
RAG2,0.0006099806688648171
MANSC4,0.0006099419841640848
RNA5SP295,0.0006097727738704006
DUX4L27,0.0006097567032839315
BOD1,0.0006097132873497328
DBIP1,0.0006094334238115444
KRT20,0.0006094096542876668
LRRC9,0.000609251888845952
PADI6,0.0006091870133050347
RGS17P1,0.0006089383777088928
RP11-115C21.4,0.0006086639804374937
MIR548AY,0.0006084615920236141
LCE2A,0.0006084177514836057
RNA5SP320,0.0006083704103668723
DENND5B-AS1,0.0006082002587295915
FABP3P2,0.0006077128352166076
AC008073.9,0.0006073885514525417
AC104623.2,0.0006070868958057351
PROK1,0.0006070540487952218
MOS,0.0006068116976876806
RP11-196D18.1,0.0006068069666337563
RP11-684B2.3,0.0006067533245711781
COX7B,0.0006067422091296603
RNU7-200P,0.0006066587216535476
SULT1A4,0.0006066276596716901
RP11-76P2.4,0.000606484419581336
SLC1A4,0.000606437948115648
IGLVI-42,0.0006062724608485641
EGLN3-AS1,0.0006056312216446484
FAM90A26,0.00060556467633517
LRGUK,0.0006052538635737599
SNORD19B,0.0006052440162460867
MIR6746,0.0006049669400657962
ARPC3P5,0.000604926204909744
RP11-176H8.1,0.0006045889047333572
RP4-784A16.5,0.000604534890475054
RP13-88F20.1,0.0006044633042351405
YWHAZP4,0.0006041763123571903
GS1-18A18.2,0.0006040852259958954
BLOC1S3,0.0006038052299940094
AC000123.4,0.0006031705370696637
AC009134.1,0.000603094479844082
RPL15P18,0.0006028191170974373
RPS12P18,0.0006028177721071275
RP11-144F15.1,0.0006027957841164575
NOXRED1,0.0006025315199943104
HNRNPA1P11,0.0006024557156662053
AC010878.3,0.0006017785245642566
RPS4XP11,0.0006017690558726093
MIR5003,0.0006016298483196329
SKOR1,0.0006016022274348534
RP11-475E11.2,0.0006015954170935729
MIR4480,0.0006013874462437617
UBQLN4P1,0.000601386819213877
TTLL11-IT1,0.0006012045910239609
RP11-309M23.1,0.0006010161485594669
OR7G2,0.0006009446937172599
RP11-27I1.4,0.0006008405991881954
RP11-22B10.3,0.0006003364647180832
YEATS2-AS1,0.0006001925947943844
AC096664.1,0.0005999964045738951
RNU7-127P,0.0005999810699905721
RP11-292F9.1,0.0005999800823984387
SLC2A10,0.0005999355197899984
RP11-482L11.1,0.0005999077993896837
EFCAB10,0.0005999037452720971
RP11-216L13.17,0.0005993024159562674
RP11-403D15.1,0.0005990342680926848
AC004840.8,0.000598960415137615
RP5-1021I20.7,0.0005989467665820738
KCNB2,0.0005989391003847536
RP11-227D13.2,0.0005988791973865143
SCT,0.0005986616130941619
KIZ-AS1,0.0005985828539427037
LINC00533,0.000598579617463537
LINC00298,0.0005985137009216045
AL356585.1,0.0005981843960478709
RP11-54C4.2,0.0005973268159299628
RP11-100N20.1,0.000597318286947351
IFNWP4,0.0005972479681461062
LINC00605,0.0005972324351256481
RP11-882I15.1,0.0005972185152123279
LINC00958,0.0005971672290588673
MTCO1P24,0.0005970794117519309
RNA5SP242,0.0005964048867069294
AC063976.2,0.0005960147004389774
RPL23AP96,0.0005959857418843957
RP11-153K11.3,0.0005959703252124293
RP11-20E24.1,0.0005959315509300974
RNA5SP243,0.0005956574933445212
RP1-257I20.14,0.0005955837614736178
CTB-164L20.1,0.0005953665677906715
RP11-452K12.7,0.000595301104858466
ATP6V1E1P1,0.0005950032358536377
RP11-297L17.6,0.0005949810980666681
SNORA3,0.0005949626780898849
AC073063.10,0.0005948125053040171
RPL10P12,0.0005947342834978375
RP11-219J21.1,0.0005947107622105415
LARS2-AS1,0.0005946858543598307
CDK2AP2P2,0.0005945122613093546
TCEAL3-AS1,0.0005944641232917353
RP1-273G13.1,0.0005943586076028529
SNORD115-11,0.0005941720968481982
LINC00400,0.0005940025840324761
RBM14,0.0005939110138759719
ATP5LP2,0.0005938973199816968
RP11-64C1.1,0.000593870569632353
MCHR1,0.0005938453892386052
SNORA46,0.0005937341140655059
AC073257.1,0.0005936510738605878
RP11-362K2.2,0.0005935579406971642
RP11-138B4.1,0.0005935341275337156
AC004837.5,0.0005935226190022707
Y_RNA,0.0005932685245747425
CH507-254M2.5,0.0005932550519792461
RP11-421N8.2,0.0005932102098839365
RP11-655M14.13,0.0005930060918590498
RP11-1C1.4,0.0005926985374271727
RP11-21M24.3,0.0005924210417622382
RP11-321E2.3,0.000592398166897511
PRR23C,0.0005923600523798687
RP11-124G5.3,0.0005922948751520893
SPESP1,0.0005920586751395647
HOXB-AS2,0.0005920112169157006
TMEM14DP,0.0005917947820567856
RP11-4B14.3,0.0005916982837858186
MAGOHB,0.0005914121155883887
CTA-390C10.9,0.0005911190999973932
AC003989.3,0.0005911096325580978
EEF1A1P24,0.0005910454969317566
TRIM63,0.0005910317437936276
PLCG1-AS1,0.0005910026487451223
GAPDHP69,0.0005909897470851385
GUSBP6,0.0005909622083871468
CELSR2,0.0005909080297415687
RP11-566K19.8,0.0005908305359547362
KRT18P50,0.0005908076751594219
AC104651.2,0.0005905998068321946
NKIRAS1,0.0005904397930707477
RP11-218L14.4,0.0005902158736617473
PRSS56,0.0005901050039484309
RNU6-1068P,0.0005893497673479758
SLC10A4,0.0005889683837816368
KIF9-AS1,0.000588578813629056
IFNA2,0.0005882630190743018
RPL31P52,0.0005882526094254324
RP4-781K5.9,0.0005882315685487578
ACTG1P15,0.0005881949832082184
RP1-274L7.4,0.0005881311026447372
RNU4ATAC18P,0.0005880183611176418
RP11-282M24.1,0.0005880073265276322
RP11-411B10.5,0.0005879305767419611
C7orf61,0.0005871787593454348
ARL5AP3,0.0005871482117664605
LINC01231,0.0005871077493764887
MTND2P31,0.0005870837214462085
DPEP1,0.0005868179736070948
RP11-473O4.4,0.0005865626362722883
Y_RNA,0.0005863218161020902
RP11-129K12.1,0.0005860127563158274
CTC-527H23.1,0.0005859732242373435
MIR548AA1,0.0005858192975312975
RN7SL110P,0.0005857892716767923
ANKRD33B-AS1,0.000585362186566612
C1orf143,0.0005853110961543694
AC004945.1,0.0005852972733671791
RPL34P31,0.0005852809413377964
RPS4XP10,0.0005850420573364513
RP11-651P23.2,0.0005848745324988559
CTC-479C5.6,0.0005848340268357819
PF4V1,0.0005846924469471946
RNU6-780P,0.0005845247477136363
RP11-161D15.3,0.0005843782980386686
CH17-260O16.1,0.0005843682785156724
KCNK4-TEX40,0.0005842006576471004
SNORD39,0.0005840646909257478
ST7-AS1,0.0005838333166581749
CTD-2215E18.3,0.0005836561201711553
RNU6-43P,0.0005835175547002012
AC005235.1,0.0005834852135963928
RP11-173P15.7,0.0005834297071402698
EFCAB9,0.0005831337813104675
RP11-109G23.1,0.0005829853692125107
RP11-630C16.2,0.0005829131665484749
AC009303.1,0.0005828248667120203
RBP2,0.0005827960679895195
ADIPOR2,0.0005826919158431722
AC078899.1,0.0005826831542449497
RP11-1148L6.8,0.0005825251645223982
SPCS2P1,0.0005819684857353902
OR7E87P,0.0005819489524829221
CHRAC1,0.0005817532387422637
RP5-952N6.1,0.0005814828909998874
RPSAP29,0.0005811796415772182
RP11-763B22.6,0.0005809897907800474
Metazoa_SRP,0.0005809532563699699
CTD-2146O16.1,0.0005806464072778468
OR10V2P,0.0005794972111100291
AC008074.1,0.0005794622415873929
FICD,0.000579329356199135
IGHV1OR15-2,0.000579063612035465
RP11-370I10.10,0.0005789270415249224
RP11-403D15.2,0.000578894452968153
RNU6-143P,0.0005787028237639555
RP11-737F9.2,0.0005785927940253786
LRRC37A9P,0.0005785486667098898
RP11-91A18.4,0.0005785250515729336
MTND2P21,0.000578278590568765
SUB1P3,0.0005782583630048201
RP11-87C7.3,0.0005780892459793064
RP13-270P17.1,0.0005780336185193471
AC073052.1,0.0005780082104759264
C15orf38-AP3S2,0.0005779550407164051
RP11-567P19.1,0.0005774638798506963
PPP1R10,0.000577323447550918
RP11-53B2.2,0.0005772911338812216
RP3-391O22.3,0.0005771577301432802
CRYBA4,0.0005769157268152255
EEF1A1P19,0.0005769127810192953
RP11-58G13.1,0.0005768277596185461
RP1-73A14.2,0.0005766163196241587
AF196972.4,0.0005765978591525549
HSPE1-MOB4,0.0005765480852624578
MIR644A,0.0005765414454630554
RP11-343H5.4,0.0005763090448083118
CTD-2373H9.3,0.0005761334686139786
RP11-162G10.5,0.0005758776831820078
HSPA8P9,0.000575655104800671
RP11-701H16.4,0.0005756538329375739
RNU5E-8P,0.00057538340041951
PIGH,0.0005752465118399577
GPR37L1,0.0005751969462698889
RPL12P14,0.0005751902857115402
RP11-401G5.1,0.0005751249164557778
RP4-680D5.2,0.0005750262575566554
ETV5-AS1,0.0005749936036494135
SEPT14,0.0005748863273263346
AC012506.4,0.0005748506176987413
RP11-720L2.2,0.0005747542908343026
CTD-2349P21.11,0.0005741957984613781
RPS4XP4,0.0005741288748562988
AC092839.3,0.0005740349598513027
OR52N2,0.0005737983869897015
ANKRD44-IT1,0.0005737918831954899
CBX1P1,0.0005732995966624182
AP000235.3,0.00057325280339974
SUPT16HP1,0.0005730696605897362
IGFBP1,0.0005730427531258338
LRFN1,0.0005728703378655756
DRC1,0.0005727629252263765
RP11-44N11.1,0.0005725067896368025
ARMC1,0.0005724838871463067
MTCYBP22,0.0005724678936583351
RP11-397D21.1,0.0005721379363245984
GXYLT1P3,0.0005720484113523418
MIR184,0.0005720223595165912
GOLGA6L17P,0.0005718853679221787
MIR3162,0.0005715229523464793
RP11-351M8.1,0.0005714394562695386
C11orf42,0.0005709676389356799
EIF3J-AS1,0.0005706626525638303
FTH1P8,0.00057029142625546
RNVU1-7,0.0005701966249120843
GAPDHP23,0.0005699091722848528
RP11-488L18.4,0.0005698970151839423
POMGNT2,0.000569578327030908
RP11-286N22.14,0.0005695479077960428
RP11-151E14.1,0.0005693822061987714
GAPDHP65,0.000569062575892083
SLN,0.0005687076150746801
RP11-641C17.4,0.0005686935412910236
HSPA1L,0.0005686651505786034
LINC00635,0.0005686648101074469
RP4-565E6.1,0.0005683923100925203
SRGAP3-AS1,0.0005683757410481864
RP11-22L13.1,0.0005683624395701537
AC108059.2,0.0005683023204058902
COX4I1P1,0.0005683012015439124
NUCKS1P1,0.0005681591427028644
RP11-24J19.1,0.0005681297908081043
RP11-258B16.1,0.0005680589689216292
Metazoa_SRP,0.0005680252120140627
RP11-20I20.4,0.0005677155777043591
RP11-354P11.3,0.0005677063211025405
RP11-338O1.2,0.000567632677649581
NCK1-AS1,0.0005675709912118212
RPL19P16,0.0005673829252283808
RP11-685M7.5,0.0005672458889682169
RP11-991C1.1,0.0005670277607560224
AKAP8P1,0.0005669906584739222
HMGB3P7,0.0005669190413020112
AC105760.3,0.0005668661623986364
FAM185BP,0.0005667377072815144
VBP1,0.0005666657043607856
SNORA8,0.0005665927222634348
C8orf31,0.0005665335541549891
RP11-955H22.3,0.0005661057514456993
NACA2,0.0005658109758366465
CARS-AS1,0.000565735470197984
KHDC1P1,0.0005657213016156027
NOA1,0.000565636133139084
RNU6-126P,0.0005655506859359299
CLIC1P1,0.0005655496534376213
PIGBOS1,0.0005655489514014585
RP11-497H16.9,0.0005650690383985909
SPANXC,0.0005646372468528028
IFNA11P,0.000564499117848347
ZNF69,0.0005644766516698718
SOCS5P4,0.0005643159262419874
RP11-368N21.5,0.0005642611585666812
RP11-800A3.4,0.0005639007531632921
AC063976.1,0.0005635754878025801
RP11-791G16.5,0.0005635650803034575
RP11-317N8.5,0.0005635132179791268
FMN1,0.0005634011561805546
MFSD1P1,0.0005632084113223237
RP11-5C23.2,0.0005631745793832317
RP11-237P21.1,0.0005631587757928565
RP11-315I14.2,0.0005630268628920125
PPP1R11P1,0.0005629972551700266
LSM3P4,0.0005629703680560954
MYO16-AS1,0.000562943864828806
AC098820.2,0.0005625995336503211
RP11-114F3.2,0.0005622932691251381
MIR3135A,0.0005622460463748774
RN7SL559P,0.0005621609687446119
FAM138B,0.0005620779354313479
GCNT1P3,0.0005617231319459692
ANP32BP1,0.0005616962865794508
AC007041.2,0.0005614539508641906
RP11-268P4.4,0.0005612802594999303
PCNX3,0.0005610641997511582
RP5-1021I20.6,0.0005609987420158991
AC073254.1,0.0005608135545706498
RPS29,0.0005608020522001896
POM121L9P,0.0005607799918971472
PPP1R17,0.0005606231442101281
RP11-395E19.2,0.0005604564442245082
STX8P1,0.0005604296579753262
DNAJB11,0.0005603183192059413
RPL17P43,0.0005602770042590985
KIAA1549,0.0005602582130552747
TAAR3,0.0005601543883516339
AC009518.3,0.0005600939889328001
AC011754.1,0.0005598488566336008
RP11-959F10.6,0.0005597744619478425
RPL21P11,0.0005596830195363462
PGAM4,0.0005594364061357011
C16orf95,0.0005593907771775937
SLC25A1P5,0.000558908587211483
LINC00500,0.0005588855484500577
FBXO40,0.0005588038662882819
NIP7P3,0.0005587829022629632
RP11-768G7.2,0.0005587103569545353
SNORA26,0.0005583380686707685
RP11-212D3.2,0.0005582267760965818
RP13-476E20.1,0.0005581401977219054
GPR89P,0.000558074912513426
RBMS3-AS1,0.0005578967750454889
CTAGE3P,0.0005578610077529545
RP11-39E3.5,0.000557493868325246
AC096669.3,0.000557326980487187
AC008074.5,0.0005572427446300289
RP3-510O8.4,0.0005572304519243769
CNN2P4,0.0005572019749287016
RN7SL434P,0.0005571760859893582
CTD-2619J13.9,0.000556795093681201
LINC00299,0.0005564013622572888
RP11-20I23.1,0.0005562853579717186
RP6-91H8.5,0.0005558569960962137
AC005487.2,0.0005558042470203311
RP11-732M18.4,0.0005556919146806833
FNDC9,0.0005553403271576446
CASC18,0.000554999607286187
HNRNPA3P5,0.0005549406157575901
CSN1S2AP,0.0005546829812769078
AP000692.9,0.0005545547702004543
RP11-867G23.2,0.0005544649075038012
RPL17P26,0.0005543992597759678
GNAI2P1,0.0005543554059539896
KRT90P,0.0005543420142788156
AKIRIN1P2,0.000554287845978134
NAP1L1P1,0.0005542739683115119
ZNF335,0.0005542489383362488
ASB5,0.0005541684214343245
RP11-263E1.1,0.0005540866222910226
RP11-103C3.1,0.0005540127413890702
RPSAP68,0.0005540016609429504
LRRTM2,0.0005538642755052735
MIR3115,0.0005536143372992768
CTC-523E23.3,0.0005534907655751148
RP11-428P16.2,0.0005534782604028447
ALG1L10P,0.0005533705922981958
ST8SIA6-AS1,0.0005530890229066737
RPL5P6,0.000553044696398461
PLA2G12AP1,0.0005529637395303448
RPL21P40,0.0005528883420946146
ASS1P11,0.0005527515704602421
RN7SL353P,0.0005526780309638939
ZNF324B,0.0005526004836347388
RNU7-49P,0.0005525121790233425
snoU13,0.0005522807566104063
HSFX1,0.0005522588811768461
AL589743.1,0.0005518868214521373
FGF7P1,0.0005516219667059111
RP11-339B21.13,0.0005512399413938128
RP1-266L20.9,0.0005512163396194088
HNRNPCP8,0.00055049129818568
CTD-2568P8.1,0.000550301859677473
Metazoa_SRP,0.0005502434556752324
PGAM1P10,0.0005501073646744279
LINC00934,0.0005499517413819801
RNU6-853P,0.0005499078452501798
RP11-62C3.10,0.0005497685565513177
NEURL1B,0.0005495619891352088
RP1-283K11.3,0.0005493860245299472
C7orf73,0.0005484276504342608
FRS2,0.0005481702358687683
AC128709.4,0.0005481150309388256
UQCRHL,0.0005481086139634276
RNU6-9,0.0005479747875494707
SNORA75,0.0005478003157444477
RAB28P5,0.000547700870650468
RP11-280G9.1,0.0005476755353879296
MRPS31P2,0.0005473050174530942
AC007386.2,0.0005462485282279004
RP1-111D6.4,0.000545730387017802
GUSBP5,0.0005455526242602954
EID2B,0.0005453749747156672
RP11-127I20.7,0.0005453237326859683
CTD-3088G3.8,0.0005451638017918689
AC002056.3,0.0005450061307058446
RP11-883G14.2,0.000544955070114196
RP11-363E7.4,0.0005448604780269723
C7orf62,0.0005445731130425455
LINC01343,0.0005444765548515501
IL22,0.0005443429211542974
RP11-793H13.10,0.0005443102389052325
IGLVI-38,0.0005442470069625327
LINC01141,0.0005442195301453949
RPS29P19,0.0005441106599126044
ATP1A1-AS1,0.0005439913047391398
RBM48P1,0.0005439388525938966
Y_RNA,0.0005438299131748324
PTGER4P2,0.0005437952527954401
RPSAP24,0.0005436513880493626
RP11-761N21.2,0.0005435834364695762
LINC01550,0.0005425996913842756
IPO13,0.0005425949294193396
HNRNPA1P39,0.0005424010152147026
CDC42P6,0.000542296637800837
RP11-611O2.6,0.0005421390655061133
WDR53,0.0005418479478892031
WFDC6,0.000541727443153257
RP11-466F5.3,0.0005415967729481841
RP11-211G23.2,0.0005415782745804401
EIF1AXP1,0.0005412454971273135
MTND2P6,0.0005412111567686488
CTB-35F21.1,0.0005410643163809324
RNU6-1121P,0.0005409133590002077
SMAD1-AS1,0.0005406796428435945
DRAXIN,0.0005401514175745082
KRTDAP,0.0005401196863047429
SOCS7,0.0005399892415201469
MLLT1,0.0005397235399428988
EIF1P6,0.0005396864025064391
RP11-375N15.1,0.0005394069333949902
VDAC1,0.0005392189502801424
AP000344.4,0.000539135260302814
CYP4X1,0.0005391144662558528
SRY,0.0005389929116127769
PHBP1,0.0005389066463920108
ACTG1P14,0.0005388694316330337
RP3-400B16.4,0.0005386844264404084
AC079117.1,0.0005386532391089713
TMA16P1,0.0005385442285167529
LINC00457,0.0005384920926469365
RNU6-653P,0.0005384019238130301
ZSWIM4,0.0005383026660315099
DUTP2,0.00053827657633096
RN7SL418P,0.0005382129568060697
IGHV3-50,0.0005380012348605498
EIF4A3P1,0.0005379843895736921
ZNF681,0.0005375968040827448
MIR4635,0.0005372667011156908
RP11-468H14.1,0.0005372179501147979
RP11-556H2.2,0.0005370979839341261
FDX1,0.0005370671828025101
RNU6-550P,0.0005369198024378004
MIP,0.0005369186394958062
RAB41,0.0005367671329510053
RNU4-89P,0.0005366864322231036
RP11-108K3.5,0.0005366685895346158
RP5-1121H13.3,0.0005366282923259059
RP1-223B1.1,0.0005365867573379346
RNF219-AS1,0.0005363793261100847
RPL5P35,0.0005363719508020373
RP11-494I9.2,0.0005362851257341758
CTC-467M3.1,0.0005362425499818881
KRT18P31,0.000536201911125607
CTA-276F8.2,0.000536183190228592
CTD-3137H5.1,0.0005360982886166842
RNA5SP357,0.000536096164781727
RP11-441F2.4,0.0005359956027740023
UAP1L1,0.0005357321324154712
RN7SL660P,0.0005356316338592582
MIR3919,0.0005355329482336852
DISC1-IT1,0.0005354548959320684
RP11-468I15.1,0.0005353723190196041
WDR49,0.0005353712277886458
KARSP3,0.0005353510268459027
AC004901.1,0.0005350327425501039
NPM1P5,0.0005343434289650674
RP11-174O3.1,0.0005343280205953559
Y_RNA,0.0005343187852476267
SRP72P2,0.0005339368326476929
RNA5SP482,0.0005337534090784991
TIGD7,0.0005337498058040397
RPS18P6,0.0005336629327437549
EFCAB14-AS1,0.0005336335396993736
RP11-91J19.2,0.0005336028043975635
SNORD19,0.0005333727618411294
PIP,0.0005330117403956461
RP11-120J4.1,0.0005328647116826214
OR9I1,0.0005327402085206721
SNORD127,0.0005322267276186562
RP11-348M17.2,0.0005319272430331229
TMEM9B-AS1,0.000531665258744949
RP4-806M20.5,0.0005314322428101423
MCRIP2P1,0.0005312439172579171
JAZF1-AS1,0.0005311540057480782
RNU6-701P,0.0005310652604556031
RP11-346C20.3,0.0005310116691045962
RP11-332H18.3,0.0005309972130129053
RP11-552O4.2,0.0005308608174671601
RP11-332K15.1,0.0005307253580421926
AL591893.1,0.0005306231480794996
AC139143.2,0.0005304433509124122
HMGN2,0.0005302446317108951
RP11-73B8.2,0.0005302311411736098
RP11-437J2.3,0.0005301318144999325
RP11-567C20.2,0.0005296307326096274
RNU6-680P,0.0005295293622001147
GAPDHP40,0.0005294435997765818
SPRR2F,0.0005293295493337622
RP11-274A11.4,0.0005293265614184165
NDUFB4P2,0.0005292301302842648
OR9I2P,0.000529103813483123
RPS4XP16,0.0005290831137475972
MAPK6PS4,0.0005289461519441692
RBPMS2P1,0.0005287941746926636
RP11-353M9.1,0.0005286823571807485
PRELID1,0.0005285212663547264
GAS2L1P2,0.0005284056551898285
CTD-2336H13.1,0.0005283312841208158
PRDX3,0.0005283162320730876
CTSLP4,0.0005282610377954327
YWHAZP6,0.0005281256279212426
RP11-399H11.2,0.0005281155072300821
RNU6ATAC17P,0.0005280953780711448
RP11-794P6.1,0.0005275139024796964
AC010468.2,0.0005274511288448137
XRCC6P5,0.000527412730261528
RP11-687F6.4,0.0005273920247660142
AL133243.4,0.0005273560878827765
MTCO1P15,0.0005272095632511375
FAM53B-AS1,0.000527163550739509
RP11-9D8.1,0.0005266944583446002
SMG1P7,0.0005266234764965472
NUTM2HP,0.0005265778297471122
FAR2P4,0.0005265711071025532
DLEU1-AS1,0.0005262805045038897
ZNF783,0.0005262582785111962
C1QTNF4,0.000526203206583698
CYCSP38,0.0005259052157122581
A1BG-AS1,0.0005258249736492135
RP11-365H23.1,0.0005258203952458139
TMEM70,0.0005255306486722899
PARS2,0.0005254621790563045
RP11-247I13.6,0.0005251757469641463
CASK-AS1,0.0005250834339469045
MIR6865,0.0005247926461408583
Y_RNA,0.000524741044771582
AC017035.2,0.0005245316090891927
RPS26P52,0.000524505894650974
RP3-523E19.2,0.000524487624590836
RP11-90D4.3,0.0005242314666200124
LINC01596,0.0005241809451053494
CTC-563A5.4,0.0005241266787068646
RP11-218D6.4,0.0005238940033694381
AP006222.2,0.0005238616440692719
RPS26P55,0.0005238555111026331
RP11-421F16.3,0.000523805378044716
ENOX1-AS2,0.0005234555337243508
RP4-799D16.1,0.0005233295172280243
RP11-167P20.1,0.0005231884864630268
AC009414.1,0.0005231672593252793
LINC01014,0.0005228984836404935
UPK3BL,0.0005223284639196567
RN7SL402P,0.0005220917861852196
RP11-728K20.1,0.0005219265681277173
Y_RNA,0.0005218762301901061
OLFM2,0.0005215570732046692
KRTAP9-6,0.0005214953047670849
RNA5-8SP6,0.0005214914827706218
SAMD15,0.0005213684610220987
PCDHGB6,0.0005211297549767122
RP11-25B7.1,0.0005210698764908134
Y_RNA,0.0005203584813726701
MPRIP-AS1,0.0005202552179197546
RSU1P1,0.0005201830129733609
TAS2R39,0.0005199081724892478
RNU6-318P,0.0005196567394966965
RP3-406P24.3,0.0005194433153746906
CELP,0.0005193761852324435
SAMM50P1,0.0005193212330204634
RP1-253B10.1,0.0005192521009777972
RNU7-19P,0.0005191348257007734
UBE2CP4,0.0005190376572854502
Metazoa_SRP,0.0005190075474951598
RPA4,0.0005189520128869506
RP13-631K18.2,0.0005188772571212449
RTP1,0.0005187703013245389
POTEJ,0.000518649292442768
EN2,0.0005183115914499343
IGKV1D-33,0.0005182795998961564
ANKRD20A3,0.000518252243620994
PHBP21,0.0005182416331382051
RNU6-702P,0.0005180694167922143
RP11-214F16.8,0.0005179720312908746
RNA5SP311,0.0005178712028712501
RLIMP1,0.0005175998874067311
AC079776.4,0.0005173716586871264
RP11-346C16.4,0.0005173240755467147
RP11-436H11.1,0.0005172539408718989
ARHGAP5-AS1,0.0005172527295197958
CR848007.2,0.0005171106389202295
TBC1D28,0.0005170823458051646
TMEM216,0.0005168926315506952
RP11-665C16.8,0.0005166158588003292
RNU6-858P,0.000516403577095723
RP1-28C20.1,0.0005163898536535964
RP11-484D2.4,0.0005163640971489916
CBLN3,0.0005161889911178253
TVP23CP1,0.0005160902446504159
PIGZ,0.000515882197860142
RP11-756K15.2,0.0005154634873001687
CRH,0.0005148351067231144
KCNMA1-AS2,0.0005145837977427769
COX6A2,0.0005145273940705095
RP11-102M11.1,0.0005145243379219831
RP11-813P10.1,0.0005142950549994131
AC005237.2,0.0005140188677129758
AC069213.4,0.0005139698910085134
NR1H5P,0.000513734495147196
RP11-173A6.2,0.0005134886563371486
RP5-963E22.5,0.0005133280640025789
ASS1P2,0.0005133015231990314
SUGT1P2,0.000513283077453137
RP11-313F23.4,0.0005132539637205228
ATG12P2,0.0005132347559571678
CTD-2235C13.2,0.0005132208646928521
HNRNPA1P52,0.0005127870196928602
RP11-317O24.1,0.0005127851167005977
RPS3AP26,0.0005125767597280847
TSSC1-IT1,0.0005120640461152036
RP11-133N21.12,0.0005119706864919816
MYF6,0.0005119157390019029
LINC00305,0.0005118336031326449
AC016549.1,0.0005116361581152753
RP11-195E2.1,0.0005114259750497573
Metazoa_SRP,0.00051134577385645
RP11-621K7.1,0.0005113280560285401
RP11-170L3.4,0.000511294314948453
RP11-319G9.4,0.0005112764724417493
MIR8069-2,0.0005111419526551181
MIR4427,0.0005111147793990008
RP11-143H17.1,0.0005110461224321032
RP11-1113L8.2,0.0005108174437375629
RP11-307L3.2,0.0005108004326674213
CT62,0.0005107337148062296
RP11-13N13.6,0.0005105926587271412
RNU6-1055P,0.0005100900644006086
AC008277.1,0.0005097739525808799
GOT2P1,0.0005097446955559662
IFITM9P,0.0005096639882788557
B4GALT4-AS1,0.0005093742235553881
RP11-1127D7.1,0.0005092841917281793
CTC-559E9.1,0.0005092422065854069
POLR2D,0.0005092358080152082
DDOST,0.0005090761515051493
RP11-244N9.6,0.0005085199906194389
RPL31P63,0.0005085031714802263
AC073626.2,0.0005083792083538825
RP11-804H8.5,0.0005082967038781399
TMLHE-AS1,0.0005081201929425573
RP11-418H16.1,0.000507771295943452
SPRR2A,0.0005077211330379763
RP11-73E17.2,0.0005076516189812708
CTC-523E23.5,0.00050738038869645
RP11-10C8.2,0.0005071053101963248
CIAO1,0.0005069612679095396
GALR1,0.0005058018363394591
MIR3679,0.0005057589619498525
RPSAP19,0.0005057096861691841
RP11-359H18.2,0.0005055388600835632
RPL26P35,0.0005055315056608982
MTCO2P12,0.0005050843271482098
GPR88,0.0005050085299171751
ACCSL,0.0005042420372876501
RNU6-267P,0.0005041700700701073
MTCYBP4,0.0005040322905281011
HSPA8P7,0.0005038374797342632
EIF4A1P9,0.0005037532115682213
CHCHD2P3,0.0005036716892717484
HNRNPA0,0.0005031662884552905
MIR4766,0.0005028564070413182
RP11-167B3.2,0.0005027052572872054
HOXB4,0.0005025496108425205
LINC00901,0.0005025108188553751
RP11-419J16.1,0.0005023716369026062
AP000640.10,0.0005023244095214806
RP13-565O16.2,0.0005021518376950589
RP4-569D19.8,0.0005020431875713042
RP11-133N21.7,0.000501996142447383
RP11-420J11.1,0.0005018834641281969
AC006466.5,0.0005016171010638838
RP11-10L7.1,0.0005013378191627103
SPDYE22P,0.0005011195013939529
RP11-488C13.1,0.000500821463235598
RP11-123O22.1,0.00050075431890597
RP5-1065J22.2,0.0005007126335989242
RPL3P3,0.0005005962514798074
RP11-337A23.5,0.0005004743103949361
AC105402.2,0.0005003798902728077
RP11-550A5.2,0.0005000839197704248
RP11-359H3.4,0.0005000308932067731
SPDYE20P,0.0004994600169489398
MTAPP1,0.0004994091395180742
FZD2,0.000499353269779317
TGM6,0.0004991681483157263
RP5-930J4.5,0.0004991403780795897
RP11-102D18.1,0.000499048254634967
RP11-29P20.1,0.0004989014857122461
CALM2P3,0.0004986594102934775
TRIM52-AS1,0.0004986215112256575
ZFYVE9P1,0.0004985392448954592
PDE3A,0.0004985281948398897
RCBTB2P1,0.0004983303554649271
RP11-84O12.2,0.000498266345912823
XRCC6P2,0.0004980568757922149
RP11-211N8.2,0.0004980463883685063
DUTP6,0.0004980238599760541
RP11-1084J3.1,0.0004980032598403499
RP11-474P2.4,0.0004978724663274945
RN7SL706P,0.0004978661079899769
RP11-255B23.1,0.0004978061524750067
RP11-573D15.3,0.0004978008476420518
NMUR2,0.0004974221327226216
RP11-303E16.5,0.0004969752179558632
RNU6-237P,0.0004969439631682849
RP11-555K12.1,0.000496762951732517
CTD-3074O7.7,0.0004964727152727602
UPK1A,0.000495810593674504
AC009120.5,0.0004956635396132546
TPPP3,0.0004956349200867985
IGHD7-27,0.0004955750126064538
RNU6-1165P,0.0004955477761542827
RND2,0.0004955316859849703
HNRNPA3P10,0.0004955129214394701
AC093901.1,0.0004954797753890915
MRGPRD,0.0004954327800266205
RP11-513D5.2,0.0004951456562207622
CTC-338M12.9,0.0004951349867625311
RP11-96D1.9,0.0004950140157138192
RP11-481K9.4,0.0004949652111434324
RP5-921G16.2,0.0004945789098922278
RP11-210K20.6,0.0004945268890777598
YWHAZP2,0.0004944651007194312
RP11-269M20.3,0.0004944394677185284
RP11-514F3.5,0.0004939360522074754
RP11-178L8.5,0.0004938829563495891
RP5-951N9.1,0.0004938134118129821
RP11-193M21.1,0.0004936761612985136
SNORD38,0.000493574772598044
NXT1P1,0.0004933296443623277
RP11-499O7.4,0.0004932159566520376
RP5-849L7.1,0.0004928360099107174
RP11-53B2.5,0.0004927761720867317
LRRTM3,0.0004925670181966811
ADGRL3-AS1,0.0004923774825157924
PNPO,0.0004921590610335373
UBXN7-AS1,0.0004920415897294731
IGHV3-33-2,0.000491960470174079
AC010982.2,0.0004914410550025438
EIF2S2P4,0.0004913728983136355
HNRNPA1P4,0.0004912054317210196
RP4-705D16.3,0.0004910548213073659
RP1-308E4.1,0.0004907256838124505
RNU6-1280P,0.0004906645886536122
RP11-300D11.3,0.0004906265364362759
RP6-24A23.6,0.0004906212388048253
LINC01451,0.0004904415098916928
RP11-1057B6.1,0.0004903404121692602
pRNA,0.0004903109842811595
UBE2D3P3,0.000490210210740227
CTC-360P9.4,0.0004899985938871516
BRI3,0.0004899616194122918
ACTG1P11,0.0004896048997101257
AC073464.4,0.0004894109142798405
HAPLN4,0.0004890432357152993
RP11-345K9.3,0.0004890194679100271
AC093732.1,0.0004888669951872197
GABARAPL2,0.0004888000931595301
RPL17P49,0.0004887811679175606
RP4-601P9.2,0.0004885409302180212
COQ10BP2,0.00048804834303278446
RPL31P3,0.00048791304356038054
B4GAT1,0.00048783056735733025
RP1-140K8.5,0.0004877345175799525
ZNF630,0.0004876359512181732
RP11-290L1.3,0.00048760010950573904
RP11-523L20.1,0.00048758905985748884
HSPE1P11,0.00048747510436220455
RP11-435F17.1,0.00048736268037439856
RNU1-59P,0.0004873450379664825
RPL36AP45,0.0004866865007338681
AC074286.1,0.00048663391711810725
RP11-82L7.4,0.00048658920284266557
RP11-297J22.1,0.00048650516494150656
CH17-262O2.2,0.0004863694383879002
RP11-392O18.2,0.00048621195273385016
Y_RNA,0.00048590339079025463
AP005273.1,0.00048575235033499907
TUBAP4,0.000485750649145376
CH507-513H4.6,0.0004856937429273284
PHKA1P1,0.00048553271652005233
CTD-2017C7.1,0.0004853214222839191
YBX1P5,0.00048530652994275474
IL5,0.00048502782099789756
AC073869.2,0.00048467350321555926
CTD-2083E4.5,0.00048451719362705635
GMCL1,0.0004845124261955989
CHML,0.00048435924930068813
GPR45,0.0004842321191855988
RP11-105N14.2,0.00048393815914393463
CH507-152C13.3,0.0004839090749008047
LINC01044,0.0004835741507273553
ZC3H10,0.00048334606388875415
SCGB1D4,0.00048334446644835203
HEXA,0.0004831195318116309
CTD-2530H12.1,0.00048310103858428534
CTBP2P6,0.0004830908195925739
RP11-16C1.2,0.00048291511595705976
RP11-446H18.6,0.0004828965451430176
RP13-507P19.1,0.0004828066293218415
UBE2Q2P1,0.00048265542354481166
C17orf74,0.0004826459227545999
RP11-241J12.1,0.0004825879971008988
Y_RNA,0.00048243640546282693
AC034228.3,0.0004820447936891908
RP4-714D9.4,0.0004819138862018753
CTTNBP2,0.00048163338153133634
RP11-362K14.5,0.00048151832145832476
HNRNPA3P9,0.00048147017548620116
RN7SKP243,0.00048138243533286446
RP11-572M11.3,0.00048113382202031983
RP11-479I16.2,0.00048094278232246537
RP11-567G24.1,0.00048071224736252836
SNORD115-38,0.0004806178679338379
FRRS1L,0.0004802992212910561
CTD-3118D7.1,0.0004802081572033474
RP11-131H24.5,0.0004801807987059365
CTC-459F4.5,0.0004801613659300466
IFITM5,0.00048014473502872376
FAM3D,0.0004801425721673116
SUMO2P1,0.0004801008551216935
AC004543.2,0.00048000313701054007
IGKV2D-23,0.0004799978942634118
TBC1D17,0.00047998208292777353
HOXC13,0.00047991535233096315
RP11-328P23.2,0.00047983828359563353
LINC00368,0.00047981640769340143
CARD18,0.00047979323604204475
SATB2-AS1,0.0004795942598953022
PRELID1P3,0.000479555855153418
VN1R76P,0.00047954946777625335
CTB-60E11.11,0.0004793131921322184
CTD-2050B12.1,0.00047930320452074327
VN1R67P,0.00047920578636243737
RP11-745C15.2,0.00047878050400672215
LINC01289,0.0004784423715175343
NCRNA00250,0.0004783162123570403
RP11-307I14.2,0.00047830341363333214
Y_RNA,0.0004781358540278042
CTD-2506P8.6,0.00047807086324707797
CTC-546K23.2,0.00047798382664469965
RP11-857B24.3,0.00047795989880850134
RP11-630I5.1,0.00047783529260019686
MIR744,0.00047762579712836984
RNU6-986P,0.00047678125568187754
TLK2P1,0.00047639468847457704
TUSC1,0.000476093515646398
RNU6-805P,0.0004759672478034346
RP11-1E22.1,0.0004759612784040733
RP11-627G18.2,0.0004759218864216428
LRP10,0.00047584456239793053
KATNBL1P6,0.00047562920962941185
ACTG1P23,0.0004755974080383437
OR51B4,0.00047536709901613836
RP11-981G7.1,0.00047526592817772456
RP1-136J15.5,0.00047525067874103184
TCEA1P4,0.00047516309446442534
TPTE2P3,0.0004750459888351203
HDAC1P1,0.00047492481476812574
CTD-2083E4.6,0.00047466104806342236
AL109763.1,0.0004746140077844944
RP5-1198O20.4,0.00047459695969853514
ATP5C1P1,0.00047448989784251933
CICP12,0.0004744081454739524
RP11-318C2.1,0.0004741919837351323
MIR604,0.00047414286794619375
DUPD1,0.00047409322983136366
RP11-279O22.1,0.00047405161155504463
RP11-6C14.1,0.00047380295204110974
IRF2BP2,0.00047374609092376243
FTH1P7,0.00047343670504883505
CHST6,0.0004732923607298629
RPL17P19,0.00047318605469943216
RP11-726G23.3,0.00047311623548735535
RP3-399L15.2,0.00047301445987331847
RP11-597M17.1,0.0004726509623893017
DSCAS,0.00047245351894865294
AC005795.1,0.0004723367731339555
MTND5P25,0.0004723057587078884
RP11-118E18.2,0.0004722281654361397
RP1-146I3.1,0.00047210314923300077
RP11-573M3.3,0.00047199773467163997
AC002472.11,0.0004717778316099816
RNU6-840P,0.00047156435503154415
RNU6-818P,0.00047128406506951443
RP11-317B7.3,0.00047121457592009245
RP11-392A14.9,0.000471083651759318
AGMAT,0.0004710209059179753
OR56B3P,0.00047099230338080463
CTD-2583P5.1,0.0004708327563955689
FAM109B,0.0004707633289706028
UQCRFS1,0.0004700680915900469
ITGA2,0.00046998221541000627
RNU6-390P,0.00046976958166406536
RP11-365O16.1,0.0004696332443902517
IGF2BP1,0.0004690784987982613
ZBTB41,0.000468887711009369
RP11-318G8.2,0.0004687047442122274
RANP4,0.0004685980678216853
RP11-190D6.1,0.0004684268692945051
LINC01099,0.00046841494634762744
RP11-497H16.8,0.0004681060030789873
AC093107.7,0.0004679307848653448
RP11-397C12.1,0.0004677227117651855
RNY1P1,0.0004676234978214937
TM4SF1-AS1,0.00046715668697607903
BEST2,0.0004670014783201852
AC073218.1,0.0004669930260628771
ZNF600,0.00046694515567215054
RPL21P127,0.0004664967102366586
TMCC1-AS1,0.0004662440181349868
AP005530.2,0.00046614780517522216
KCNH8,0.000466145167881678
MIR215,0.0004660636713112429
RP11-551G24.2,0.00046606070285511755
AC090602.2,0.00046602665526628803
WIZP1,0.00046588377517727735
RP11-897M7.2,0.00046577573157286276
UG0898H09,0.00046575850771721634
MTND5P16,0.0004657409401746237
MIR4307,0.0004656715746731417
RP11-349G13.3,0.0004656567533080695
RAD23A,0.0004655017904243982
FAM231D,0.0004654988028862489
RP11-154H17.1,0.00046540716390636205
RP11-511H23.1,0.0004652141591591647
RNU6-1005P,0.0004651513252549328
RP11-653B10.1,0.00046505168677518155
RP11-307L3.4,0.0004649142859318664
KRTAP2-3,0.0004648065922290587
RP11-336N8.4,0.0004647803718897676
HNRNPA1P34,0.0004647656185510564
RSF1-IT1,0.00046474141677644106
TTTY22,0.0004646624321720189
ZNF777,0.00046454358911081724
AC003973.4,0.00046416522968765865
RP4-604A21.1,0.0004641008802415708
LINC01375,0.0004640871809458157
WBP11P1,0.0004640033826375949
ARMCX6,0.0004638622170258614
AF127577.13,0.0004634556133264728
RNU6-520P,0.0004633847422043781
RP11-293B7.1,0.00046330871851463793
RP11-429A20.2,0.00046321439123468645
RBM22P13,0.0004632101534935142
GUCA1C,0.0004629385216776097
RNU1-131P,0.0004628281947423065
RP5-1061H20.3,0.0004627629899313365
RP11-298D21.1,0.00046247336634891965
MIR3158-2,0.00046238785652799456
Y_RNA,0.0004623831366702953
HSPA8P5,0.0004620145597146771
AC006116.13,0.00046192230460229665
RP11-2H3.6,0.00046135159882654714
FAR2P2,0.0004612028796568447
CTA-280A3__B.2,0.00046074577366098975
NAPA,0.00046068859858158377
RP5-855D21.3,0.0004606707774433249
RP11-16E18.1,0.0004606425205704361
RP11-807H22.6,0.00046062795471134006
AP002414.1,0.0004605904406493771
RP11-495P10.5,0.00046058406630812863
RP11-325K4.2,0.0004604124968641132
SLC25A15P1,0.000460335524634285
CTD-2323K18.1,0.00046030941477000355
CTC-398G3.2,0.000460294966809218
RNU7-77P,0.00046017055281351494
RP11-759L5.2,0.000460167497830315
SNORD116-19,0.00046010359163837583
AC015922.5,0.0004600554375395839
CTC-498J12.3,0.00045978643565591825
MIR7851,0.0004595864484664687
BNIP3P36,0.00045948387656567183
STIP1P3,0.0004593933783302487
SPRR2G,0.00045929328357457343
RNU6ATAC10P,0.00045927629361798404
SLC25A5P4,0.0004592327609485704
RN7SKP287,0.00045922016507278393
RP5-837I24.4,0.00045907092096404814
SNX8,0.0004590302571038791
RPL7P46,0.0004588177179158165
RP13-192B19.2,0.0004587738869114055
DYNLL1P1,0.0004586741404371106
POU3F1,0.00045847675677274585
SNORA47,0.0004582337632989715
AC007365.4,0.0004580800828279065
MPPE1P1,0.000458062667167681
KB-1639H6.2,0.0004580005635768627
RNA5SP390,0.000457884792318937
RP11-38L15.8,0.00045758140798484896
RNA5SP79,0.0004574457537318509
SNORA51,0.0004573272221198607
RNU6-583P,0.00045725779134331155
MIR181C,0.00045721109820853815
CTD-2576D5.2,0.00045713010778417203
U1,0.00045702577614438987
LINC01613,0.0004567692920917324
RP11-489P6.1,0.00045659118388236393
EIF1P5,0.00045633450688457313
RP13-379L11.1,0.0004562963946830042
LL22NC03-13G6.2,0.0004561474343961535
AL049758.2,0.00045611912014461263
KRT2,0.0004560759630613994
RPS4XP23,0.00045594913263015147
PRDX2P1,0.00045582437861921537
RP11-486M23.1,0.0004558071702241642
ARF4,0.0004554247623870943
RP5-1023B21.1,0.000455409215970946
RPL17P40,0.00045535593576849536
AC006262.10,0.00045531534488563223
LINC00606,0.0004550178204678449
AC006026.9,0.00045499974743436287
RP4-569M23.5,0.00045494318348346765
NDUFB3,0.00045455611410802745
AC008073.7,0.00045419428363039667
RP11-262K1.1,0.0004541657081875867
RNA5SP20,0.00045408722483769533
RP11-6B19.2,0.0004540801506716873
RP11-115D19.1,0.0004538788220006476
PLEKHF2,0.00045386520423425155
MIR298,0.00045382396390174017
AP001469.5,0.0004537229090514914
RP11-44N12.4,0.00045369848217986764
NRBF2P5,0.00045339384235236035
RN7SL388P,0.00045330237650134826
SNORD13P1,0.0004529963343165889
LINC01248,0.00045262017545081077
RP11-91P24.7,0.0004524989323528102
RNU6-48P,0.00045228177729984446
RP11-390E23.6,0.0004520593680536434
SNORA20,0.00045198680542033907
PAICSP4,0.00045188137535154033
LINC01180,0.0004518395013156962
OR7E15P,0.000451808034318909
RP5-1120P11.1,0.0004512057822305531
TACC1P1,0.00045116613836520197
RP11-815J21.1,0.000451113512632107
SYT14P1,0.0004509019614852608
CTC-458G6.2,0.00045067598908682616
LYPD2,0.00045057444052351586
RP11-179A10.2,0.0004505662110055791
UBL5P2,0.00045038032236920523
Y_RNA,0.00045037300094875323
EIF2S2P3,0.00045029915548464993
RP11-995C19.2,0.00045024035535164283
PGBD4P3,0.000450225120032915
SLC41A1,0.00045000412250450046
CACNA1S,0.0004499761362381524
RPSAP49,0.0004498276085700108
IGFBP5,0.0004496679787139626
AC114760.1,0.00044962404431339657
A2ML1-AS1,0.0004496162297355075
HSD3B1,0.0004494102613902998
NUTF2P5,0.00044931967795759073
RNA5SP342,0.0004492838738469896
VPS37A,0.00044915885848095983
BMS1P22,0.00044911368344652334
RP11-5P18.10,0.00044909499303692074
CTXN2,0.0004490194899881483
RP11-278C7.4,0.0004487546152343608
RP11-108B14.5,0.00044875068308556124
ALG9-IT1,0.00044852937247763617
CTD-2537O9.1,0.00044848428537058434
RP1-265C24.8,0.0004483294651291972
RP11-408P14.1,0.0004482347112893843
CTC-490E21.11,0.00044817453840995954
RP11-279L11.1,0.00044813789227974866
MIR4764,0.00044804942077265305
BHLHB9P1,0.0004479245258381782
RP11-39E3.4,0.0004479032941737699
RWDD2A,0.0004477302014003483
RP11-134K1.3,0.00044757955542420124
TCAP,0.00044734875844317835
RDH12,0.000447130353878045
RNU6ATAC,0.00044667403067842897
RP11-308N19.3,0.0004463955638499245
RP11-804N13.1,0.00044632814349651097
HNRNPKP3,0.0004463186422883098
SLC35G3,0.00044629562288066847
PRDX6,0.00044607213895867784
LRBA,0.0004457031692619109
SP2-AS1,0.00044564031261845653
LEFTY1,0.0004454332071426008
AC138517.4,0.00044520865962372445
PCYOX1L,0.00044497075307028743
H3F3A,0.00044493713609301556
RP11-597D13.7,0.00044490170376177096
RP11-692N5.2,0.00044479478513298606
TBCAP3,0.00044475879297059323
Y_RNA,0.0004445914466447482
IDI2,0.0004445361895400889
ALG10B,0.00044441801053672733
ZNF32-AS2,0.00044435842798288264
BRWD1-IT1,0.0004441924769960517
Y_RNA,0.00044418793514969295
MIR663B,0.0004441663972564328
CTD-3185P2.1,0.00044412345649903
RP11-90M2.5,0.0004439383257144906
RP11-218M22.1,0.0004438565672877424
AC079612.1,0.0004436735669970979
RP11-262M14.2,0.0004435004795818011
RP3-466P17.1,0.0004434433612669273
LINC01219,0.0004431709200646431
AC104698.2,0.0004430735865876482
LINC01080,0.0004428933122480147
CTC-806A22.1,0.0004428649086420838
SNORD27,0.0004426352208660008
RP11-314D7.3,0.00044249748575886366
SUMO2P17,0.0004423512819015527
RP11-120B7.1,0.00044233932397326627
RP4-539M6.20,0.0004422441408277432
HSPA9P1,0.00044224339094387904
RP11-103J17.1,0.0004420398573075916
RP11-514D23.3,0.00044203873126097003
EEF1B2P3,0.00044203531404855357
Y_RNA,0.00044154856296308446
METTL15P1,0.00044125766840790435
LINC01532,0.00044120090364923643
UCP1,0.000441084327351087
RP5-1093G23.1,0.0004410355620498802
ZNF702P,0.0004409124798236484
RPS29P14,0.000440892185381738
C6orf15,0.0004405230479335106
RP11-467N20.7,0.00044035095955962647
RP11-404K5.1,0.0004403347925811078
B3GAT3P1,0.0004397979407269887
CTA-398F10.1,0.00043976764015799175
MIR4729,0.000439657675804288
RAET1E-AS1,0.00043957415576258033
U51561.1,0.00043935916656764835
FAM184B,0.00043935333219753957
LINC01020,0.0004389793808035648
RNA5SP294,0.0004388657870463706
AC007563.5,0.0004388049672957998
RBPJL,0.0004386887109477293
IQGAP3,0.00043848144641186164
AHCYP4,0.000438476480126356
RNU6-514P,0.0004384138674437967
PFDN1,0.0004383258005157334
GAPDHP72,0.0004381035713766905
RP11-298I3.6,0.0004380705165822761
ARHGEF9-IT1,0.00043794714688225777
CTC-512J14.7,0.0004374067186667736
CACYBPP1,0.0004373877457918735
RP11-373E16.1,0.0004372356877425024
LINC01502,0.0004371406405156736
RP11-409K20.6,0.00043703258361183633
RP11-57C13.6,0.00043684509126394236
MIR3136,0.0004367022196413365
RP11-620J15.1,0.000436687706632235
RP11-697H9.2,0.0004363103185396139
RNU6-1322P,0.00043586350597390046
SNTN,0.00043581939379710717
RAC1P2,0.0004357800602243831
MIR4760,0.00043577066393495154
LINC01471,0.000435743185507774
NDP,0.00043569799605359797
SNRPCP17,0.00043556262057320644
RP4-777O23.3,0.00043550320499739683
THUMPD1P1,0.00043540852626640136
RP11-5N11.6,0.00043540713731795856
OR2BH1P,0.0004349467912988581
LRRC37A2,0.00043494672342641856
CBX3P9,0.00043488864491920357
SLC51B,0.00043485317256033437
CTD-2319I12.9,0.00043480947719613404
LSM5,0.0004345507857059544
RP11-540O11.4,0.0004343388105080322
AC002116.8,0.00043428471605430423
RP11-154H23.3,0.00043419211240879556
BAK1P1,0.0004340804608762885
RP11-232L2.2,0.00043398208193292347
RPL37P15,0.00043386009882732615
RPL4P5,0.0004338264851226934
RP11-548K12.5,0.0004336881480570618
RNU6-316P,0.00043355866935488967
POU5F1B,0.0004335103177480198
TCEB1P32,0.0004333901363165555
RPS18P12,0.0004333175792083448
RP1-290I10.5,0.0004331987541777552
RNY1P14,0.00043310162607818525
RP11-203J24.8,0.0004329535593394076
LINC01201,0.00043292938466456184
RPS8P10,0.0004325494812644041
BNIP3P17,0.0004324803829321627
RP11-454H13.1,0.00043221327274218114
MIR539,0.0004320261130314035
CTD-2562J15.6,0.00043186968593686344
EPS15P1,0.00043165082072932066
AC073465.3,0.0004316459374187605
EIF5AP4,0.00043148412657458175
MIR4428,0.00043143011993019317
AC087392.1,0.0004313687626401167
RP11-173D14.3,0.00043111746930209964
RP11-333A23.3,0.00043110178737586734
SLC25A5P3,0.00043097368991973215
RP11-363G10.2,0.0004309324089431294
GPRIN2,0.00043070447629034187
RPL21P39,0.0004306239095410563
MTND6P4,0.00043057704635400047
RP11-983G14.1,0.00043055916220663426
SMIM11B,0.00043049473627477836
RP11-511I11.2,0.00043010006454308316
RN7SL606P,0.00042999922857846836
RP11-278J6.5,0.0004298374849959216
AC055876.1,0.00042979875788287
RP11-20F24.2,0.0004296643415282787
RP11-342K6.4,0.0004294887051809655
RP11-278A23.2,0.0004293137982594463
RN7SL35P,0.0004291094591087685
RP11-365F18.3,0.0004289358969516605
RP4-633I8.3,0.0004285487092360538
SEPT7P2,0.0004284925008102706
SPDYE18,0.00042845097398380006
RP11-357K6.3,0.0004281903364815701
TDGF1P7,0.0004281202092571669
HCG4P11,0.000427924937467002
RNU6-1275P,0.00042723682356433484
RPS10P16,0.0004271674131898961
CCDC13,0.000427166642141081
CST2,0.00042709064125030446
RNU6-57P,0.0004267347550779576
RNU7-169P,0.0004264299577547441
AC013402.3,0.0004262294625231565
KCNK3,0.0004261678372950985
HMGB3P9,0.00042594786921843955
IGHEP1,0.0004258758144638463
UBE2HP1,0.0004255932723970592
RN7SL794P,0.00042484610179749973
RN7SL596P,0.00042471928339167205
CYCS,0.0004242512249168221
RP11-586K12.11,0.0004241322763140557
RP11-1035H13.3,0.0004241013025067094
RP4-724E13.2,0.0004240591571181574
RP4-584D14.7,0.000424023263030444
RPF2P1,0.00042380971385530926
TRIM10,0.0004237056165526412
RP11-38L15.2,0.0004236858738322408
RN7SL597P,0.00042365075526477186
RP11-57B24.2,0.00042337970387081427
CTB-152G17.5,0.00042329927397809897
RP11-326G21.1,0.0004232051238648323
CYP46A1,0.0004231835427872248
RP11-673E1.4,0.00042306904951778667
RP11-555G19.1,0.0004229037804543036
HNRNPA1P45,0.00042252887963674835
AC010731.3,0.0004223068104651544
MIR6514,0.00042224776705023756
E2F4,0.00042217124333981037
ZNF90P1,0.0004221658721678177
AC026167.1,0.00042200804592602343
SDS,0.00042189588053196384
RP11-72B4.2,0.0004216881261854158
AJ003147.11,0.0004214215454561145
RP11-104L21.2,0.00042124482939348584
HSP90AA2P,0.0004211463754349083
PAICSP5,0.00042082047945357176
RPL35AP31,0.00042076526749010865
AC010287.1,0.0004207627499789305
RP11-44N12.2,0.00042076098730573625
RP11-359E10.1,0.0004206261118242558
RP11-459O1.2,0.0004205707371524989
CACYBPP2,0.0004205605602010729
NXPH2,0.00042038940138855994
MIR1285-1,0.00042028616606388006
RPL7AP6,0.0004198966113717153
RP11-637O19.3,0.00041979555291139005
HSPB8,0.00041976943889803446
CTD-2366F13.2,0.0004197580414060144
CDR1,0.00041973486139346676
MTND4P2,0.0004197169819766914
RNA5SP298,0.0004195620017076431
RP11-266K4.14,0.0004192630207181814
CTD-2372A4.1,0.00041920927544157556
KMT2B,0.00041920908431983207
AC006989.2,0.0004190018905967161
CTC-459F4.7,0.00041857346058599897
FLJ31104,0.0004184943234073209
CACNA2D3-AS1,0.00041841264028726977
RPS3AP14,0.00041825055227771315
RP11-225N10.3,0.00041820212902659107
CTA-268H5.12,0.0004179322833092256
AP000889.2,0.00041747722683434317
RP11-755F10.1,0.00041721003257174315
RP4-607J2.1,0.0004171237373460792
RN7SL571P,0.0004169438695030856
RP11-538P18.2,0.00041686982582457273
AC068538.2,0.0004168467764836112
PIGC,0.0004167014091019684
RP4-640E24.1,0.0004166190577884909
RPS27P12,0.00041658676484802556
AC093162.5,0.00041647529672762167
MIR548B,0.0004164749230378537
RP11-557C18.3,0.0004164598004158213
RP11-22A3.1,0.00041630594008349093
NDUFB1P1,0.00041620139450908317
MYEOV,0.00041579099127762056
MICC,0.0004156610480504831
POU4F3,0.00041559631001216325
RP11-218C14.8,0.000415444991894626
RP11-867G2.5,0.0004153844935633166
CYP2D8P,0.00041536291829934207
RP11-10E6.1,0.0004153238147516746
ANKRD60,0.00041528135848093795
RP11-119H12.1,0.0004151768833824548
RP11-182L21.6,0.00041491119591893734
S100A16,0.000414648221623797
APOBEC4,0.000414482338006017
RP11-203H2.2,0.00041443819231036115
NT5DC2,0.0004144335194096009
RP3-325F22.3,0.00041425695789845646
RP11-404P21.1,0.0004141019905647938
MIR4634,0.00041398169770554314
LPCAT2BP,0.0004138791146713548
HP09025,0.00041368595752309587
EEF1A1P15,0.0004136823780303758
RPL7P33,0.00041363655400837997
SHE,0.00041360218780932837
FGF14-IT1,0.0004132831049870696
RN7SKP124,0.0004131299618474313
MIR486-1,0.0004130302459909927
ANP32C,0.0004130260849020076
LINC00456,0.00041278045755355463
CYCSP33,0.0004126577387077354
RP11-178C3.6,0.0004122682926038628
YBX1P8,0.0004122575855959044
CTC-459F4.6,0.0004121054348310046
CYP2A13,0.0004120191034512851
ARFGEF3,0.0004119949982410349
MTND1P3,0.0004119603868945687
IGHV5-78,0.0004116073801319856
CYP17A1,0.0004115019064776969
RP11-45M22.3,0.0004114864208002654
RP5-837I24.5,0.00041144272041013745
PSME3,0.00041143986730325356
LINC00378,0.00041124401378827966
CTB-47B8.5,0.00041099831025257893
RNU6-506P,0.00041073435960648717
FGF11,0.00041065280117688055
C12orf65,0.00041047502132712864
CALM1P1,0.00041044047111968106
KRT8P26,0.0004099931949697016
C19orf71,0.00040994241661110927
RNA5SP152,0.00040987062994681585
CTD-2410N18.4,0.0004098413341721168
HES3,0.0004098146624086884
RP11-356K23.1,0.0004097550394390368
GCSHP5,0.00040966368135449
LINC00581,0.00040928308065885766
RP11-328K15.1,0.0004092351517340082
AC010524.4,0.0004090767514111928
uc_338,0.00040907593709676787
AL157871.2,0.0004090062643082728
RP13-582L3.4,0.00040896752301471735
LTV1P1,0.00040894913894059924
AC006019.3,0.0004081913407430766
RP11-205K6.2,0.0004077375411494153
RP11-533K11.1,0.0004070783675620216
RP11-15E1.6,0.00040693339870714537
RP11-493G17.4,0.0004068082952910757
RP13-514E23.2,0.0004066209374387786
CTC-454I21.4,0.0004065459301063806
RP5-997D24.3,0.00040642631475192015
RP11-508N22.6,0.000405995167325159
AC007389.2,0.0004057648216437552
SNORA31,0.0004057588899232923
UBE2V1P2,0.00040517270916512097
AP001255.2,0.00040508361062211926
AC144450.2,0.0004049632756260926
RPL34-AS1,0.00040484307306438207
RP11-517B11.6,0.00040479303150399415
PRPF19,0.00040436519493967167
RP11-456J20.1,0.00040422498972198846
CTB-78F1.1,0.0004037638514520088
RNU6-652P,0.0004037038029622815
RP11-522M21.2,0.0004036274807759241
ORM2,0.00040347407867118325
RP11-109L13.5,0.000403471137309281
RP11-82L20.1,0.00040323458253989293
RP11-203M5.7,0.0004030707347034373
NEUROG2,0.0004027999380654073
RP11-274B18.4,0.0004024877716341916
OR4A40P,0.00040226407683205276
GHc-210E9.2,0.00040225449616712713
RP11-84A12.1,0.00040207767447047614
RP11-403I13.8,0.00040194717527419234
KRT82,0.0004019219475241296
CTD-2272D18.1,0.00040189499501022897
HMGB1P1,0.0004018066309590205
CTD-2619J13.14,0.00040072240615965984
AC073257.2,0.00040023169696600766
RP11-572F4.1,0.0003999090100121079
GAPDHP28,0.00039985253627395116
RP11-255C15.3,0.00039974266174495606
RP11-627K11.1,0.00039967130730130917
SNORA18,0.0003994399140992214
AC004862.6,0.00039940099107662637
FAM133DP,0.00039921048193681955
CTD-3138B18.5,0.00039882483232699524
TPT1P11,0.00039865366914168174
RP11-114H24.2,0.00039859267092310605
CTC-239J10.1,0.0003985428542460362
IGKV6-21,0.0003982662983539074
RP11-267J23.4,0.0003981539519094304
CHCHD4P4,0.00039814032094606514
SUMO2P19,0.0003979476262472488
NANOGNBP1,0.0003977418158371806
OSGEPL1-AS1,0.00039749098130085364
RP11-326A19.3,0.000397202841266871
HMGN2P17,0.0003969949768561599
RP11-500B12.1,0.00039689730086546753
RP11-165H23.1,0.00039684017706096103
RPL23AP59,0.0003968031340533239
RP11-90J7.2,0.00039680264830436747
OR51B5,0.0003967637790414527
RP11-5A1.1,0.00039665048190115284
RP11-78A19.4,0.00039653525071998925
RNA5SP337,0.00039637339058588806
RP11-238K6.2,0.00039635789704509653
AC009120.3,0.00039632213877005096
RP11-358B23.1,0.0003962635950742707
RP5-1174J21.1,0.00039590728343465994
RP11-235C23.5,0.00039578836447401645
SLC29A4P1,0.0003955731453120958
RNU7-175P,0.00039532777252478547
TTC32,0.00039531482875555275
CTC-441N14.4,0.0003952903472184495
SNORD56B,0.00039528157176163574
UBE2QL1,0.00039520430952022924
RNU2-14P,0.0003949030828286878
CTD-2218G20.1,0.00039477809871601706
LINC00339,0.0003947418816624792
KIR3DL3,0.00039460353119337806
TECRL,0.00039454632494515934
AC016753.1,0.0003944610863694861
RP11-64P14.7,0.00039435426585079415
AC016716.1,0.0003943298223670352
AFG3L2P1,0.00039419062292399076
AC105342.1,0.00039408392063917973
MTND1P2,0.0003939205127970177
IGLV3-6,0.0003939040779211621
FAM103A1,0.00039370823254348386
MIR4472-1,0.00039362506780668967
NPM1P19,0.0003934999351933513
ADH5P4,0.0003934686645575996
MAPK6PS6,0.000393284739337282
RP11-193F5.1,0.00039309705531603183
TRHR,0.0003929603948495325
DHX9P1,0.00039287111698535
AC104843.3,0.00039261780560058683
AC055764.1,0.00039240121471664124
RNA5SP25,0.0003923835148838996
AC092295.4,0.0003921857081544626
RP11-356J5.12,0.0003920841784050181
ACTG1P2,0.00039151759829741706
RP11-115N12.1,0.000390999563833375
RP11-404G16.2,0.0003907822863253027
TAS2R18,0.0003905734942701853
RP11-24C14.1,0.00039035898238223615
AC096582.8,0.0003900879629826874
AC007040.6,0.0003900693721126033
RP11-523H24.3,0.00038977666706587014
OR2H1,0.00038975041597789966
RNASEK,0.0003896288876363545
RP11-95G17.2,0.0003895034955493982
ART1,0.0003895009322014711
HIGD1AP15,0.0003893448228914281
RP11-424E7.3,0.00038913785520090446
AC062029.1,0.00038893390758874076
yR211F11.2,0.0003889301842837471
CDC42BPG,0.0003888164865139136
ATP6V0CP3,0.0003887358307772823
SURF6,0.00038806389567864466
CYP2G2P,0.0003878420094312105
RP4-673M15.1,0.00038759808431665886
ACTG1P18,0.0003875955628822408
ADAD1,0.0003874262900051968
AC034228.4,0.00038723235816241216
RNU6-1045P,0.00038696952367003667
KIAA2012,0.0003866026176955016
SAPCD2P1,0.0003865555882172902
AC016722.4,0.00038655065401054726
EEF1B2P7,0.0003864762752905895
RNY4P14,0.00038642709697823486
BAALC-AS2,0.0003864164344103412
RP11-65L3.3,0.0003856936495489834
RPL23AP80,0.00038515583141887383
MTCO1P45,0.00038511088461749566
ABCB10P4,0.00038485789559460223
Y_RNA,0.00038477715204349546
RNY4P34,0.0003846468081970344
GSDMC,0.00038445663879250786
RNU6-795P,0.0003842432558781412
FLJ40288,0.00038399259324334913
AC002398.9,0.0003837502184294179
C1orf105,0.00038363253539797516
RP11-231G15.3,0.00038327406111404483
AC007387.2,0.00038302336105682915
RP11-632C17__A.1,0.00038293392304527006
RN7SKP192,0.00038283467860980493
LINC00094,0.00038272075086819295
ABT1P1,0.0003826769058832511
UBE3AP2,0.0003824405284653866
RP5-1142A6.5,0.0003824280923062287
CTBP2P4,0.000382307594157432
BGLAP,0.0003821403035138085
RP11-487E1.2,0.0003817384703378038
CCDC191,0.00038159656208497557
RP11-829H16.3,0.00038158304674974124
RP1-267L14.3,0.0003815619626033
ZNF519P1,0.0003812929004851301
PPIAL4F,0.00038102710337689963
AC092168.2,0.00038085133161902865
RAPGEF4-AS1,0.0003804346191384399
AC007919.18,0.0003802138231906108
RP11-135J2.3,0.0003799575592991153
RP11-474B12.1,0.0003799158333466656
Y_RNA,0.0003798734985802182
CTC-347C20.1,0.00037982763471839737
KCNQ5-AS1,0.00037977605634570226
AC018878.3,0.0003797758740815122
RP11-556O9.4,0.00037971119017671896
LAP3P2,0.00037969226591189683
LINC01571,0.0003794526752651241
PDCL3P6,0.0003793545685302612
RPLP0P6,0.0003793056292210639
CTD-2613O8.1,0.0003791349054928454
AC016991.1,0.0003789898029164938
RP11-761I4.5,0.0003789766344630558
RP11-326C3.13,0.0003784579221409203
RP4-753F5.1,0.00037825874720718455
CTD-2162K18.4,0.00037822624439658485
RP11-153F1.2,0.0003781709704871003
RP11-133L19.2,0.0003780284323717899
MIR5009,0.000377727161117139
RP11-463O12.5,0.0003774974731265958
AC093716.1,0.00037727916878599387
LINC01114,0.00037717309281144653
OR51E2,0.00037702518650611704
SLCO5A1,0.0003767063251703977
CTC-506B8.1,0.000376647285189898
RP11-2L13.1,0.00037656946236492103
LINC00391,0.00037634816454511905
AC018804.6,0.00037625677791903707
CTD-2555I5.1,0.00037621742524322977
RP11-332J15.2,0.00037613447780358237
SOX3,0.00037607875579584227
RP11-781M16.2,0.00037604085152319284
ATP8A2P3,0.00037593867786157734
RNU6-722P,0.00037573796591876756
CCPG1,0.0003757185901524966
TRIAP1,0.0003756330867751983
RP11-471M2.3,0.0003754473446032747
TPI1P4,0.00037541443748820226
ILF3-AS1,0.00037538179194778956
RP11-583F2.5,0.00037521524110612045
TRMT12,0.00037508733504902354
LMO7DN-IT1,0.00037503215658864057
RP11-299H21.1,0.00037502846623951993
RP11-99H8.1,0.00037497492261241185
LINC00967,0.0003744940923812689
RP1-125I3.2,0.0003744360591862715
RP11-458F8.3,0.0003744112824487109
RP11-185J20.1,0.00037423108027776506
RP11-579E24.2,0.00037418058839924957
ANKRD26P1,0.0003740040139460674
RP11-158A14.1,0.0003739444840964833
CTC-360G5.6,0.00037393845188607276
USP9YP3,0.0003738951757195794
RP11-4B16.1,0.00037385460084984965
SPATA2,0.00037371371117420505
CYCSP24,0.00037354545744429596
RNU6-196P,0.00037278751304011703
SNORA30,0.0003726747311829655
RP11-766H1.1,0.0003725094598843809
MIR2117HG,0.0003724121058697757
AP001442.2,0.00037236715864533745
ZNF29P,0.0003719210307770839
AC068138.1,0.0003716882066623222
RP11-627D16.1,0.0003715569229825802
RP11-3J10.7,0.0003714608680761733
MTND5P7,0.00037125306015712103
RP11-830F9.5,0.00037122756671139473
CTD-2653D5.1,0.00037118153718833683
RNU6-1170P,0.0003709998320235499
RPS29P6,0.0003708894766012013
CLDND2,0.0003708167277843419
THRB-IT1,0.00037073891429909245
METTL7B,0.00037065246966775907
RP11-522I20.3,0.00037053675500912974
AC007229.3,0.0003704253092809777
AC008592.3,0.0003704109836962398
CTA-992D9.11,0.00037036142183480427
LINC00349,0.00037036000122433695
HMGN1P24,0.00037032034673114953
RP11-544M22.1,0.0003703039894482809
RPA2P3,0.0003700794260328393
RP1-81P11.1,0.0003699648414925481
Y_RNA,0.0003698314452786646
RPL35P2,0.00036972140783627874
RNU6-757P,0.0003696011732833624
RP5-1021I20.2,0.00036930906264627723
HNRNPCP7,0.00036912426285948464
RP4-761J14.8,0.00036907596373837655
LSM3P5,0.0003688307689804752
RP11-13K12.2,0.0003684980165130042
RNU4ATAC11P,0.0003680845535261375
RDH14,0.0003678891793511514
RNU6-204P,0.00036783850891218393
RP11-61I13.3,0.0003678324634319586
C1orf204,0.00036777177855037513
RP11-642M2.1,0.00036764040937407633
MTCYBP24,0.0003673866062683015
Y_RNA,0.0003671790776957137
RP11-421N8.1,0.0003671217359816893
IGLL4P,0.0003669949487554221
HIGD1AP3,0.0003666204117426415
AC073150.6,0.0003665431812282239
RP11-261C10.7,0.0003665342671870868
AC002984.2,0.00036645900732220835
ACTN3,0.0003663370662269735
CTD-2349P21.1,0.0003661745090327744
RP11-315D16.4,0.0003660768941354777
RPL17P35,0.0003660266461508891
RP11-54F2.9,0.0003656601692729827
HMGN1P10,0.00036565396366950066
RP11-364C11.2,0.00036564745037711974
RP11-486O13.5,0.00036533177212992054
TAS2R50,0.00036529605041252006
RP11-403H13.1,0.00036522599097262904
AC009784.4,0.00036521082219462123
RP5-878I13.2,0.0003651351086363765
RP1-102E24.8,0.0003651046026245525
RP11-6N17.1,0.0003650293229299813
Y_RNA,0.00036478766105580286
ATP5J2-PTCD1,0.0003643393922724135
GRK2,0.000364217241000506
VN1R34P,0.00036399730259670607
RP5-930J4.2,0.0003637731812896757
Metazoa_SRP,0.00036372694620268265
RP11-80H18.4,0.00036368444441062177
KCNE5,0.0003636356107030963
HMGN1P37,0.0003635830722689892
NR1D1,0.00036348866343932477
RP11-426C22.8,0.00036348500579166335
RP11-578B16.1,0.0003634644489276632
LINC01233,0.0003627550231795544
MIR30E,0.00036267393893585576
RP11-471N19.1,0.0003626473935039514
C16orf96,0.0003625805376789478
LINC00029,0.0003624219758454858
C5orf30,0.00036238824066541257
AC001226.7,0.0003621298178235189
RP11-864I4.4,0.00036205471323267767
AC083862.6,0.0003618145183921294
CTA-992D9.10,0.00036168168140032395
CICP23,0.0003615852902706254
RPL36AP21,0.00036156107211547417
FAM207BP,0.00036155634646134916
NPIPB2,0.0003615552195724635
RP11-54D18.4,0.0003614830790002006
LINC00538,0.0003611695544382535
LINC00475,0.000361001965551802
RP11-161H23.9,0.0003609369774105187
CRYGS,0.00036078247348488674
RP11-452H21.2,0.00036075406240922045
AC011524.1,0.0003607471402081801
DLX2,0.000360639948369601
RN7SL288P,0.0003606099805174269
TMEM240,0.00036060766343443476
RP13-126C7.1,0.00036052346607346906
C16orf45,0.0003604532754620012
RP4-806M20.3,0.00036040586278383266
HNRNPA3P15,0.0003601708031972225
CBX2,0.0003599837024691727
RPL23AP84,0.0003597201878299833
RP1-241P17.7,0.000359381212722545
SMAD5-AS1,0.00035922325500555046
SCN10A,0.00035894730190371706
RNU1-122P,0.0003587982247456492
RP11-503C24.2,0.00035854081650587573
COX7BP2,0.0003584881831841332
AP000431.1,0.0003584128921297221
HSPA8P8,0.00035839673649362924
RP11-1217F2.9,0.0003582369785347038
RNU6-335P,0.0003581575621586283
SNORA64,0.00035807610228695455
SNORD116-16,0.0003577124924214509
RP11-89B16.2,0.00035761874114802596
RN7SL621P,0.00035761180566819126
RP11-46A10.8,0.0003575528654784011
RNU6-246P,0.0003574835929866153
RP11-391L3.4,0.00035732625104416407
PCDHB1,0.0003572779331258741
RP11-107C16.2,0.0003571805226681292
RHEBP1,0.00035711975204615927
OR7E62P,0.0003569185969332497
GAPDHP55,0.0003567249431298236
RN7SL168P,0.00035648015781452664
BORCS5,0.0003562330473209112
RP11-264L1.1,0.00035576622840566383
RNA5SP456,0.0003554213747613486
ZNF182,0.00035539305615541497
RP1-86C11.7,0.0003552866073485896
RP5-1022J11.2,0.00035518505491722
CTD-2308B18.3,0.0003551099678156194
GAPDHP16,0.0003550152627457167
RNU6-195P,0.000354973649659134
DLGAP1-AS4,0.00035492273241029813
RNU6-1224P,0.00035492129754862524
SPRYD3,0.0003548441408775396
RP11-351C21.2,0.0003548183507325083
RP11-558O12.1,0.0003547752733680404
FAM46C,0.000354734899662739
CTD-2005H7.2,0.00035453295040860014
SCARNA17,0.0003544376291974766
RP11-398E10.1,0.0003541784072175464
RP11-521A24.1,0.00035406006467538
RNU1-73P,0.0003539791884006801
RP11-277J24.1,0.00035391042123044005
SNORD70,0.00035380461100520123
RPL7P10,0.00035372747934032467
SPCS2P4,0.00035371790941846716
ZNF725P,0.00035362421876033155
RP11-130C19.3,0.0003535460624344119
AC092933.4,0.000353460623346763
CTD-2006C1.10,0.000353402048042504
RPSAP46,0.00035321124706434216
TAAR6,0.0003528742148807659
RP3-340B19.2,0.00035286853083715906
RP11-686G23.2,0.00035233662728131453
MKRN9P,0.00035222402521413926
RNU6-19P,0.0003521391003516395
RP11-523L1.2,0.000351961008822451
RP11-29H23.5,0.00035191867526418376
NARS2,0.0003518529885355122
RPL18AP16,0.00035143045713267407
MIR3157,0.00035133002874267996
RP11-286N22.10,0.0003511609332340151
TMEM178B,0.0003510759212418637
MIR5582,0.00035103849365743933
PATE1,0.0003510111455154809
CTD-2517O10.5,0.0003506713990786553
RNU6-891P,0.0003504918280833976
AARS2,0.0003504144988509861
RP5-881L22.5,0.00035022825106724724
RP1-92C4.2,0.0003500638716738223
RNU7-45P,0.00034970315017694616
RAB43P1,0.0003493692680807373
AL035610.2,0.00034920108401776344
PATE4,0.0003491801534489386
RP1-172N19.5,0.00034916148432837066
TRAF6P1,0.0003490971955150446
FABP7P2,0.00034903270913267705
RP11-13A1.2,0.00034838833820323455
UBA6-AS1,0.0003483499678062271
RP11-570P14.1,0.0003483227623320769
AD000091.3,0.00034830684157316873
RPS3AP30,0.0003481866952854648
CTC-321K16.1,0.0003475964897061252
NUP37,0.00034748171154901753
ORC6,0.0003473922074845362
C1orf220,0.0003469927111690679
CCDC169,0.00034686260724320513
RP11-549B18.1,0.00034684260248334456
CTD-2533K21.4,0.0003465890827278602
RP11-196I18.3,0.0003464562845576636
TAS2R43,0.0003462064854073963
NAIF1,0.00034617101699254755
HIST1H1A,0.0003460665305700678
RP11-575L7.8,0.0003458426258611729
RP11-528A10.1,0.0003457623424030541
HCAR1,0.000345652126301373
RP4-655L22.4,0.00034558553505235976
RN7SL517P,0.00034553457258653075
ZNF138,0.00034533421079280995
RP11-328P23.3,0.00034533074346519043
MTND4P34,0.0003452375720177031
ACACA,0.0003450797446527722
RP11-321E2.4,0.00034497220927465655
RP1-232P20.1,0.00034490818108912557
LDHAL6A,0.00034478995891500325
AC012363.1,0.00034468762700509914
RNU6-748P,0.00034468325924937645
QRSL1P2,0.00034460382988928096
SCARNA7,0.0003445016341515066
RP11-119H12.3,0.00034433138729198317
MARCH4,0.0003443269477492969
RNU6-479P,0.0003442394338920984
OR1M1,0.0003439918222016939
CTD-2550O8.5,0.0003439034998507413
C2orf69P2,0.0003434808202911882
RP11-122F24.1,0.00034332245656281866
THEGL,0.0003431874501762136
IGLJ2,0.00034316993885047983
TMEM261,0.0003426625006190207
RP11-300E4.2,0.000342580443809005
LINC00431,0.0003423818263055032
RP11-167H9.3,0.00034232568106641034
RP11-785H5.2,0.00034201720578681284
ARL4AP1,0.00034200837944260904
RP11-491F9.6,0.00034177964855203235
RP11-380D11.2,0.0003417714350790342
FAM117A,0.0003417515438980184
RP11-53L24.1,0.0003417335724809718
RP11-95M15.1,0.0003417042128907945
IGKV3D-7,0.0003416282165501877
SNORD8,0.000341426741641679
RP11-140L24.3,0.00034135041919329084
RNU6-1189P,0.00034123282595328067
RP11-759A9.1,0.00034118488255254273
AC067956.1,0.0003410846573481695
RPS4XP6,0.0003409801305901252
RP11-360O19.5,0.0003407016880386761
MIR1276,0.00034033646007485853
FAM155A-IT1,0.0003402641890868248
CTC-338M12.13,0.00034000084785361964
DUSP5,0.0003395632117452436
RP11-416N4.4,0.0003395410471678061
RP11-90O23.1,0.00033929725053051584
AC004744.3,0.0003390515014496488
RP3-426I6.5,0.0003389568691936251
PPIAP30,0.000338947586055605
AC068535.3,0.00033893267698972054
RP11-104G3.2,0.00033883668817496224
LINC01555,0.0003387050407108919
HNRNPA3P11,0.0003386583382465528
RP11-467I20.3,0.00033838200209222236
CFL1P1,0.00033837901276478406
MIR4299,0.0003382459138823697
RP11-861L17.4,0.0003382296488885496
CTC-430J12.2,0.00033795257938147046
AC019084.7,0.00033792572665730387
RP11-136K14.2,0.00033788088695315175
PMM2P1,0.00033760789035405147
ADAM20,0.0003373009508307545
KB-1517D11.4,0.00033726765463755953
RP5-1068H6.6,0.0003371990063389521
RP11-96A15.1,0.0003371484063822487
HNRNPA1P63,0.00033709129315228904
AMD1P3,0.00033699166331080345
CHST10,0.00033679574233015414
TFB1M,0.0003363666257537589
SC22CB-1E7.1,0.00033632884948558354
RP11-204C16.4,0.00033598439325541207
CTC-507E12.1,0.0003358738502172509
RPL10L,0.00033583557718624974
RP11-95H11.1,0.0003357607511898273
RP11-352M15.1,0.0003355331720408916
ARL4AP4,0.00033553001638893313
ATF4P4,0.000335413078388941
CTAGE6,0.0003350012080903474
MIRLET7I,0.00033492522695809383
RP4-536B24.2,0.00033492392464549715
GBA3,0.00033480877379118534
RP11-533E19.5,0.00033478008249298354
RP11-26M5.3,0.00033462045734778794
MIR4742,0.00033443910008728743
PMP2,0.0003344239482699916
ANP32BP3,0.0003342687978976796
CTD-2619J13.1,0.00033415820754741484
LINC01338,0.0003341306348430437
GAPDHP70,0.0003341081939294753
RP11-195C7.1,0.00033407713028907435
RP11-65F13.3,0.0003340597813078022
RPS6KA6,0.00033395002713999404
AC005014.5,0.0003339205607565981
ARL6IP1P3,0.000333893484083072
CTB-31O20.8,0.00033387973212354184
MIR503,0.00033352485494797556
TMEM181,0.0003332828900590321
ATP5F1P1,0.00033322771244579015
RN7SL741P,0.0003330210407870131
RP11-395N6.4,0.00033301920331514867
GAPDHP60,0.00033301320863630897
AF196970.3,0.00033279422087211717
TAS2R4,0.00033256574212353396
AC079780.3,0.0003323922941412602
LRP1-AS,0.0003321343188300738
RP11-242D8.2,0.00033213037263802794
U2,0.0003319986523287563
RP11-3B12.4,0.00033192585674363676
VDAC1P6,0.0003317978038239601
TMEM114,0.00033160855732584406
UMAD1,0.0003315051690571874
RP11-245J9.6,0.00033133556928515454
AF186192.5,0.0003309762349867742
CTD-2044J15.1,0.00033092453817945366
ICE2P2,0.00033061998322185077
CA8,0.0003303152281410509
RP11-673E1.1,0.000330275245710304
RFC2,0.0003301683057291862
AL590762.10,0.0003300789727412101
SLC38A11,0.00032979343230520194
GS1-304P7.1,0.00032964458854951336
FAM47DP,0.00032935931393838813
RP11-514P8.7,0.0003292931620718029
RP11-6B6.3,0.00032913064924224684
SNORA37,0.0003291300629848278
RNU6-770P,0.00032907019281006646
FOXP1-AS1,0.0003288922280325209
RP11-243J16.7,0.00032871091233966835
TNRC18P3,0.0003287087785121099
RP11-244J10.1,0.0003285477834561678
RP11-366M4.17,0.0003285272488543877
ZNF603P,0.00032829883696424024
RNU6-876P,0.00032794985954666384
MIR3653,0.00032776269013003146
RP11-386J22.3,0.0003273185161638535
DENND6A-AS1,0.0003270011633508594
AF224669.3,0.00032693884017284745
AC006960.7,0.00032693540498813465
Y_RNA,0.00032687574517106625
RP11-174G17,0.00032675990474761936
DACH1,0.0003267369523875977
TNKS2-AS1,0.0003265931927642955
EIF3G,0.0003265018611844229
PEBP1,0.00032648422992632135
MIR153-1,0.00032635715789696595
RP11-810P12.5,0.0003261804599760955
RP11-835E18.5,0.0003260511825967396
IFNW1,0.0003259799923227727
RP3-339A18.3,0.0003256939821550124
RP11-687E1.2,0.00032554763999438543
RNU2-15P,0.0003253795211987084
RP11-449H3.1,0.000325341629323647
RP11-62I21.1,0.0003251437054914903
RAB27B,0.00032508447857171357
RP4-668J24.2,0.00032476871609014044
RPL7P11,0.0003247656971431754
RP11-482D24.3,0.0003245399836275193
RNU6-1110P,0.00032441075362513123
RNU7-9P,0.00032415901781972727
OR7E33P,0.00032415845984580955
RP11-298J20.3,0.0003241478282799038
RNU6-875P,0.00032392315862909927
RP11-44N12.5,0.0003238592812390686
Y_RNA,0.0003237699922250151
RP3-508I15.19,0.00032362380353436013
CHRND,0.00032334187868435455
RAET1G,0.00032325619792486206
RSL24D1P6,0.00032315385909056416
ADGRG7,0.0003230257055006577
SCGB1D2,0.0003229844700347692
RP11-544A12.4,0.00032285651338167083
RP11-210H10__A.1,0.0003228315787446807
AP001625.5,0.0003223943994721887
SMTNL1,0.0003221768911699822
RN7SKP214,0.0003221127036821476
CD99P1,0.00032196445784718
HMGN2P5,0.0003218908219103421
WNT7A,0.00032169287114316514
RN7SL724P,0.00032133823640235587
RNU7-4P,0.00032118417456903676
TRIM53CP,0.0003211716257446084
WDR11-AS1,0.00032111946258528575
DPYD-IT1,0.00032110805310260344
RP11-270C12.3,0.0003210321413336883
RP11-589C21.2,0.00032067131768158825
RAB22A,0.0003206611550984209
GAPDHP66,0.00032053081146334473
DCDC2B,0.00032049252313524874
RP11-815N9.2,0.0003202978784094814
HCRT,0.0003201596886371069
MUT,0.0003201094962583316
RPS4XP13,0.0003200696381357782
RP11-264M12.2,0.0003199332816716751
AC243756.1,0.00031990907305880093
RP11-180M15.4,0.00031975403516328055
RP11-802F5.1,0.00031973955944070474
CCDC60,0.0003194892732373134
RP11-63E16.1,0.0003192358826084707
RNA5SP453,0.0003186071378672638
RP11-543C4.3,0.0003185947531839097
RP11-395A13.2,0.0003184736033820934
TSSK3,0.0003183347087902897
RP11-537H15.4,0.0003181337696574809
ABCF2P1,0.0003180199165567904
RP11-344E13.4,0.00031785656012898794
MIR3193,0.0003178177863553801
SNHG22,0.00031771825566781064
RP11-977G19.11,0.00031748691854215875
AC006145.4,0.00031723672669362073
ALMS1-IT1,0.0003170623712784952
IGLV9-49,0.00031701530708736153
RP11-25H11.1,0.00031694677223407765
PCDH8P1,0.0003169142750197289
RNU4-40P,0.0003168370738545072
SLIT1-AS1,0.00031661717656891237
RP3-382I10.2,0.0003164522598545754
HOXC10,0.00031645106544159657
CH507-9B2.2,0.00031631363336671723
CTD-2545G14.4,0.0003161883035909774
MEP1AP4,0.00031604117839091584
RP11-326C3.12,0.00031585401975513656
AP000361.2,0.0003156072297367637
RASA2-IT1,0.0003154990098471537
RSF1-IT2,0.00031533501618824424
RP11-311H10.7,0.00031512257596304726
GRK5-IT1,0.0003150862243398119
AC097499.1,0.0003146765384457085
RP11-126F18.2,0.00031443920219576834
HPR,0.0003141595702431787
RP11-313I2.5,0.0003138747217121064
EIF4BP7,0.00031384873935356604
AC147651.5,0.00031384114573140305
RP11-324I22.4,0.0003135580596106017
CTC-459F4.3,0.00031349015011734887
RP11-700F16.3,0.0003130638801324567
ASB10,0.0003129999706194928
AC005559.3,0.0003126928524446892
RPL23AP85,0.0003125697061706479
LINC01353,0.00031247123122406906
TPT1P12,0.0003124427810501696
U51244.2,0.0003122876046847251
RP11-16B13.1,0.00031209783749885234
CTD-2541J13.1,0.00031207860257677963
RP11-700H13.1,0.00031205509942203364
GPR37,0.0003119637546990716
Y_RNA,0.0003118500700226394
RP11-555H23.1,0.00031167033122433095
TPRKBP2,0.0003115703786474131
MT-TV,0.000311218565751819
RP11-1H8.1,0.0003112034145199831
CTD-2616J11.11,0.00031117966928810337
CYTOR,0.0003106721533988609
RP11-313P18.2,0.00031043256367725133
H3F3AP6,0.0003102523074746973
NTM-IT,0.00031022450139668974
NKAP,0.00031020707493973417
RP1-258N20.3,0.0003101955847666746
USP12-AS1,0.00030983060963221004
CTD-2666L21.2,0.0003097299617254817
PSMC1P3,0.00030969046039234404
LINC01258,0.0003094860425991416
RP11-71E19.2,0.00030915972413846456
SLC12A3,0.00030913190120752883
TAS2R8,0.00030910243238927424
CTC-436P18.4,0.00030890032837392183
RPL15P4,0.00030877272584925724
CTC-281F24.3,0.0003087494407604022
RP11-35L17.3,0.0003087188599967444
RP1-111J24.1,0.0003086553228773455
CTD-2062F14.2,0.0003084940114549863
CTC-471J1.8,0.0003084783836955319
MIR1262,0.00030831760379936474
RHEBP3,0.00030827294053508466
RN7SL670P,0.00030812029093023183
RP11-525G12.1,0.0003080959412239367
SMCO1,0.0003080686612175641
MIER2,0.0003076416325585731
RP11-325L12.5,0.0003076347078383527
CTB-113D17.1,0.0003075488629740298
TTC39C-AS1,0.0003073714282047725
RPS15AP11,0.00030718284080986994
MIR125B2,0.00030689080882861204
RP11-793A3.2,0.00030682263256435474
CTD-2554C21.1,0.00030677074525665857
THUMPD3P1,0.0003067693038113095
RP11-75A9.3,0.00030669330922862445
RNU6-1262P,0.0003061536090293156
GALNT5,0.00030604101666990125
MTND2P5,0.00030601621569480955
C17orf67,0.00030585103114855335
EEF1A1P8,0.0003058043549212906
RP11-557J10.4,0.00030560704806007795
RP11-352D13.6,0.00030558339160434395
AC004076.9,0.0003055534012059215
MIR6508,0.00030537071767522124
RP11-345E19.2,0.00030510855825749476
RP11-107G24.3,0.00030509285142814817
DYNLL1P3,0.0003049735093273888
WTAPP1,0.00030429994232103924
RP11-708L7.7,0.00030417995338679607
FTH1P24,0.0003037118607850928
ASNSP6,0.0003031620374784623
RNU1-2,0.00030280030373783836
RP1-111D6.3,0.0003026261467193435
AC016700.4,0.00030256245259226557
RP11-278I4.1,0.0003023422686903272
RP11-112J1.1,0.0003023146753340469
GNAT1,0.00030220544943907563
RNU1-100P,0.00030211459505158323
RNU6-1144P,0.0003020367698349425
BCL9,0.0003017626320056096
AC005954.3,0.00030170520220910936
RP5-1028K7.1,0.0003014352630265463
CTD-2382E5.6,0.0003012522645206445
RP11-44F21.2,0.00030095136870151657
AC123900.2,0.00030090003131006543
KRT8P12,0.000300702371945996
RP11-549K20.1,0.00029993932073484
RP11-662J14.2,0.00029964450589413854
RP1-7G5.6,0.0002995211204984032
RP11-241F15.7,0.000299325193996025
RP11-737F9.1,0.0002992071299179489
RP11-7F17.4,0.00029913830834655435
AC112497.1,0.0002991010576499392
RNA5SP118,0.00029888023642230064
RN7SL269P,0.0002988246964630577
RP1-180M12.1,0.0002986048838082201
SYS1,0.0002983038208644051
RP11-266N13.2,0.00029814455291233004
AC130689.5,0.0002977346780803207
RP4-814D15.1,0.0002977084652738901
RP11-252O18.3,0.00029745695831006713
AC092171.4,0.0002973320873558838
KANTR,0.00029730645701958337
RP11-468E2.2,0.00029669901768552816
RP11-206F17.2,0.0002966086134470858
RP11-434D12.1,0.00029651602435986464
AIG1P1,0.0002963708419309059
NLRP9P1,0.0002963327557777165
IFNA21,0.00029628824098086267
COX8C,0.0002959995849491419
KRT3,0.0002956306009378038
RN7SL273P,0.0002954768938634306
RP11-234B24.2,0.0002953925521736874
RP11-20I23.13,0.0002952319485642919
RNU6-409P,0.00029519180890356315
FRG2B,0.00029518776080034674
RAD51-AS1,0.0002951768679461828
RP4-758J24.4,0.0002951751147791983
HNRNPA3P14,0.0002951116516626358
CTA-293F17.1,0.0002950415002944166
RP11-392P7.6,0.0002949715929862053
SNORA46,0.00029485747707752856
CTB-78O21.1,0.00029462225900124805
RP4-796I17.5,0.00029460938708638436
RPL13P12,0.00029452029840982137
RP11-39H3.1,0.00029423367653705194
NBPF11,0.0002939047163670932
BMS1P16,0.00029335840268919467
NDUFA5P10,0.0002929874586726925
RP11-998D10.4,0.0002929741804750035
ZFP69,0.00029274388683710564
RARRES2P2,0.0002925579504775857
RP11-654D12.2,0.0002925519433468911
SLC35D3,0.0002918752964362846
RP11-989E6.13,0.0002915652223094594
DAXX,0.00029153927818182973
RP11-389G6.3,0.00029140974446239344
RPL6P24,0.00029110572534167404
RP11-613F22.8,0.00029107527079780097
RP11-146F11.3,0.0002910525110959994
RP11-355I22.2,0.00029096088769924
MIR329-2,0.00029086126129563525
RP11-202D18.2,0.00029053249426660337
MTATP6P1,0.00029036563061608003
SNORD116-9,0.00029026829858965327
RN7SKP224,0.00028969051170413853
OR2AG2,0.00028962939080591206
BCL7B,0.00028956894199920366
RP11-395G23.3,0.00028940605064804183
TCEB1P28,0.00028904332641346576
RP5-912I13.1,0.00028881403998251304
RP11-681L4.2,0.00028864816721068797
C1QBP,0.00028863900484362
RP11-43D2.2,0.0002885365233526037
AC003958.2,0.00028842523718079093
RP5-859D4.3,0.0002882807619241129
AC135048.13,0.00028756081250058544
RP1-53O8.2,0.00028737846548233483
CTD-3236F5.1,0.0002872952132662001
AC015849.14,0.0002869534909655285
LINC01423,0.000286945262750061
RP5-1100E15.4,0.00028692152469413963
HNRNPUP1,0.00028684025079651773
ACTG1P9,0.0002868073179340803
CTB-92J24.3,0.0002866578639556147
NTSR1,0.0002866411708032743
NDUFB9P2,0.00028658771513910574
AC007349.4,0.0002864613455540656
AC069257.8,0.00028645737187173485
RNU6-915P,0.0002862052795466077
CTD-2013N17.7,0.0002861701924572929
RP5-849H19.3,0.00028616989897547394
RP11-184E9.2,0.00028612311222358866
IL1RAPL1,0.0002857399425176744
AC093698.1,0.00028566475043207594
AC002115.9,0.00028525410511880296
ZSCAN5B,0.0002851569215497866
CTD-2523D13.1,0.00028506757097718433
HNRNPKP4,0.0002848213709782655
EIF3IP1,0.0002848175763127286
AC092384.1,0.000284787800760368
RP13-395E19.2,0.0002847754685980424
RP11-3L21.2,0.0002847691898312829
TUBAP,0.000284741368983343
RPL39,0.00028464891750229997
RP11-1012A1.10,0.0002845356786684671
MIR5094,0.0002844137004531448
VDAC1P1,0.0002843868623197084
CTD-3096M3.1,0.0002843710139949123
ARMC10P1,0.0002843288478849591
OR5AK2,0.0002842864095303668
RNU6-432P,0.000284256722482161
AC018712.2,0.0002842322015114647
RNU6-998P,0.000284110039893597
RNU1-94P,0.0002837197120738989
RP11-646E18.2,0.0002836364014594505
SNORA33,0.0002836347065491795
ETF1P1,0.000283369322056447
OR7E145P,0.0002831802563070799
NOP10,0.0002831238555222702
RPS26P4,0.00028287602386558794
RP11-420K14.8,0.0002828446616743206
RN7SKP78,0.00028233469572657723
SNORD56,0.0002821549794902249
RP11-296K13.4,0.0002819663075362721
RPL5P14,0.00028177435704087374
AGT,0.0002816696113499734
ASS1P5,0.00028161624035103025
CTD-3074O7.11,0.00028142129418008244
RNU2-24P,0.00028129824257178756
ATP5F1P7,0.0002812954088803312
IGFL4,0.00028115858736570007
FAAP24,0.00028094511709497754
RP11-118D22.3,0.00028091000544990885
OR2G6,0.00028081473134624485
RP11-742B18.1,0.0002807404192455031
LYRM4,0.00028071310767187747
RPS19P1,0.00028057685826544303
RP11-158K1.3,0.0002804130137055329
RP4-584D14.5,0.00028026141303944934
PPIAP25,0.00028025038266358404
LINC00867,0.0002801707363192045
EDNRB-AS1,0.000280087002538331
PHBP9,0.00027995770040234095
AMY2A,0.0002798846379842867
RP11-299P2.1,0.00027949600920770275
RP11-195L15.2,0.00027894933475649327
UQCRB,0.0002789464693744068
RP11-498M5.2,0.00027893135001738574
AP001610.5,0.0002788355783672961
Metazoa_SRP,0.0002786745922220657
CCDC188,0.0002786075991018906
KIF4B,0.00027857135899210706
RP11-142L16.2,0.00027853526872928226
RP11-731F5.1,0.0002784007372615326
LINC01465,0.0002782154211622877
IGHV7-81,0.0002781677473087356
C10orf107,0.0002781287859210124
MIR4470,0.0002781168315275908
RP11-20L24.1,0.00027803699585244495
RP11-93H12.3,0.00027779021434315036
AF230666.2,0.00027750176242877174
RP11-195C7.2,0.0002770237388513417
RP11-692C23.1,0.0002769264527822194
NDUFA8P1,0.0002766419155384092
RP11-545E8.1,0.000276596999285631
CTD-3018O17.5,0.0002765968853326359
LINC01543,0.0002765563230140539
CCNB2,0.00027632512465758494
RPS20P10,0.000276060888294982
CTC-508F8.1,0.0002760301066061749
RP11-79E3.3,0.00027599805340758744
RNU6-937P,0.0002759435583223623
AP001429.1,0.0002756934556154963
HNRNPCL1,0.0002755871733528634
RP11-331F4.1,0.00027548803636655983
RP11-542F9.1,0.00027524468774953165
RP11-206M11.7,0.00027514491785909234
DUSP4,0.0002750994118260877
TDGF1P6,0.00027502310158010956
KRT16P6,0.000274896753706195
RPL21P122,0.00027447460506077967
RP11-421E17.4,0.0002744715214293245
RNU7-75P,0.0002743075152948171
SNORD53,0.0002741333563848767
RN7SL634P,0.0002740988357604551
FSHB,0.00027399415508074215
RFPL3S,0.0002733752204259795
AC096921.2,0.00027336300539663235
RP11-306G20.1,0.00027324799891085145
RP11-932A10.1,0.0002732239955160344
LACRT,0.0002729219169646517
CCDC182,0.0002727902785575309
ARSH,0.00027260462656739424
MT-CO1,0.00027259671791534865
MKX-AS1,0.00027257890417978225
MAIP1,0.00027255664778412015
AC013470.6,0.0002725474031318038
RP11-478C19.2,0.00027245487032167464
KHSRPP1,0.00027238846756708724
OR5BA1P,0.00027231497588913394
CTD-2587M23.1,0.000271953972263691
RNU6-354P,0.0002718303577269179
SNRPCP14,0.00027165617978988134
HNRNPRP1,0.00027143173209355666
RP11-269F21.1,0.00027047980456654567
HECW1-IT1,0.00026987159518244833
RP13-487P22.1,0.00026985908244870266
RP11-1079K10.3,0.0002696802954659578
CTD-2026J24.1,0.00026930111965894036
RP11-734J24.1,0.00026907976927297527
RP11-301M17.2,0.00026903216712475197
DEFB125,0.00026885037140367393
LINC00608,0.00026863087294798203
EIF4A1P4,0.00026857647465987106
AC003080.4,0.0002682534474822989
RNU6-575P,0.00026813872897723964
CTD-2126E3.5,0.00026807052285336556
RP11-445P17.8,0.00026805128313748665
PPP1R27,0.0002680479405949787
RP11-373E16.3,0.00026798131442082096
RPL35P3,0.0002678905994995171
RP1-228H13.2,0.00026767865877302185
RP4-566L20.1,0.0002676126134344543
CTD-2651C21.3,0.0002675564723797118
CTB-152G17.6,0.000267284188846847
GS1-21A4.2,0.0002671936058453716
AC005822.1,0.00026696480769132546
BHLHE40,0.00026692670096996655
Y_RNA,0.0002665359989789748
RP11-129H15.4,0.00026641808118081916
LGALS13,0.00026625582384988454
DNAJA1P2,0.0002661697109090755
SCARNA21,0.00026606521317555496
AC096649.2,0.000266059033419653
MYBPC3,0.00026601810402285763
RP11-962G15.1,0.0002659926751321215
TMSB15A,0.00026580976078528854
RP11-305B6.1,0.0002657111649933368
Y_RNA,0.0002655452360801784
RN7SL466P,0.0002653727357554073
MIR4312,0.00026488003135467043
CTD-2005H7.1,0.000264851397241564
RP11-173C1.1,0.00026463908436803426
RN7SKP69,0.00026447458583375125
MIR6855,0.0002640602573869112
RP4-612C19.1,0.00026394415962511435
RP11-277A4.4,0.0002638410007363832
RNU2-68P,0.0002637627466981664
AC092106.1,0.0002637606827782123
RP11-367F23.1,0.00026342199333507344
RP11-57G22.1,0.00026322186074300775
RP11-641C17.2,0.0002627086378273244
CYP2J2,0.00026247801612880843
BAP1,0.0002620139896531397
NSFP1,0.00026200260654932867
PIGW,0.00026178292677070034
KPNA2,0.00026166311815147757
RP13-93L13.2,0.0002616583318973147
RPL23AP92,0.0002616415427548974
RP11-1110F20.1,0.0002614282655584129
CTC-329D1.3,0.00026135713837251374
UBE2NP1,0.00026111679303426
PPIEL,0.00026089133886623387
RP11-129G17.2,0.0002605609201677013
GOLGA2P1,0.00026044621976547855
RP1-166H4.2,0.000260235321295384
NPM1P34,0.0002602031158820043
ACOT12,0.0002601776790145898
LCNL1,0.0002600687280994278
Y_RNA,0.00026000953169817774
PMS2P7,0.0002599435280720929
SPATA31A6,0.0002595831357487131
CTD-2028E8.1,0.00025957474399949937
RPL3L,0.00025951995894672047
CTC-367J11.1,0.00025937800156442345
USP29,0.00025927635777058525
MRPS6P2,0.0002591278373734617
VTA1P1,0.0002591040390538148
PCDHGB9P,0.00025905122622489884
GPR52,0.0002589871392349568
NAV2-IT1,0.0002588982955440105
RNU6-1300P,0.000258707010621009
VKORC1L1,0.00025833080996086056
FCHSD1,0.00025830256888749887
CAPNS1,0.0002579259093539674
ARHGAP22-IT1,0.0002577382803728134
CTD-3222D19.4,0.000257664359748555
POLR2LP1,0.00025722423438413907
NDUFB4P3,0.000257111193822759
AC073343.13,0.00025694083230126886
MDC1-AS1,0.0002567186622177749
RP11-328J14.2,0.00025667277463294145
RPL41P2,0.00025645403783651336
HNRNPA1P13,0.00025634703631766847
RAD17P2,0.00025631488157432287
RPL10P1,0.00025623692794457954
RP11-883G14.4,0.0002560781121448308
RP11-411B6.6,0.000256048674959363
RP11-119J18.1,0.0002558157698183293
GGTLC3,0.00025576785879892255
NME6,0.00025571190902334525
CTD-2083E4.7,0.000255552086774934
RP11-60I3.4,0.000255362493672935
RP11-64K7.1,0.00025510775600539134
RP11-7G12.1,0.00025502678137306537
RP11-567N4.2,0.00025486855218218393
CACNA1C-IT3,0.0002547106754218211
ACTG1,0.00025464607759008727
KLF15,0.00025426804414392597
AC068287.1,0.00025423019214915616
RPS20P35,0.00025396385920669847
CTD-2583A14.10,0.00025363807591183133
RP11-412B14.2,0.00025363773169482184
Y_RNA,0.0002533679293812084
RNU6-1061P,0.0002532731257189018
TMEM133,0.0002531690863832917
TRAM2-AS1,0.00025312043309643536
RP11-328K22.1,0.0002528339296434845
RP11-353K11.1,0.0002528269784920311
GTF2IRD1P1,0.00025272766960626026
MIR3935,0.00025269711172084354
VWC2L-IT1,0.00025247612011196965
MTCO3P17,0.00025229199716989773
RP4-744I24.4,0.0002522784587562869
RP11-439E19.10,0.0002522679448333423
AC079776.1,0.0002521434697327249
C2orf72,0.0002521409372076214
RAB20,0.0002520199306425456
RP11-243A14.1,0.0002517589394737078
RP5-1070A16.1,0.00025171373141238355
RP4-734C18.1,0.0002514218291390633
CTC-497E21.5,0.0002511300933341361
RP4-630A11.3,0.00025112177394939804
ATP5G2P4,0.00025106728983882357
RP11-618P17.4,0.00025074660073241915
RP11-845M18.6,0.0002506842684160438
APOC4,0.0002504029766545623
AJ011931.1,0.0002503486437252214
KCNK12,0.0002502075082533183
LINC01629,0.00025009338842686696
CTD-2024I7.13,0.0002495724178352813
MIR300,0.000249509908771905
CABP1,0.0002492525628479983
SNORA66,0.00024902004526314726
RP5-971N18.3,0.0002488038751666837
CELA2A,0.0002477978259052983
AC013402.5,0.00024761582951579207
KCNF1,0.0002475947122457496
SEC61A1,0.0002475121004770142
IGHD2-15,0.00024695216637902583
EIF4A2P3,0.0002468817962330594
RP11-788A4.1,0.00024686550589930344
LDHAP4,0.0002468652146966167
5S_rRNA,0.00024674077999034
IGHD1-26,0.00024668934009143046
FAM58BP,0.000246517109859385
AJ006995.3,0.00024645201520517976
RNU6-495P,0.0002463896593650167
YBX1P6,0.00024615384917053856
RPSAP48,0.00024607542956979516
Y_RNA,0.00024604792447209046
WWTR1-AS1,0.0002460061295438928
COPS7A,0.0002457927912724301
RP11-520D19.1,0.0002456881719401181
RP11-767I20.1,0.00024560941313450565
RP11-488L18.1,0.0002455833690412546
CTD-2620I22.1,0.0002455035112232166
RN7SL113P,0.0002453945249637414
L34079.3,0.00024532039087179564
RANP6,0.00024529709620373536
RP11-181K12.1,0.00024526409841989493
CCL22,0.0002452246135474509
CTC-203F4.2,0.00024510505976142255
LINC01290,0.00024505713864276304
RP11-483I24.1,0.0002448403488272699
AC010729.2,0.00024458638421852893
RP13-39P12.3,0.0002445645925741998
HIGD1AP13,0.00024429427206571104
AP000255.6,0.00024423809695186367
SNORA51,0.00024413333095542225
NIFKP4,0.00024410869710135634
RP11-680N20.1,0.00024406510058507352
RP11-267N12.1,0.0002439484136672881
RNVU1-1,0.00024369568102386885
RP11-332E19.2,0.00024368752001257223
MTATP6P22,0.00024300238582562072
RP11-521D12.2,0.00024291493985560168
WDR92,0.00024289257588642162
AC107399.2,0.00024288795382437244
RP11-575F12.1,0.00024286211591158515
CHDH,0.00024282645121810194
RP11-79N23.1,0.00024268343148292604
ROM1,0.00024262600648679883
RP5-824H1.1,0.0002424515112886411
GPX1P1,0.000242435803309777
RP11-493E12.2,0.00024240709717569028
RP11-62C3.6,0.00024197236529952099
DAW1,0.00024195987332326142
RPL12P6,0.0002417112164726224
NOC2LP1,0.0002412541088789795
RPS7P14,0.00024111871433570416
RP11-516A11.1,0.00024096930179470834
Metazoa_SRP,0.00024078799442941854
RNU7-80P,0.00024077616333473856
DNAJC25-GNG10,0.00024072775438611875
RP11-133L19.1,0.00024045672691611162
CTD-2240J17.1,0.00024042639183592579
MIR760,0.00024039806240089306
PTGES3P3,0.00024038205488603886
RNU4-56P,0.0002403179506877155
CTD-2262B20.1,0.000240184400004366
RPL7P3,0.0002400914631543815
RP11-208P4.1,0.00024006518888973523
RP11-74E24.2,0.00023992496774499008
RNU1-28P,0.00023991851740319103
EIF2B2,0.0002398844712670876
PSMD5-AS1,0.000239861832066048
RN7SL585P,0.00023985771258348384
FAM19A2,0.000239551206585985
ENPP7P2,0.00023931284935084846
RP11-178H8.2,0.00023914476648351498
HMGN1P36,0.0002388285621692374
RNU6-979P,0.00023853823263304352
RP11-567M16.6,0.00023850974017393357
KLK14,0.0002383108684747856
RNU6V,0.0002381532245862707
PNLIP,0.00023811571973337994
FAM21EP,0.00023799260041758207
SNORD13P3,0.00023797949614036033
CTD-2301A4.3,0.00023772704111686457
RP11-329E24.6,0.00023772176951249727
RP11-313E19.2,0.00023724312016412018
AC010091.1,0.00023717553098021
AC094019.4,0.0002370310972759902
MIR7-2,0.00023649580950413083
RP1-156L9.1,0.00023649306520175364
ADH5P2,0.00023634125470731773
OTX2P1,0.00023628083455235467
RASA4DP,0.00023626718390587717
BMS1P11,0.00023623676065232102
RP11-731F5.2,0.00023592833675963284
HNRNPA1P10,0.00023581631803877272
RP11-71H17.8,0.0002355836018156129
TPH1,0.00023548091094523294
RP11-377G16.2,0.00023532293060257495
CTD-2410N18.1,0.00023528791619622524
ALG13-AS1,0.00023491348949983604
RNU1-30P,0.0002348954808240887
HTR3D,0.00023481232192731303
GABPB1-AS1,0.00023478213846104043
AC010740.1,0.00023471612615299592
CCDC113,0.0002346565309746365
RP11-775H9.3,0.0002346248687827823
SLC25A1P3,0.00023424582972111886
RP11-109P14.2,0.0002340988699781923
RP11-734K2.4,0.00023409670771938203
LINC00644,0.0002340896930986899
RP11-319G9.1,0.000233811990274501
PSKH2,0.00023350811586208596
RP11-655M14.12,0.00023327154226288803
RNU7-48P,0.00023316474692147102
CYCSP29,0.00023302793330681604
RN7SKP160,0.00023295759755085642
RP4-714D9.2,0.00023283328437576016
EIF1P3,0.0002323945174862496
RNA5SP299,0.00023232074678863454
SNORD88,0.00023209045285953477
RP11-397G5.2,0.000231803792299081
RP11-754N21.1,0.00023173789493116794
RP11-751H17.1,0.00023164103187927324
RP11-864N7.4,0.00023133402549510516
FTH1P10,0.00023130847266777517
CLPSL1,0.00023089737031488152
MIR8064,0.0002308308675108381
MIR6739,0.00023079451914043183
RP11-284N8.3,0.0002307883251180931
RBPJP6,0.00023065718379520797
RP11-14C10.5,0.00023061663107761744
RP11-310J24.3,0.00023004477208315508
RNU6-600P,0.00022935850574899293
RP11-159D12.8,0.0002293033279167793
RPL35AP25,0.00022898338380071065
RPL21P3,0.0002289070344196609
RP5-884C9.2,0.00022890131185374822
ZNF652,0.00022878625884479196
RP11-699A5.2,0.0002287360445287536
AC002542.2,0.00022872762867370063
FAM96A,0.00022830868096714323
RP11-712P20.2,0.00022822432181438896
AC010900.2,0.00022820480834913792
AP000457.2,0.00022815906663183842
AC018647.3,0.00022805674601285373
RP11-747H12.3,0.00022798222965862466
DPRX,0.00022794569061772594
OR5S1P,0.00022784291171607405
RNU6-1147P,0.000227797002255791
PA2G4P2,0.00022778003566862814
CTD-2158P22.1,0.00022766986531181965
RP11-288L9.1,0.00022752859155635054
MIR5191,0.00022745355182741551
MTND1P34,0.00022733963719559911
LINC00396,0.00022725527750347375
SLC39A12-AS1,0.00022712719590569857
RP11-333E1.1,0.00022709285054891757
KNOP1P5,0.000226683401550504
AC093627.10,0.00022663510048955514
RP11-81A1.6,0.00022647394261013956
RP11-107N7.1,0.00022647322490979496
RP11-1129I3.1,0.00022641345550716393
KB-1410C5.4,0.00022623900110174715
RP11-428F8.2,0.00022602103056218798
BMS1P1,0.0002259495463536674
IGLJ6,0.00022564683502693922
ATP8A2P2,0.00022560133778899407
RP11-6N17.4,0.0002254743942259697
HNRNPA1P56,0.00022533148914173891
RP11-603K19.1,0.0002251198281937259
AL355480.4,0.00022505641811814095
TDRD1,0.00022500098545785247
DDX43,0.00022482789307585286
RP11-17G12.2,0.00022478778784640313
CTC-518P12.6,0.00022477291265347258
U1,0.00022475867606453365
RP11-63A1.2,0.0002247114068987263
RP11-313M3.1,0.00022452189571339296
MIR770,0.0002245030637907881
LCMT2,0.00022425119447158786
AC068657.2,0.00022422912054341027
RNU6-1181P,0.0002239933109531277
AC010127.3,0.00022398142271489967
IGLCOR22-1,0.00022385350500761877
LINC01193,0.00022384986238536421
DDX52,0.0002237142057575202
AC007560.1,0.00022345165661678576
TPI1P1,0.00022345162616120568
Y_RNA,0.0002233228324457107
RPS18,0.0002231319859256702
SNRPCP10,0.0002226530288824602
RP6-102O10.1,0.0002225578360812261
OR4C6,0.00022250399389905822
RP11-273B20.1,0.0002223614518350913
RP9,0.00022234290707916942
SCRG1,0.00022225431724496727
RP11-54P19.1,0.00022202262288876593
DOCK11P1,0.00022195513631105042
HNRNPA1P57,0.00022193643843186319
DCPS,0.0002216392169107917
RP11-471J7.1,0.00022155938190372593
RP11-611E13.3,0.00022138484124175733
RNU6-343P,0.0002212531842879919
RP11-231G15.2,0.0002211567438129773
AC006296.2,0.0002211184406129499
TMEM57,0.00022094946887897432
RP11-491F9.3,0.0002208228627342166
TADA2A,0.00022082163595940559
MAP1LC3B2,0.00022053841724923304
RNU1-124P,0.00022030767943407884
LCN1,0.00022007973362113702
YRDC,0.00021978604701263323
RNU11-2P,0.00021968161723720807
USMG5P1,0.00021961918150107884
RP11-489M13.3,0.0002196120764866183
RNU6-760P,0.00021956751974667478
NKD1,0.0002195020562973534
UBE2NL,0.00021933914569720445
RN7SL16P,0.00021929579730089164
RPL35AP4,0.00021917167507176733
CTD-3032J10.2,0.00021900689400377094
RNU6-651P,0.0002189144097459727
RP13-383K5.4,0.0002184453046856204
CDSN,0.00021826141584431824
RP11-637O19.2,0.00021791966434046647
MTERF3,0.0002178933815080063
ABCD1P4,0.00021786202318465502
GPAT2P1,0.00021773029074817544
ACBD3,0.0002176547300794638
RP11-468E2.4,0.00021758366998005988
MCCD1,0.00021754804047377252
PSMA2P1,0.00021715671903912087
YWHAEP1,0.0002170921027413948
RFT1,0.0002168433094080531
RP4-713B5.2,0.00021668725011668932
RP11-654C22.2,0.00021659578583622707
KRT18P63,0.00021638115890968863
RP11-552M6.1,0.0002162840853541622
CTD-2007L18.5,0.00021609251129204397
MAB21L2,0.00021601345097200668
RP11-480D4.7,0.00021568092605851223
RP11-73M18.8,0.0002155586769867766
RP1-45I4.2,0.00021527478860654508
RP11-981G7.6,0.00021513667664029847
KRT43P,0.00021505717791858064
NXT1,0.00021491024939304478
MIR3690,0.00021480898689410808
KLF7P1,0.000214383789682832
EBAG9P1,0.00021429857273242014
ATP5LP3,0.00021425900711181337
RP11-529H20.3,0.0002142563722887696
RPL37AP1,0.00021424664757548984
RP11-27M24.2,0.0002142047861639386
RN7SL211P,0.00021405670232879854
MLYCD,0.00021403821134886384
AC006130.3,0.0002138816595663979
ZNF529-AS1,0.000213850091583231
PSG4,0.00021383677370071937
CTD-2002J20.1,0.0002137583978916062
LINC01362,0.00021372902899047995
RP11-466F5.10,0.00021348941972314982
AC005740.5,0.0002133983053091466
FAM89A,0.00021333933307642977
AC098828.3,0.00021310604872005847
MLLT11,0.00021301996490215156
RNU7-70P,0.00021266945736583658
RPL5P9,0.00021266933952974212
EIF4EBP2P3,0.00021242423282867565
SMR3B,0.00021208379565238578
MTND5P4,0.00021202828221090567
TCEAL5,0.0002118822545762582
NOL11,0.00021180428245967285
RNU6-781P,0.0002114035853459672
RP4-751H13.7,0.0002111911763104889
RAD1P1,0.0002108335351164866
LINC01182,0.00021043851554948274
AP5S1,0.0002103183033603503
ACBD7,0.0002103176332134156
MAGEA8-AS1,0.00021027332569244686
CYP21A1P,0.00021011024329475238
PPP1R3B,0.00020997731015536593
ADCY8,0.00020971353915655248
RP3-462D8.2,0.00020954621932910082
RP11-280H21.1,0.0002093806990525998
FAM204CP,0.0002092909392793767
RN7SL460P,0.0002092709991215523
MIR4755,0.0002090749761705153
DGKK,0.00020905754321204638
AP000687.1,0.00020903511908830662
AC005776.1,0.00020894009508539834
RP11-731C17.1,0.00020884327233875968
AP000355.2,0.00020880257764305336
SCARNA20,0.00020831997333830296
AC104306.4,0.00020822234177511368
ST13P2,0.00020816517560462192
TRBV5-2,0.00020753518502689616
SNORD115-22,0.00020717365069179735
RNU5A-1,0.00020710034237671914
RP11-12D5.5,0.00020699345509405181
RP11-435F17.3,0.00020656410518437294
RP11-305K5.1,0.00020648086636259193
MIR219A1,0.00020630930454135059
RP11-350D17.3,0.00020616881658252651
RPL9P9,0.00020612608355387953
MIR6815,0.00020593888625843485
LA16c-429E7.1,0.00020583345883417022
RP11-359M6.2,0.0002057864941306877
RP4-811M8.1,0.0002057851741990142
RPL13P4,0.00020577154535103488
RNU6-484P,0.00020562383472594388
MIR4270,0.00020556341522610637
GATC,0.00020537740469214543
RP11-145O15.2,0.00020533027344156332
Y_RNA,0.00020528716826094266
RPL24P7,0.00020514295785480582
MIR133A1HG,0.00020499334142309747
HSPA7,0.0002047090366111585
MTND1P16,0.00020466047481810555
AC097523.3,0.0002040828617961404
OR8A2P,0.000203763742436528
RP11-556G22.2,0.0002037268837819959
FRMPD4-AS1,0.00020365814050049994
Y_RNA,0.00020360048559405386
RNA5SP496,0.00020352866584139666
RNU4-31P,0.0002034228564491699
ZNF774,0.00020338542354846729
RPL34P27,0.00020306135494902692
RPL3P9,0.00020305242653292344
MIR581,0.0002028422722612859
RP11-292D4.4,0.0002028068157545908
RP11-64B16.2,0.00020265352214566748
YBX1P1,0.0002025044827279751
SPANXB1,0.00020174479458503211
HNRNPKP2,0.00020166164909742593
PPAN-P2RY11,0.00020159504109539813
RP11-797J4.1,0.0002012470834498319
CTD-2323K18.2,0.00020076698993733687
RP11-438D8.2,0.00020050587587060596
LINC00437,0.0002004836521928199
RP1-74B13.2,0.00020030866966580873
RPL7P5,0.0002002029440726851
RP11-304L19.2,0.00020013246567210418
RP11-680E19.1,0.00019988801009165785
RNA5SP440,0.00019988351227196967
C3orf62,0.00019973767012949848
GM140,0.00019973254719504372
RP5-984P4.4,0.00019971387743217045
RP11-74M13.4,0.00019956925345956288
RHOXF2,0.00019956560102336087
RNU6-14P,0.00019930990595498312
RPL34P34,0.00019930982459948204
RP11-347H15.2,0.00019921374640118294
RP11-67L3.2,0.00019860512316030956
RNF152P1,0.0001985721942437719
AC017079.4,0.00019856698892450368
RP11-1258F18.1,0.00019852185369780996
RP11-720L3.1,0.00019800104594526165
SUMO2P12,0.00019766268469854223
RP11-417O11.5,0.0001974674087065478
RP11-715H19.2,0.0001974419473571788
RP11-114H7.3,0.00019743385909864162
ATP5A1P3,0.0001973667691137903
BAG4,0.0001973620426857793
RNU6ATAC4P,0.00019674940701228962
RP11-90L1.8,0.00019660298190974255
NDUFA5P12,0.00019648969932687117
LINC01109,0.00019630924708651366
MIR1268B,0.00019626367610556418
RP11-445L6.3,0.0001960055789796857
RNU6-742P,0.00019592888749590332
RP11-395N3.1,0.00019572477482609146
RP11-615I2.6,0.00019546276973410342
MYOT,0.00019541399592399613
CTD-2591A1.1,0.00019539356509690024
RP11-459O16.9,0.0001953119971887248
GUCA2B,0.0001952990551584136
RCC2P7,0.00019477111970741534
RP11-275I4.1,0.0001946239561550891
MTERF2,0.00019459380913855272
CH17-140K24.3,0.00019454702016556894
OR5AK1P,0.00019449759179852692
RN7SL824P,0.00019437250022006868
OR52B2,0.00019405444568538233
AC005616.2,0.00019388735174774536
RP11-173A16.2,0.00019381265803609273
Y_RNA,0.0001936373016857341
RP11-10E18.7,0.00019296083843607336
RP11-250H24.7,0.0001929160144868405
RP11-20G13.5,0.00019289667912955453
ACTC1,0.0001928384386998759
AC079586.1,0.00019273411099554578
SNORD71,0.00019250931973491982
CTD-3074O7.2,0.00019227622294107528
RP11-622C24.1,0.00019215846533888014
ETF1P2,0.00019214868407263207
FAM19A1,0.00019210148687091928
SEMG2,0.00019146553711070315
RP5-1044H5.1,0.00019095809028429441
EFCAB3,0.00019047340043511538
RP11-243J16.8,0.00019042861532859518
HIST2H2BB,0.0001902378388016334
PSMA2P3,0.00019012329328118918
DDX6P2,0.0001900314802315912
ZSWIM3,0.00018997619279783871
RP11-646I6.5,0.000189912272678712
RP3-428L16.1,0.00018989905655605397
RP11-497H16.5,0.00018971308280084763
HULC,0.00018965276754009643
MIR556,0.00018922497748466278
HNRNPA1P8,0.00018909464100544496
LINC01138,0.00018890316019161752
MIR4319,0.00018881356307114518
GMCL1P1,0.0001883505329477398
VTRNA1-2,0.00018824382663679213
OR6M2P,0.0001880914776347605
POU3F2,0.0001876789147528425
ZP2,0.00018739191843391713
PLP2,0.0001872173629220059
RNY1P5,0.00018707378537775567
ABRA,0.00018697392873578324
RP11-318K15.2,0.00018666942711739154
NF1P5,0.00018647461863922552
HPDL,0.00018646967507701844
RP11-155G14.6,0.00018615166894702067
SNORA72,0.00018608233542795054
RP11-846F4.6,0.00018605169942522096
AC005777.3,0.00018599908683959582
CTD-2329C7.2,0.00018590987969003056
RP11-310E22.5,0.00018518769651450006
RHOB,0.000185101574832181
RP11-244M2.1,0.00018464854162250874
CH507-9B2.8,0.0001845915127172583
OOEP,0.00018446677552057622
AC007879.1,0.00018445977925238865
PROB1,0.0001841394860304396
GABBR2,0.00018394475637238344
HMGB1P41,0.0001834835137380476
RPSAP47,0.00018347288284688613
RP11-697E22.2,0.00018319161479956388
LINC00449,0.00018279529234470243
C1orf195,0.00018273714441854723
AC005301.8,0.00018271266181080616
KB-1572G7.5,0.00018266304664230255
RP11-77I22.4,0.00018252808541248353
LINC00929,0.00018252764151761763
SPIC,0.00018229747847138086
RNU7-79P,0.00018229429552655098
RP11-547D24.1,0.00018208304968416283
RP11-58K22.5,0.00018197025287668638
RP11-539E19.2,0.000181926078962702
LAP3P1,0.00018192430256570085
OTUD7B,0.00018189327917564734
RPS2P5,0.00018180400140029512
LURAP1L-AS1,0.00018149344833971083
RP11-354A14.1,0.0001813786020377184
RP6-109B7.4,0.00018131298808066505
AC009474.2,0.00018123227618791914
LCAT,0.00018122890777340418
RP5-1139I1.1,0.00018083380787863704
KRT33B,0.00018060070574536558
BORCS7-ASMT,0.00018036371688227154
RNU5B-1,0.00018030040717843105
MIR302C,0.00018021667520388306
RANP8,0.0001799637527761985
AL031601.5,0.00017975190528292745
RNU5E-10P,0.00017925536348981587
SCGB2A2,0.00017922262076760264
SNORD113-6,0.0001790010979774037
EDRF1-AS1,0.00017898101148423065
CTD-2024I7.18,0.0001789080167510874
PRMT1P1,0.0001788253660581944
ANO1-AS2,0.00017882081117435848
RNU4-87P,0.00017870846151574692
RNU6-880P,0.00017866711217616156
LINC00908,0.00017847976680428036
RP11-366L5.1,0.00017836606683868534
TAS2R14,0.00017820314943717296
RP1-167G20.2,0.0001781849475451035
SMOC1,0.00017810204913653186
MIR3154,0.000178027627714313
RNU6-336P,0.00017802363580084803
LA16c-306E5.1,0.00017762067088123313
RP11-93B14.4,0.0001775480298819775
CTD-2651B20.8,0.0001775298328238333
RPL34P18,0.00017717251579708215
CTD-2024P10.1,0.00017716375203879608
CER1,0.0001769803775036959
RP1-102E24.10,0.0001769542409071331
RP11-80H18.3,0.0001767895666365141
RP11-337N6.1,0.0001765789138633089
AC110926.4,0.00017647581599487924
VPS26B,0.00017632964447585975
RP11-253A20.1,0.00017625609813580386
RP11-449H3.2,0.0001761205909349275
MYT1L-AS1,0.00017594528876296135
AL356289.1,0.00017592078619619363
CAMP,0.00017576130481461143
OR52E8,0.00017551930187988268
GGT8P,0.00017542642261905253
HCCAT5,0.00017524778787476625
RP11-582E3.5,0.00017521002434694655
RNU12-2P,0.0001751805536417509
TEDDM1,0.00017510997575287567
JPX,0.0001750210124558727
RNU6-13P,0.00017480643582017054
RNA5SP442,0.0001747458559482702
RNA5SP304,0.00017469061951040917
CTB-1I21.2,0.00017448925701244762
SRM,0.00017426199950246643
RP11-169N13.4,0.00017416180650155967
RPL21P131,0.00017415133710233177
ATP5B,0.00017382018282128585
DAGLA,0.00017381769241521438
RP11-47G4.1,0.0001736601521880201
FAUP1,0.000173566876621585
SNORD115-1,0.00017350235338929221
RP11-159H22.1,0.00017317831714868564
HNRNPA3P12,0.00017296329630062584
PHBP20,0.00017285557632175277
RPL5P24,0.00017283026412426785
RP11-479O16.1,0.0001728272617442148
RP11-181C3.1,0.00017269649974880559
Y_RNA,0.0001726370005945111
WDSUB1,0.00017217682478226417
RP11-745I13.1,0.00017206562536177351
LINC00677,0.00017177170811897072
KDM5C-IT1,0.00017175040953796924
CGB5,0.00017174834065138063
RP11-44N21.4,0.00017149732565128377
RP11-157J24.2,0.00017139212391291164
WDR61,0.00017128605950408247
RP11-158M2.5,0.00017122287754754793
RP11-617I14.1,0.0001712097938573802
AF240627.2,0.00017111276201286563
HNRNPA1P48,0.00017071570004290442
RP11-340I6.7,0.00017048855009658097
RP1-90G24.10,0.00017045789639853098
RP11-386I14.3,0.00017013031899409028
AC008810.1,0.00016975236951025612
RPL7AP71,0.00016969840602073925
RP11-306O13.1,0.00016958904890240165
RP11-263C24.3,0.00016936274154687924
AC007879.6,0.0001692806568915496
KRT222,0.00016919331582211278
BRD7P4,0.00016915982906094514
RN7SL610P,0.00016912074018643418
Y_RNA,0.00016895188887521657
AC011995.3,0.00016892143715133772
RP1-257A7.5,0.00016875046872532194
RAD21L1,0.00016872201435063939
FDPSP3,0.00016848730451453602
KRTAP3-3,0.00016847586584259797
BRD7P2,0.0001683764230707292
SPATA13-AS1,0.00016837379095781187
RP11-675P14.1,0.00016821428294460112
CTD-2206G10.2,0.00016807406434901466
RPSAP76,0.0001679684695789646
BNIP3P30,0.00016756407990297398
CCNI2,0.00016754601439045194
MIR4643,0.00016753801412466596
RP11-108O10.2,0.00016723330430900218
RP11-405O10.2,0.00016723269342038016
CTC-548H10.2,0.00016695982378210072
RP11-10L12.1,0.00016690637106931558
ZP1,0.00016687831130546505
AC004076.7,0.0001667984858126623
SNORD115-17,0.00016678037877404945
SPATA4,0.00016655159469456022
TBC1D26,0.00016595343521913733
RP4-575N6.2,0.0001658541915662074
VDAC3P1,0.00016585028098083346
RP11-12J10.4,0.00016554138422007576
RNU6-1034P,0.00016543990218882105
AC141586.5,0.00016511689843477033
TRMT112P2,0.00016507859494445525
RP11-15E1.5,0.00016471192408547408
TCF4-AS2,0.00016460067839781906
MT-RNR1,0.0001643021262359943
CTD-3253I12.1,0.00016428385562655
MTND4P9,0.00016424585312868365
LSM3,0.0001637837074680884
RP11-629G13.1,0.00016348627806012005
RP1-21O18.3,0.00016337782739543426
CDC37,0.00016323803282825827
RP11-109G23.3,0.00016302714539823102
RP11-642D21.1,0.00016239142820216514
RP11-86H7.6,0.00016233113008215985
CTA-833B7.2,0.00016177223694672244
SDAD1P1,0.00016169510825276152
LYPLA1P3,0.00016166357405552755
RP11-512N4.2,0.0001616588563616408
PPIAP28,0.0001615447596688252
RP11-242D8.3,0.00016106112453910401
RP11-550I24.3,0.0001609748426422456
RP5-890E16.5,0.00016093205287412787
RP11-752L20.5,0.00016087246077989007
RP13-653N12.2,0.00016084565872161662
OR9A2,0.00016081056285128048
MIR1200,0.0001606972613095183
RN7SL809P,0.00016039626168030854
NF1P6,0.00016034293752599827
RP11-540O11.1,0.0001602320020387856
RXFP4,0.00016014179329264307
AGXT,0.00016012588693267135
RP11-197K3.1,0.00015982178473019433
RP11-417B4.2,0.00015981315786945058
MYL6P3,0.00015978206978199217
RNA5SP195,0.00015960608677170526
RP11-709D24.5,0.00015944406341111519
ZSCAN22,0.0001594205168411712
MIR4754,0.00015906024289538286
RP4-562J12.1,0.00015899517055286718
TCF7L1-IT1,0.00015894898848539546
RBMS3-AS2,0.00015891625612265514
LINC01206,0.00015888696427306446
MLLT6,0.00015876095062827898
RP11-486O13.2,0.00015855418108129976
SNORD77,0.00015829309187238464
UFL1-AS1,0.0001582783441738689
AF127577.11,0.0001581882814375137
SDR9C7,0.00015797291267203318
BNIP3P37,0.00015786650120630375
AC109309.4,0.0001578046324534468
CIB4,0.00015776529968721003
RP11-711K1.7,0.00015776336394398985
RP11-115J23.1,0.0001574332311789959
LINC01405,0.0001573040581491503
FAM220CP,0.00015723938432448382
RP11-90E9.1,0.0001572330128301523
Y_RNA,0.0001571803941518275
SIX6,0.00015703762610299818
C9orf57,0.0001569109376186996
RP11-568J23.6,0.00015681763380810302
ZMAT2,0.00015668754785485244
SMARCA5-AS1,0.00015668117195945336
RP11-677M14.5,0.00015640272116065047
PCDHB5,0.00015633746860508967
LINC01381,0.00015632292413270322
RP11-216B9.9,0.00015615975039189856
FAM90A10P,0.0001558429760196714
RP4-802A10.1,0.00015578223687110095
RP11-98J23.2,0.00015571092458738835
MAPK6PS2,0.00015568753304121005
RP11-545I10.2,0.00015560393630618014
RP11-375A5.1,0.00015553091443862543
TMA16P2,0.0001554624248474249
RPSAP15,0.00015545836651875957
CTD-2119L1.1,0.00015510369804200183
SYF2P2,0.00015476714327551603
RP11-398A8.1,0.00015466812762453532
RNU4-68P,0.00015427166163154563
RP1-101G11.2,0.00015419282351646484
AC091177.1,0.00015417559042662344
RP5-991G20.2,0.00015411467629510657
GABRA4,0.00015406982487034667
CTB-25B13.12,0.00015395669400839534
SEPT7P1,0.00015331130753686774
TP73-AS1,0.00015296177401519258
RP5-874C20.8,0.00015281329337262832
SUCNR1,0.00015279627189403503
Y_RNA,0.00015276546221587407
COMMD1,0.00015262486876214032
AC011524.2,0.00015262481987556194
ZNF718,0.00015257342519587415
EIF3LP2,0.00015236348244085252
RP11-426K3.1,0.0001522469783566556
ATP5G3,0.00015207174613943562
HTT-AS,0.0001520339164301703
DYNLL1P7,0.00015202618698345572
RP11-431D12.1,0.00015198498782453815
RN7SL413P,0.00015190895004297658
RP11-203J24.9,0.000151863151696804
AC106874.1,0.00015184460000148385
TCP1P1,0.00015159593692918856
RP4-539M6.14,0.0001515777508403537
RP11-396C23.3,0.00015152617033720322
RP11-73K9.2,0.00015130991171657143
RP11-355O1.7,0.00015121923537364846
RP11-432I5.4,0.00015072914708124063
RP11-529F4.1,0.00015055505189872392
TAS2R1,0.00015040375436835559
RP11-713M15.1,0.00015028761411371537
RP1-85F18.6,0.00015024970177345443
RP11-277K23.1,0.00015019637615954973
RP4-535B20.4,0.00015014197399498954
RP11-133N21.10,0.0001500129256234587
AC013472.3,0.00014965137124889547
RN7SL403P,0.00014953758459583413
RHEBL1,0.00014951418364620342
MAP2K1P1,0.00014948124801227454
SNORA26,0.00014930591140811496
CERS1,0.00014919517667912808
CTB-3M24.2,0.00014871461733307326
GHSR,0.00014870242438830479
RP4-677H15.4,0.00014837499545366421
SNORD105B,0.00014834333276109475
RP11-151A6.4,0.0001483215370560183
RP5-1050E16.2,0.00014770535504816967
RP11-39E3.3,0.00014768843532526782
LRRC8E,0.00014766094899468866
RP11-217L21.1,0.0001475527197323507
AC011242.5,0.00014725918740416454
LRRC2-AS1,0.00014721433411916317
COMMD3-BMI1,0.00014698242867957197
MIR5195,0.0001468677988379007
AC114814.3,0.000146864307005743
RP11-803P9.1,0.0001465609797748685
RP11-28A22.2,0.00014640167790715898
SRP14,0.0001463824574631071
TMEM69,0.00014616338544917032
XXbac-B33L19.15,0.0001460514700793324
CIR1P2,0.00014598443683638577
RP11-289A15.1,0.00014597839002675623
RP11-483K5.3,0.0001457207898701809
FH,0.00014557564427608016
RP11-382N13.1,0.0001454998986500576
RP1-137F1.3,0.00014539204667701476
AC064850.4,0.00014521272348792978
RP11-1079K10.5,0.00014513278041473025
RP11-613M5.2,0.0001450198199432069
RP11-454F8.2,0.00014500609616857824
RP11-415J8.3,0.0001449941508876006
RP11-75C10.9,0.00014497016171528417
LINC01053,0.00014460255607945714
RAET1K,0.00014457597090555087
RP11-30J20.1,0.0001443491487214831
FGF10,0.00014424020186338803
RP11-172H24.4,0.00014419958953497435
VPS26BP1,0.0001440100779049787
EIF4A1P5,0.00014368914789283845
RNU6-766P,0.00014368298085530956
PSMD12P,0.00014362296269866074
RP11-142A23.1,0.00014358570991196377
CENPVL1,0.00014349963548304195
ARFGEF1,0.00014342002896071076
RP11-257P3.3,0.0001433618302642796
STX18-IT1,0.00014323207052591475
PCDHB11,0.00014317710976297215
GRIK3,0.00014262556828110646
AC012507.3,0.00014229033368940734
RP11-805F19.3,0.00014225766962737473
ANKRD20A11P,0.00014225202868408537
RP11-392A14.8,0.00014211438420177712
RP11-22P4.2,0.00014181085215826385
MRPS14,0.000141707133993011
JAKMIP2-AS1,0.0001417056898637275
IGHV1-24,0.00014170408388779242
RN7SL854P,0.0001413966976149041
DCAF12L1,0.00014128822562438888
RNU6-625P,0.0001409666350796715
RP11-428J1.2,0.00014093063210867922
SNORD116-10,0.0001408932642760157
BRD7P5,0.00014088872965754636
RP11-793K1.1,0.00014062852375269297
RP11-838N2.5,0.00014036763059928893
Y_RNA,0.00014033994694305615
RN7SL774P,0.00014001055032434012
RP3-472M2.2,0.00013980566671068222
IPO7P2,0.00013963172638775917
AC015933.2,0.00013883338674181825
PARP4P1,0.00013846454390742502
AC005480.1,0.00013846294092270222
RP5-1051D14.1,0.00013826790612690335
CTD-2651B20.3,0.00013819671895244255
RN7SKP296,0.0001380623587862766
TRIM65,0.00013750893009426988
LINC01116,0.0001374509248850747
RNU6-1154P,0.00013714383013375877
RP11-669C19.1,0.00013708732306815636
RP11-141B14.1,0.00013661383645256482
YKT6,0.00013617682678665547
AC009963.5,0.00013609725910381038
RP11-461L13.3,0.00013591630317335042
RNU6-522P,0.00013587890716314867
CTD-2244C20.1,0.00013585535363093093
CDCA5,0.00013571179637519317
C22orf42,0.00013569165556906207
GRIN2B,0.00013509804405996035
PEG10,0.00013505362275315484
ZNF804A,0.00013493203229648508
PPP1R11P2,0.00013489440674321692
AC007292.4,0.00013487938262622163
RP11-798G7.7,0.000134863937960383
RP11-815J4.7,0.00013484125676988166
RNU1-88P,0.0001348268123765821
KLHL41,0.00013458141723583257
RPS20P31,0.0001344853723775463
RP11-571I18.5,0.00013428269989878986
GPD1L,0.0001342513277879932
CTD-2309O5.3,0.00013416752457531695
NEDD8-MDP1,0.0001340142475076314
RP11-269F21.2,0.00013383701628616175
RP11-676J12.4,0.00013380838738126556
TM4SF19-TCTEX1D2,0.00013380040653544742
VPS51,0.00013377297145174906
RP1-37M3.8,0.00013346718643015776
THAP9-AS1,0.00013346358445317648
CTD-2026K11.6,0.00013343245188035917
RP11-621H8.2,0.0001334068286503995
KCNJ6,0.00013328106122991061
SCARNA9,0.00013293388135533573
CCT4P1,0.0001324960133265273
AKR1B1P3,0.00013247529907219348
SF3A3P2,0.00013230978559283798
AC005220.3,0.00013230668559731417
CTD-3080P12.3,0.0001322978877094158
RP11-218I21.2,0.000132240114436728
RP11-165M1.1,0.00013193882023034438
CTD-2622I13.3,0.00013142120600283027
RPS15AP10,0.0001309158620202238
IGKV1OR2-118,0.00013090013559972214
MIR4711,0.00013086393188318533
RNU6-1251P,0.000130789632327505
CYCSP10,0.00013075807311963773
RP11-331F9.3,0.00013066485537274362
RP11-443F16.1,0.00013021232908909757
GRP,0.00013015974842714846
GSC,0.0001301314808704131
SF3A3P1,0.0001298740338322728
HARBI1,0.0001297096440882189
RP5-934G17.6,0.00012950140325051292
MIR569,0.00012937046013058998
PFN1P1,0.00012933710752151351
RP11-259A24.1,0.00012918369763992887
AP000351.13,0.0001291697794220913
RP11-80H5.9,0.00012910550741311694
SLC25A6P3,0.00012897293767326294
AC002463.3,0.0001289017484173103
LINC01468,0.00012872557889314758
SNORA7,0.00012869214066532988
NPM1P18,0.00012860311465738922
CTC-268N12.3,0.00012857795688741907
GNAQP1,0.0001285038290780188
RP11-572N21.1,0.000128435053042362
CTD-3035D6.1,0.0001284152984582775
EIF1AD,0.00012838461015996947
RP11-84C13.2,0.00012834642100133004
KIAA0087,0.00012802259965772358
CALM2P4,0.0001277982919000092
RP11-104E19.1,0.0001275421159887499
LINC01435,0.0001270634416620244
EXOC3L4,0.0001269586408116505
AC104978.1,0.00012656522959745068
RNVU1-18,0.0001265597273150683
AC079776.3,0.000126534867127747
RNU6-726P,0.00012606852005509983
AC007566.10,0.00012596128777464004
RP5-1039K5.18,0.0001258580468440302
FGF6,0.00012585642810382781
SDHB,0.0001257435906593137
SNORD64,0.00012562318358825406
HNRNPA1P60,0.00012540907778589463
PYDC1,0.00012531862863287348
LINC01239,0.00012511263068806805
RPL23AP27,0.000125096160496416
RP11-498D10.3,0.00012448304299973842
PPIAP22,0.0001242667881601957
RP11-681L4.1,0.00012425937007442826
LINC00851,0.00012403316057155191
PADI3,0.0001237943698811449
RP11-64C12.6,0.00012365904644486816
RP5-1132H15.2,0.0001236178191131006
RP11-393I2.2,0.00012339649391521725
SUMO2P13,0.00012323951747699954
LINC01391,0.00012316493383728153
AC243945.1,0.00012310027283833164
CDRT8,0.00012288539778019793
KRTAP1-3,0.00012281535198604827
HMGB3P5,0.00012274275637605045
RNASEH2B-AS1,0.0001227231146555133
RP11-632P5.1,0.00012259247660585288
TMPRSS4-AS1,0.00012253346429765235
RP3-425P12.4,0.0001223928805582304
XXyac-YR29IB3.1,0.00012222746377417643
HNRNPLP1,0.000122186414903426
CTD-2260A17.2,0.00012215777082742274
RP1-261D10.1,0.00012213073922713632
RNU6-190P,0.00012211381383212547
MIR938,0.00012194712596751657
RPL5P18,0.00012189853917227081
RP3-326L13.2,0.00012165505094106404
MT-TA,0.0001213172020549914
RPL4P3,0.0001211050223880442
RPL7AP14,0.00012108012368153805
RHOU,0.00012069008030342495
ENPP7P1,0.00012067715524711922
RP3-329E20.2,0.0001206695991531723
AC097461.4,0.00012066004920751914
RPS3AP6,0.00012056312765298237
RP4-764D2.1,0.00012052234250355706
RP11-129O7.2,0.00012016231025889676
RP11-444J21.2,0.00011962172978932797
RP11-320N21.2,0.00011960675237998818
RP11-550C4.6,0.00011959013581454582
PPIAP31,0.00011932512701220944
PHB2,0.00011922168599702414
RP11-1072C15.1,0.0001189119671232904
RP11-204E9.1,0.00011886107034893761
RP11-326A13.3,0.00011870249186270755
EEF1A1P4,0.00011858981210452862
NCKAP5-IT1,0.00011841939356387246
RP11-375B1.1,0.000118186172810272
RP11-351O1.3,0.00011772519234872222
RP11-498D10.8,0.00011764570359218751
RP11-524P6.1,0.0001174218064639306
RP11-731J8.1,0.00011735162492639322
RP11-385M4.3,0.00011677738954140106
LAMTOR3P2,0.00011657125793752744
FKBP1AP3,0.00011655771455743251
PFN1P8,0.00011643802283584763
RPSAP10,0.00011642635314430656
CCDC163,0.00011641160671204789
ATP1B3P1,0.00011622145665269848
RPL26P28,0.00011604509382580087
RP1-101D8.1,0.00011597647534737418
OR7E111P,0.0001157538152567734
RP11-559N14.6,0.00011551252346299229
RP11-62L18.3,0.00011537891183827235
RP11-229M1.2,0.00011510621374238046
KCTD9P5,0.00011498175271540074
RP11-1J4.1,0.00011481832683685069
CTB-105L4.2,0.00011469317024661426
UQCRFS1P3,0.00011456564264341426
MIR6889,0.00011448831901207708
RP11-406D1.2,0.00011432423165010773
OLA1P1,0.00011423885912249145
EMC8,0.00011417925946978538
RPS4XP1,0.00011397750406254769
RP11-9L18.3,0.00011395921721263174
SNORD115-48,0.00011366235667766429
RP11-640N20.1,0.00011353280931124394
EEF1A1P16,0.00011276759100830836
RP11-97C18.1,0.00011266020286229545
BRDTP1,0.00011250984132373982
AP002381.2,0.000112451865494772
CTD-2527I21.5,0.00011209448510626523
SNORA70G,0.00011201723495088935
RP11-463D19.2,0.00011190984110614109
PLGRKT,0.0001118906587961134
AC013286.1,0.00011183825310955643
AC078883.4,0.00011160244228534312
RP11-720N19.2,0.00011151346387822061
RP11-332M2.1,0.00011151148366130638
RPL5P23,0.00011138137502381584
KB-1000E4.2,0.00011124797765928534
IFT46,0.00011095229573407035
RP4-777O23.2,0.00011055507807922833
SNORD113-9,0.00011043608753127702
RN7SL568P,0.00011036837360230457
CTD-2090I13.1,0.00010994311671152261
FEM1AP3,0.0001097944867571056
RP4-598P13.1,0.00010938709527687332
KB-1592A4.15,0.00010923554571031459
MIR5092,0.00010917987380885476
TMPRSS11CP,0.00010917292894922385
LMBRD2,0.00010909749197295593
LINC01251,0.00010900385064851552
FSTL3,0.0001089935276389992
RP11-467L19.16,0.00010885685165216095
PAICS,0.00010874792207627956
DNAJB5-AS1,0.00010868837427686651
MYLK2,0.00010845174467408376
RNU1-8P,0.00010821691663402249
RP13-128O4.3,0.00010813658718393923
ZCRB1,0.00010812807657781067
RNF7P1,0.00010809054694340793
RP11-242F24.1,0.00010750108533711365
STH,0.00010741475799197549
HMGB1P11,0.00010713649802933222
MIS18A,0.00010710415747826598
RNA5SP395,0.00010710137354433323
RP11-41O4.1,0.00010684621162021544
RPL3P12,0.0001067434669843311
RNU6-313P,0.00010669637095788194
RP11-121G22.3,0.00010669549295318094
PRELID3BP7,0.00010667585793741103
CSMD2-AS1,0.00010666058232752382
CTD-2086L14.1,0.00010663177500426746
MIR8080,0.00010658445500498094
FAM58CP,0.00010640175757615076
LLNLF-187D8.1,0.00010628627335877425
XRCC6P4,0.00010621079709906269
MFSD13B,0.00010613949586938266
APOOP5,0.00010610510024336061
RP11-707O23.1,0.00010596610343908615
IGLV3-22,0.0001057168292869112
VDAC2P1,0.00010542826311434675
RP11-430L17.1,0.00010487309092502097
RP11-486G15.1,0.00010472794972701534
RP11-654A16.3,0.00010444099896270423
RCC2P8,0.00010442981578897823
uc_338,0.00010440929084148819
RP11-553A10.1,0.00010433301469288442
AF131215.3,0.00010430272662116041
TIMMDC1,0.00010426844737692108
RP1-27K12.4,0.00010392198650250414
RP5-994D16.11,0.0001038037609988645
OR8D4,0.00010376462793857712
DYTN,0.00010375696921945972
RP11-83J21.3,0.00010372109679510031
RP11-1252I4.2,0.00010366303636649009
UPF3AP2,0.00010362087268180883
RP11-460N11.2,0.00010313566790654602
RP11-356K23.2,0.00010309600947642604
RNU4-24P,0.00010302718501623729
AC083864.4,0.00010300319679883805
RP5-1029F21.3,0.00010292458677787941
RP11-841C19.1,0.00010285339318138381
GCNT7,0.00010263220659934126
RPSAP66,0.00010249271575982075
EIF4A1P7,0.000102376706947468
RN7SKP130,0.0001023724051528779
MIR1255A,0.00010229304139176922
SMAD1-AS2,0.00010228255941054562
RP11-231L11.3,0.00010227990055578049
HOXC11,0.00010203547541433623
SPTLC1P2,0.00010190332384445728
RP11-343H19.1,0.0001018828138357038
RPL29P11,0.00010187533841930436
RP11-345F18.1,0.00010185762764843481
RP11-197K6.1,0.00010176324602674151
RP11-329J18.5,0.00010155742144310954
AC027612.4,0.00010140683881576095
FTH1P2,0.00010117495797845992
AC113331.9,0.00010105605344542459
AP001372.2,0.00010098769069756368
RP11-162A12.3,0.00010092233229748665
YWHAZP3,0.00010053136293323416
RP1-288L1.5,0.00010008827091217261
SNORA26,9.989490409974738e-05
VPS18,9.952738802948562e-05
Y_RNA,9.94813875632238e-05
LINC00266-1,9.939343202285956e-05
RP11-341D18.2,9.917942238133514e-05
BRAFP1,9.912263270451105e-05
TAS2R7,9.885734524374077e-05
RNU6-1333P,9.876401096449773e-05
RP11-323P17.2,9.860250094240151e-05
RP4-725G10.3,9.846105635854926e-05
POLA2,9.843610774037853e-05
OOEP-AS1,9.835920533443341e-05
SNORD115-31,9.824409745532578e-05
RNA5SP363,9.73060743568345e-05
GON7,9.724170502831954e-05
KCNA10,9.71746022782396e-05
RNA5SP155,9.711719580488388e-05
SUB1P1,9.707900850114287e-05
TMX2,9.6853876211023e-05
RNU6-1231P,9.681252960012749e-05
LRRC37BP1,9.66545855021069e-05
RP11-543D10.2,9.663485154150141e-05
RP11-564P9.1,9.628320175426131e-05
MIR942,9.59431887527746e-05
RP11-116D17.2,9.585148151189653e-05
RP11-343L5.2,9.582263739300745e-05
DIRC2,9.531355882245661e-05
RP11-252K23.1,9.524744766947195e-05
LINC01377,9.522939659423023e-05
HMGB1P51,9.509153472752477e-05
RP11-119H12.6,9.507048530059077e-05
RP11-418I22.2,9.506068000096926e-05
AC006355.3,9.502785996764992e-05
TAS2R64P,9.463713635014826e-05
RPS17P5,9.462545764390112e-05
SNRPCP3,9.46108154868898e-05
SEPSECS-AS1,9.447112857499148e-05
TET2-AS1,9.444884708806027e-05
RPL32P34,9.443700917360378e-05
SLC10A1,9.440809571022601e-05
RP11-545G3.1,9.432058025141576e-05
CTA-246H3.11,9.426583741865914e-05
AC092013.1,9.424018199014181e-05
RP11-301M17.1,9.41401547234795e-05
HMGN1P15,9.395699887183779e-05
RNASE9,9.393273905002937e-05
CTC-453G23.5,9.391106331247872e-05
ERC2-IT1,9.374758195401031e-05
RP1-13D10.5,9.368913556289606e-05
MIR6770-1,9.366558544101232e-05
RP11-686F15.2,9.34307758851968e-05
RP11-11K13.1,9.323527029699056e-05
LINC01347,9.312102753409376e-05
RP11-218M22.2,9.293415282593042e-05
RNU6-767P,9.279398251314647e-05
NELL2,9.263219754403114e-05
SETP22,9.254848734476317e-05
RP11-680H20.1,9.248941446568873e-05
RPS17P2,9.237477059982781e-05
RP11-141M1.1,9.211266093461635e-05
RP11-976B16.1,9.115874642753668e-05
LINC00114,9.112822698215924e-05
RPL7P56,9.077574682791998e-05
GNG5P2,9.069452689948662e-05
ATP5A1P2,9.043961693271853e-05
AC000367.1,9.021025518040554e-05
GANC,9.017376782594034e-05
PIP5K1P1,9.000218536156087e-05
PYURF,8.996023234976573e-05
RNU4ATAC16P,8.993612029346208e-05
BOD1L2,8.985999222212965e-05
TMEM14EP,8.974265183123409e-05
RP11-297A16.2,8.966858544836298e-05
EIF3LP3,8.946631199683834e-05
MTRNR2L1,8.942960730555148e-05
RNA5SP53,8.932521344145371e-05
SNRPB2,8.926714137183809e-05
ACTG1P12,8.916487691778146e-05
RP11-108E14.1,8.907662731061113e-05
SPATA16,8.898200362406274e-05
Z98941.1,8.897997446963803e-05
RP11-1D12.1,8.867366527235092e-05
MRGPRE,8.841611831214895e-05
RP11-624D20.1,8.831664423860924e-05
HEATR4,8.805485784823057e-05
CTD-2026K11.5,8.793683994639952e-05
RP11-314N13.9,8.792532798465419e-05
AC108025.2,8.77025415259435e-05
CTB-118P15.2,8.765115023177685e-05
KLF2P2,8.761985853641343e-05
GAPDHP45,8.757168640513533e-05
CRIPT,8.753560773103216e-05
EEF1B2P2,8.75247732196455e-05
TPM3P8,8.747840621896498e-05
H2AFZP5,8.746724509799929e-05
AC091814.2,8.736421978275155e-05
LINC00654,8.735275601857425e-05
RN7SL615P,8.722788974451908e-05
RP11-329J18.3,8.715375486354427e-05
SMPX,8.670369232659455e-05
RP11-1277A3.1,8.664217650001511e-05
RP11-536C10.12,8.623348969293216e-05
LPP-AS1,8.619341598412726e-05
RFWD2P1,8.604056381087e-05
GABARAPL3,8.571901455541832e-05
RP11-36C20.1,8.571610462735752e-05
RP11-451G4.2,8.564916330070894e-05
RP11-736K20.6,8.552765042966839e-05
RP11-727A23.4,8.546589211659293e-05
IAPP,8.523411362720047e-05
Y_RNA,8.518261640186111e-05
SNX24,8.517430890568903e-05
RP11-733D4.2,8.509928083399288e-05
RNU4ATAC,8.452312872930314e-05
SNORA17,8.451071911396337e-05
RP11-296A18.6,8.447768662515429e-05
AC104532.4,8.440080088004667e-05
RP11-504I13.2,8.422666527813367e-05
HCG4,8.42152389268991e-05
AP001057.1,8.411646718568964e-05
B3GALNT1P1,8.405931719558733e-05
STAG3L2,8.398212067747779e-05
IGHV3OR16-15,8.398023894453644e-05
FAM25G,8.396334904599252e-05
RP11-69I8.2,8.391449310621168e-05
UCMA,8.374718025640267e-05
Y_RNA,8.354320622251573e-05
KCNH3,8.338077515450152e-05
IGLV1-41,8.326220439335484e-05
MIR648,8.305403500576689e-05
SLC45A3,8.291669407938329e-05
CD177P1,8.249731528472017e-05
ZNRF2P1,8.241162338099387e-05
SNORD75,8.240589231486532e-05
RPS10P14,8.235104891947757e-05
RP1-58B11.1,8.204696470334522e-05
MYLK-AS2,8.19984218908048e-05
YY1P1,8.171451389227765e-05
RP11-116O11.1,8.163960044870598e-05
AC069282.6,8.148550930527246e-05
MIR3194,8.138325408214674e-05
MIR4762,8.132028105922848e-05
RP11-568J23.5,8.126745151771606e-05
RP11-196H14.4,8.111418233158174e-05
RP11-104L21.3,8.096173970066074e-05
RPL7AP31,8.05615997503019e-05
RP11-95M5.1,8.021865111688283e-05
RNF26,7.987005579841483e-05
UNC5B-AS1,7.974401137878678e-05
FTCD-AS1,7.968809528437624e-05
FOXE3,7.95826130651621e-05
RPL7L1P8,7.94649607435165e-05
RP11-344A5.1,7.943873094609519e-05
LINC00161,7.92972979063516e-05
RP11-423C15.3,7.926998213432327e-05
CSNK1A1P3,7.892114304464289e-05
RP11-255H23.4,7.87702939669268e-05
RP11-2J18.1,7.849184777030951e-05
RP11-613H2.2,7.846838690740962e-05
CYCSP27,7.840931312149065e-05
RP13-923O23.7,7.821382978052654e-05
AP000708.1,7.819529848217105e-05
FOXG1-AS1,7.784606128039757e-05
RN7SL750P,7.784457189906963e-05
PDE6C,7.722072330816893e-05
GGACT,7.719716628810233e-05
AC104389.1,7.706464811611928e-05
MTCYBP32,7.689242252056013e-05
RP4-646N3.1,7.682602442706994e-05
RP11-25I9.3,7.66062413670315e-05
CWC25,7.658236068976418e-05
RP11-56O18.1,7.640748688442734e-05
ATP5O,7.628288305156786e-05
Y_RNA,7.619030298315304e-05
RP11-399K21.12,7.618694082528936e-05
RP11-413M3.4,7.598480497342911e-05
RP11-439L8.2,7.594210883467722e-05
LINC01282,7.590255014690344e-05
RP11-296O14.1,7.58964694624259e-05
CTC-260E6.7,7.581854641465523e-05
PNPT1P1,7.572284334177284e-05
IPO7P1,7.560583272217726e-05
AL365202.1,7.555249962165301e-05
RP11-876F14.1,7.553723866014817e-05
OSTCP8,7.526905263028114e-05
TSPAN19,7.510049164622693e-05
GAPDHP49,7.498513859855151e-05
RP6-191P20.4,7.485654951563633e-05
MIR548O,7.480849434388243e-05
RP11-34P13.7,7.462079465922055e-05
AC019330.1,7.45066176374313e-05
POU1F1,7.446607375364462e-05
RP11-220I1.2,7.444082438890032e-05
NKILA,7.43973011328663e-05
RP11-42F12.1,7.415089257154354e-05
RP11-27I1.6,7.401902604761134e-05
AC008746.3,7.39830670739577e-05
GTF2H5,7.352211450232274e-05
RP11-197N18.7,7.34996724914471e-05
HNRNPA1P51,7.347360316424372e-05
AC092620.2,7.341376080627956e-05
HNRNPA1P1,7.311088753509405e-05
RP3-486D24.1,7.307768765239353e-05
RP4-704D21.2,7.302228869784343e-05
RGAG1,7.298547633458955e-05
RN7SL399P,7.294968791574509e-05
RP11-58A11.2,7.271877277501349e-05
SNORA57,7.253123075743959e-05
VN1R6P,7.21714649875932e-05
RP11-93G23.2,7.214885881530896e-05
C1orf189,7.206555807777848e-05
RP11-561N12.2,7.127163983018244e-05
NRG3-AS1,7.119002482931281e-05
Metazoa_SRP,7.114750100430422e-05
RP11-407G23.1,7.114343553881338e-05
RP11-628M2.1,7.111521175657301e-05
TMED11P,7.070125994264368e-05
SNORA19,7.063550288794699e-05
NDUFA9P1,7.031902292396766e-05
TTC39DP,7.027057323916221e-05
MIR627,7.014878400100632e-05
RP11-5N11.3,6.993526663913494e-05
CNOT7P1,6.980346996472444e-05
AC009961.2,6.962124653643724e-05
NBEAP1,6.951416525525144e-05
RP1-67K17.4,6.933996611087177e-05
Y_RNA,6.929840729182117e-05
FAM215B,6.920369939771349e-05
SNORD38A,6.902736533158973e-05
RP11-217B7.3,6.891848181209804e-05
RP11-697E14.2,6.885614376641641e-05
RP11-568K15.2,6.879370668512772e-05
MIR1254-1,6.878503732243297e-05
ZER1,6.874826640266763e-05
AC010746.3,6.803637175848359e-05
snoU2-30,6.793696238469389e-05
CTD-2175A23.1,6.785343564169159e-05
EEF1A1P22,6.782572985160418e-05
RPSAP59,6.775589349506527e-05
RPL31P28,6.77464195505587e-05
MTND1P32,6.77388761385155e-05
RP11-364P2.2,6.764202595837e-05
RAC1P5,6.763883672150612e-05
RP11-344B2.3,6.74011872349414e-05
VN1R51P,6.700690065444352e-05
RP1-101G11.3,6.694672227817276e-05
CTD-2311M21.3,6.688930292366632e-05
TAS2R13,6.683028265029951e-05
RP4-533D7.4,6.671607374105047e-05
RP11-216P6.2,6.663130468824586e-05
Y_RNA,6.649422700259641e-05
PGCP1,6.642934081891612e-05
CISTR,6.622674202789701e-05
ZNF468,6.542133767983214e-05
CTD-2332E11.2,6.538483330662068e-05
AC005077.5,6.508665934953671e-05
MTND2P12,6.502516400822881e-05
RPL30P2,6.48920589500342e-05
MIR4505,6.453144266686166e-05
DIRAS1,6.452885292530513e-05
RP11-57H12.2,6.435609369934275e-05
TAS2R30,6.418250281273332e-05
NPM1P35,6.41756464250659e-05
RNU4-55P,6.404378295381883e-05
RP11-35P15.1,6.40101070262486e-05
RPS7P8,6.392718459449301e-05
RPL17P44,6.362753846155256e-05
TMEM185AP1,6.361970728635126e-05
Y_RNA,6.355159249431145e-05
CTC-412M14.6,6.347055021779957e-05
RP11-178F10.1,6.342541452718329e-05
RP11-504P24.9,6.333705360918039e-05
GPR101,6.33003487816742e-05
DNASE2B,6.329327465328897e-05
OR10G7,6.303659984229763e-05
GKN1,6.296192181051882e-05
RP11-749H17.1,6.279769534461183e-05
RNU6-107P,6.274719490340189e-05
RP4-621N11.2,6.253936489815154e-05
AC104306.1,6.216705540619297e-05
RP3-400B16.2,6.216259280566136e-05
IFIT1,6.208227221158305e-05
RP3-514P16.1,6.19755571883004e-05
RP11-287D1.2,6.196997345213821e-05
E2F3P2,6.186978598451663e-05
AC005154.7,6.138057311112159e-05
CTC-412M14.5,6.1018576379580705e-05
RP11-259P15.3,6.080158676292204e-05
FGF12-AS1,6.0643111959844846e-05
U7,6.057541043413017e-05
snoU2-30,6.048638441030981e-05
RP1-197B17.3,6.021705181405991e-05
RP11-562A8.5,6.015131963559648e-05
RBMX2P5,5.9800757823474265e-05
C11orf68,5.952939656829795e-05
CICP11,5.923192446542343e-05
SLC9A2,5.8894299440931824e-05
DKK4,5.864325932949838e-05
CKM,5.862428535811284e-05
AC068491.3,5.8454336259136387e-05
RP11-432B6.1,5.832829268438018e-05
CTB-131K11.1,5.8215851117185164e-05
RP11-10L12.2,5.782104427457149e-05
RP11-34C15.2,5.780753139836179e-05
OR2H2,5.727339249860244e-05
RFC4,5.70555070481166e-05
RP11-286H14.4,5.703314160497984e-05
RP11-451N19.3,5.683537518297934e-05
ZNF284,5.66640039189931e-05
AC008069.2,5.65457109433757e-05
EEF1A1P2,5.650976799281412e-05
RBMXL2,5.638598665871934e-05
SPATA8-AS1,5.6328972616984876e-05
RP11-797A18.6,5.6318184575048556e-05
RNA5SP288,5.6301681824407564e-05
H19_3,5.5673225615008914e-05
RP11-50B3.4,5.5611772926130624e-05
Y_RNA,5.4872593539110716e-05
SCARNA15,5.4861264426208145e-05
NPM1P11,5.438673581554825e-05
CTB-60E11.9,5.42251072856765e-05
SMIM7,5.4038042282471415e-05
AC011525.2,5.399290927826998e-05
AC009518.8,5.3957519489578245e-05
RSU1P3,5.328395961628888e-05
RP11-111M22.2,5.3088353844723986e-05
RP11-165D7.5,5.3049241485603046e-05
RP11-563N6.6,5.297619725925427e-05
RP11-153F1.1,5.2967684508077996e-05
CSRP3,5.269427886583627e-05
CNN2P2,5.2510775478215514e-05
ZDHHC20-IT1,5.230125448884086e-05
RP11-481E4.2,5.211334584121703e-05
NAV2-AS3,5.202434573458772e-05
RP11-163F15.1,5.2005568976066675e-05
RP1-206D15.5,5.1954444731569684e-05
LY6G6C,5.1905903125534425e-05
HMGB1P9,5.176081569956537e-05
RP11-180C1.1,5.174204969671435e-05
CTB-79E8.3,5.16189132329317e-05
RNU6-984P,5.15347195063564e-05
RP1-152L7.5,5.123978996706567e-05
MTCO3P41,5.1195516813739245e-05
HIST1H2APS5,5.104100203605555e-05
RP4-555D20.1,5.0821679516981014e-05
RP11-815I9.5,5.034432430456591e-05
AC007950.2,5.033022607948911e-05
TMEM9B,5.0270227969436946e-05
MIR6775,5.019921551603464e-05
RP1-40G4P.1,5.011763064048623e-05
RP11-324E6.8,5.009901796921618e-05
GPR158,4.998478665052431e-05
LPO,4.985862588112693e-05
RP11-1078H9.6,4.965571844824105e-05
RP11-228G3.1,4.934375566502378e-05
RP11-552C15.1,4.928302916162637e-05
AF127936.3,4.9167125631695685e-05
Y_RNA,4.91399182602867e-05
RP11-160H22.3,4.874894057308525e-05
CTB-186G2.4,4.873346503469242e-05
TAS2R46,4.868934016415964e-05
HNRNPA1P26,4.8667079534544234e-05
RP11-849F2.5,4.853927686432034e-05
HDGFL1,4.8502466924878974e-05
RN7SL393P,4.818532936614288e-05
KRTAP9-4,4.8153465332478263e-05
RPL21P91,4.814083895793808e-05
AC109333.10,4.7828313210532485e-05
RAB39B,4.731823431252906e-05
RP1-121G13.3,4.6777959402179374e-05
IGKV1D-13,4.673429929745583e-05
AMYP1,4.666894014861247e-05
RN7SL165P,4.664040505800153e-05
RP11-16L14.2,4.661158771126143e-05
CTC-343N3.1,4.655968792501675e-05
RP11-56P9.10,4.638179617892749e-05
ZNF602P,4.6344807927541426e-05
LLNLF-158E9.1,4.620221018829677e-05
ACTBP14,4.619091759690245e-05
HMGB1P13,4.618674221400327e-05
PYCARD-AS1,4.611499836645364e-05
RP5-1049G16.4,4.592627392765209e-05
SETP21,4.589367899623201e-05
NANOG,4.5647970691649725e-05
UBE2E1-AS1,4.5415317563667865e-05
PGAM1P12,4.5387718099625896e-05
RP11-517H2.6,4.510175099805241e-05
MTCO2P33,4.49363438768623e-05
RP11-429K17.1,4.49252401260892e-05
NIM1K,4.466476805266995e-05
AC007000.10,4.451523534832366e-05
CDA,4.410873113844854e-05
AC087499.5,4.381037628841735e-05
CTD-2650P22.1,4.371645201775291e-05
STARD6,4.362528436123612e-05
OR10J1,4.358772582527583e-05
RP11-638L3.2,4.336982202098439e-05
RP11-259P6.3,4.335778851223925e-05
RP11-182L7.1,4.326769648617428e-05
RP4-635E18.8,4.314108161443099e-05
RP11-542C10.1,4.3026876686861674e-05
INS,4.201670222987856e-05
ITIH1,4.1814939737207135e-05
RP11-426J5.1,4.1745875680618615e-05
MZT1,4.170411916353767e-05
GAPDHP31,4.1691840914031656e-05
SNAP25-AS1,4.168907631400608e-05
YWHAEP5,4.166319140565601e-05
RP11-310H4.2,4.147512767383813e-05
AC012668.3,4.142574535589811e-05
RP11-478C6.2,4.130815926408793e-05
RP11-629B11.4,4.128882771871162e-05
DEFA5,4.126306342876294e-05
LINC00879,4.110396495178373e-05
KRT33A,4.0755946140667344e-05
RPS20,4.042543207434449e-05
RPSAP17,4.0363256991710904e-05
RP11-543H23.2,4.033521861524277e-05
Y_RNA,4.029061797504513e-05
RP11-494M8.1,4.0289982841577946e-05
RP11-778J16.3,4.003165687048221e-05
PWAR1,3.982869566883346e-05
SNORD115-20,3.951415643756561e-05
SPANXA1,3.927507725175822e-05
RP5-1116H23.5,3.925905144858282e-05
RRP8,3.900790198452884e-05
RNU6ATAC9P,3.859672060964586e-05
LINC01445,3.85442297662594e-05
SSBP1,3.849041704139628e-05
SF3B6,3.8378747734438403e-05
RP11-234B24.6,3.828916994675585e-05
AC020983.5,3.778135556501133e-05
RN7SL810P,3.7678468490936116e-05
NEFHP1,3.7625357569562616e-05
CTD-2369P2.4,3.733682926136123e-05
PSMB1,3.729397855275732e-05
AC009166.5,3.704465198444096e-05
ATP6V1G2-DDX39B,3.6949827857508946e-05
bP-21201H5.1,3.683176864594516e-05
RP11-486B10.4,3.68233935321854e-05
RP3-481A17.1,3.680053282555458e-05
HSPA8P18,3.657131353928769e-05
COX6CP4,3.648501569164145e-05
SNORA35,3.645449385255014e-05
RPL21P116,3.6381302326841834e-05
RPL6P2,3.622920620654233e-05
Y_RNA,3.614575765771689e-05
FTX_1,3.610938333073418e-05
NMB,3.604430252991968e-05
RP11-333E13.2,3.596590545641711e-05
KCNQ1OT1,3.591510122585278e-05
FAM92A1P2,3.590058682352986e-05
AC073133.2,3.5637225882673715e-05
RP6-91H8.1,3.533568069058169e-05
SNORA8,3.532162200466055e-05
VRK3,3.523964811266524e-05
CTB-129P6.4,3.514673728265465e-05
CTD-3233P19.8,3.498896021903103e-05
RP11-395B20.2,3.4496491986899445e-05
MTCYBP18,3.424333489027488e-05
RP11-402L5.1,3.406224062119114e-05
TRGC1,3.404333891976282e-05
KRTAP5-8,3.403188169579626e-05
RP4-591N18.2,3.3968815870065915e-05
H3F3C,3.3876327630990486e-05
FAM170B-AS1,3.36780949079354e-05
ALG14,3.3659517881778617e-05
DCAF15,3.3623324630813374e-05
RP11-433J8.2,3.355478521615998e-05
RPL26P19,3.348389356952701e-05
RP11-640A1.3,3.344608377653221e-05
RNU6-1128P,3.339253666651398e-05
RP11-781P6.1,3.3284826114782656e-05
CTD-2017C7.3,3.2080166050259715e-05
RPL13AP,3.1825591164669105e-05
RP11-24H2.3,3.156984765150814e-05
AC068490.1,3.1342823638947876e-05
CCDC150P1,3.1230738611726974e-05
RP11-202G11.2,3.0859184313237616e-05
RNU6-516P,3.069657009345914e-05
PABPC1P2,3.068153300336893e-05
PPEF1-AS1,3.057423514456183e-05
CTXN3,3.0434952397858343e-05
RP11-413H22.2,3.0310676204963845e-05
RP11-214O14.1,3.0274140826954575e-05
PPP1R2P3,3.0269252251681624e-05
RIPPLY1,3.0107584308404417e-05
LINC00888,2.9994805809680952e-05
RP11-196E1.3,2.977378931590732e-05
MTHFR,2.9566407497223832e-05
AL139333.1,2.9250869417798147e-05
SLC35E2,2.9084642729986795e-05
AL138706.1,2.87370197612386e-05
ACTG1P20,2.8584438747882416e-05
RP11-79M19.2,2.8298991980338535e-05
FABP5P6,2.8271447006093606e-05
RP11-537P22.2,2.8263644385209102e-05
RP11-113D6.10,2.7908970898698418e-05
RP11-83A24.2,2.7873596124063045e-05
PSAT1P4,2.7629043208802634e-05
ARMCX7P,2.742714287281706e-05
RP4-753D10.5,2.716878506085385e-05
AC111200.7,2.7075999202472743e-05
ZNF77,2.7045025821918628e-05
TIMM8A,2.6982087926578162e-05
CEACAMP2,2.6912378474341303e-05
YWHAQP5,2.689514454184815e-05
RP11-380M21.1,2.6648943914331998e-05
RNU6-11P,2.565564558310042e-05
HIGD1AP16,2.52556869028771e-05
NINJ1,2.4982069106943393e-05
KB-1410C5.2,2.4745200389662933e-05
RNY1P2,2.473762117607983e-05
RN7SL121P,2.456274055304298e-05
NANOGP3,2.451325440236265e-05
RN7SL455P,2.4115216969513928e-05
RP11-520P18.1,2.4053725764272666e-05
SUGT1P1,2.3897966736086184e-05
RP11-386B1.1,2.3799803399438526e-05
RP11-805F19.2,2.3738807760773365e-05
RP4-605O3.4,2.339165441600768e-05
COMMD10,2.331661979755573e-05
SNORD115-5,2.2945165664219923e-05
IGHV3-16,2.2923026804194905e-05
RP11-110I1.12,2.2858691787028795e-05
LINC00971,2.276335806752709e-05
CTB-51A17.1,2.2515469663793097e-05
CTD-2296D1.2,2.2466366893012958e-05
RP11-554D20.2,2.244042720815076e-05
LRRC37A16P,2.228602217804854e-05
KB-1254G8.1,2.2030529762684693e-05
TTC21B-AS1,2.1897990115512843e-05
DPY19L2P3,2.186557143696287e-05
LINC00665,2.160361624336641e-05
LINC01151,2.145093265783413e-05
CCDC92,2.141951452383982e-05
RP11-635N19.1,2.070019229648832e-05
CTD-2526A2.4,2.0681384040055634e-05
PSMA3-AS1,2.057898748709243e-05
MRTO4,2.0534138331116713e-05
RP11-426L16.9,2.0393182876963433e-05
ALKBH1,2.0213405459805397e-05
RN7SL134P,2.0205050619998574e-05
RP11-446E24.4,2.0200093735013644e-05
RP11-428L21.1,2.0085870028709445e-05
AC005077.8,2.0078933966094953e-05
CYCSP45,2.0025881952264352e-05
MRPS10,2.0005411704972705e-05
RP3-518E13.2,1.9880902351683404e-05
RP11-138B9.1,1.9701936876302113e-05
RP11-310H4.3,1.9163257403176894e-05
C7orf77,1.907265443379202e-05
RP11-50C13.2,1.8980307967331356e-05
RNU6-25P,1.8899377694999404e-05
MTND4P16,1.8770850485305027e-05
MTCO1P8,1.8512380720834604e-05
RPS15AP27,1.8385181128570043e-05
AC019109.1,1.828605570945919e-05
RNU6-824P,1.827223259729969e-05
CTD-2058B24.2,1.8135805901348373e-05
TMEM74B,1.7880701141362137e-05
BMS1P19,1.786207016224295e-05
SGCG,1.7825579068835495e-05
RP11-216M21.1,1.7709964812133177e-05
RP11-231N9.1,1.7704953572465566e-05
RP11-56P9.6,1.7654835370285706e-05
RP11-370K11.1,1.7514921822100754e-05
RNU1-1,1.70388734815942e-05
RP11-30K9.4,1.695160407656386e-05
OR11H7,1.6586561731352626e-05
BPIFC,1.617018355911179e-05
RP11-452D2.1,1.592797944912547e-05
RP11-365H22.2,1.5873956834292048e-05
AC067945.2,1.5858178134597896e-05
LRRC37A11P,1.542738195050413e-05
BACE1-AS,1.5380743030289116e-05
GMNN,1.5265519171295944e-05
RPL35AP15,1.517922534472605e-05
RP11-174J11.1,1.5100181404288834e-05
CXorf67,1.4810881498352137e-05
RP11-318G8.1,1.4783432921230312e-05
GPN3,1.4570197877856442e-05
AC004593.3,1.4400825315197768e-05
PA2G4P1,1.4306354337873274e-05
FAM187B,1.42597104041177e-05
TIMM9P2,1.409223140450844e-05
RN7SL807P,1.381180636618917e-05
RP11-432I5.8,1.3769114830364001e-05
RP11-643G5.6,1.3761004069031403e-05
RPL21P110,1.3585771164459221e-05
RP11-618N24.1,1.3040623163163902e-05
PPIL3,1.2797158147664052e-05
CYCSP39,1.2644978064564846e-05
RP11-326L9.1,1.2556644942143388e-05
GSG1L2,1.252186883994298e-05
PSG10P,1.2477259788172702e-05
AP000641.1,1.2151657102939887e-05
AMN1,1.1902014244903392e-05
RP11-770G2.2,1.1881570421965896e-05
CMB9-14B22.1,1.1416244769484426e-05
IRF2BPL,1.138629998142769e-05
C14orf166,1.1351170658692663e-05
OR8R1P,1.1093829834251835e-05
RP11-274A11.5,1.1017570647522741e-05
RP11-422P24.9,1.0720529594416812e-05
FABP9,1.0521349606756412e-05
RP4-561L24.3,1.0435806862157797e-05
AC009237.11,1.0297338260452512e-05
RP11-59E19.4,1.0233254477005974e-05
RP11-666F17.1,1.0211499582228557e-05
RP11-648L3.2,1.0170993122313684e-05
RP11-354P11.4,9.922134703024516e-06
LRRC30,9.908889001016557e-06
RP11-220D10.1,9.695598783874649e-06
ZSWIM8-AS1,9.561005286640592e-06
SPATA45,9.102913652386825e-06
RP3-461P17.6,9.078371925751834e-06
NUDT4P1,9.050684227161567e-06
CH17-431G21.1,8.855150214197224e-06
SNORD38,8.666309587613727e-06
RP11-136F16.2,8.570226919602967e-06
KNOP1P2,8.565819968611285e-06
RP11-666F17.2,8.353062306643898e-06
RP11-408J6.1,8.315850865747625e-06
RP11-334A14.2,8.113292040096484e-06
RP5-1055C14.6,8.101156159905188e-06
RP11-344F13.1,7.976890946224535e-06
RP11-158L12.2,7.790004386379694e-06
RPL31P2,7.573839647975355e-06
HSPA8P3,7.564844354286443e-06
PRADC1P1,7.540983120973002e-06
RRP36,7.415470889432642e-06
MARK2P15,7.00446853385924e-06
AC004540.5,6.982445708614448e-06
Metazoa_SRP,6.88656151456224e-06
RPL21P123,6.877882281876645e-06
C2orf78,6.863269070776244e-06
U1,6.795642103255388e-06
AC007743.1,6.788397318353341e-06
RN7SL625P,6.7126270926798e-06
CTA-109P11.1,6.6887796950548665e-06
RPS3P2,6.4512490522927784e-06
ADAMTS15,6.3594404361785725e-06
RP11-351I21.11,6.2365417298243905e-06
DDX10P2,6.215022056743737e-06
ZNF561-AS1,6.10568413933094e-06
RP11-111K18.1,6.0029690652244306e-06
RP11-622J8.1,5.892869644778157e-06
ACTG1P21,5.806041608793834e-06
RNU6-539P,5.743465646492177e-06
RP11-760D2.7,5.5426593002420825e-06
FTH1P5,5.421375519149565e-06
RP11-807E13.2,5.377409664701299e-06
RP11-139G7.1,5.100541687855151e-06
Y_RNA,5.053200118747312e-06
ADGRF5P1,4.966317963900795e-06
RN7SL792P,4.962846292487881e-06
CD177,4.932646360596631e-06
RNA5SP452,4.788216150567341e-06
RP11-303E16.9,4.732970572748683e-06
RP1-199J3.7,4.525179061005267e-06
RP11-718O11.1,4.272357456215246e-06
AC100821.1,4.1024325582996e-06
RP11-400K9.2,3.896257544686893e-06
RPL5P32,3.7845727698060077e-06
RP11-48G14.3,3.6940464129075563e-06
RP11-305E17.4,3.5626597214073853e-06
RPSAP39,3.4963984579895898e-06
CNN2P8,3.275197537716792e-06
CTC-336P14.1,3.2192526849401466e-06
RP11-770J1.7,3.1398351115664677e-06
RP11-270M14.4,3.09757415501521e-06
RP11-626G11.6,3.082248137051182e-06
GPATCH2,2.91408266871143e-06
CTD-2290C23.1,2.552281655253603e-06
OR56A4,2.2014024963989076e-06
RP11-638I2.2,2.065961253901153e-06
RP11-358B23.5,2.023037632700783e-06
CTD-2201E18.3,1.9777370936485468e-06
CTC-479C5.12,1.950975679144129e-06
CTD-3220F14.3,1.948134478933674e-06
RP4-800M22.1,1.8788358073425601e-06
SNORA14B,1.62128677058051e-06
CAP2P1,1.5674980552572287e-06
C6orf58,1.1662178348397957e-06
RP11-168E17.1,1.1284940869321953e-06
SLC2AXP1,1.1134352125477877e-06
RNU6-904P,9.994105107977876e-07
Y_RNA,9.314160302768366e-07
RP1-272E8.2,8.26740766843624e-07
RP11-973N13.2,7.503581010687388e-07
RP11-186N15.3,7.309992310562235e-07
RPS29P22,5.568717058381166e-07
CSF2,3.8812049158774456e-07
AC012146.7,3.490815737490923e-07
AGAP10P,1.6877801845575216e-07
RP11-347N5.3,1.3819420196468489e-07
